b29tip
1.000000 0.000000
0.999887 0.000007
0.999549 0.000029
0.998985 0.000065
0.998196 0.000116
0.997182 0.000182
0.995944 0.000263
0.994483 0.000360
0.992798 0.000472
0.990891 0.000600
0.988762 0.000745
0.986413 0.000907
0.983845 0.001086
0.981059 0.001283
0.978055 0.001499
0.974837 0.001734
0.971404 0.001987
0.967759 0.002261
0.963904 0.002556
0.959839 0.002871
0.955568 0.003208
0.951091 0.003567
0.946411 0.003949
0.941531 0.004357
0.936451 0.004792
0.931176 0.005254
0.925706 0.005746
0.920046 0.006267
0.914197 0.006818
0.908163 0.007400
0.901947 0.008015
0.895552 0.008663
0.888979 0.009347
0.882233 0.010067
0.875315 0.010824
0.868230 0.011616
0.860980 0.012443
0.853568 0.013303
0.845999 0.014196
0.838274 0.015120
0.830398 0.016074
0.822374 0.017054
0.814206 0.018059
0.805897 0.019087
0.797450 0.020135
0.788872 0.021218
0.780165 0.022340
0.771334 0.023497
0.762382 0.024686
0.753312 0.025904
0.744129 0.027146
0.734836 0.028409
0.725437 0.029688
0.715934 0.030979
0.706334 0.032275
0.696638 0.033575
0.686853 0.034897
0.676986 0.036244
0.667038 0.037610
0.657014 0.038988
0.646918 0.040370
0.636753 0.041750
0.626523 0.043119
0.616231 0.044471
0.605882 0.045797
0.595479 0.047093
0.585030 0.048392
0.574538 0.049693
0.564010 0.050987
0.553448 0.052263
0.542856 0.053510
0.532240 0.054720
0.521603 0.055881
0.510950 0.056984
0.500285 0.058018
0.489613 0.059033
0.478938 0.060076
0.468266 0.061118
0.457602 0.062129
0.446951 0.063081
0.436318 0.063946
0.425707 0.064695
0.415124 0.065301
0.404574 0.065737
0.394060 0.066007
0.383585 0.066243
0.373154 0.066462
0.362774 0.066660
0.352449 0.066835
0.342187 0.066985
0.331993 0.067106
0.321872 0.067198
0.311831 0.067257
0.301875 0.067282
0.292008 0.067197
0.282229 0.066887
0.272547 0.066416
0.262969 0.065854
0.253500 0.065263
0.244147 0.064665
0.234908 0.063949
0.225790 0.063129
0.216799 0.062233
0.207939 0.061290
0.199217 0.060323
0.190633 0.059303
0.182190 0.058207
0.173893 0.057052
0.165747 0.055850
0.157758 0.054615
0.149929 0.053359
0.142263 0.052070
0.134759 0.050734
0.127422 0.049360
0.120256 0.047961
0.113265 0.046543
0.106453 0.045116
0.099823 0.043689
0.093376 0.042241
0.087117 0.040755
0.081054 0.039241
0.075191 0.037706
0.069526 0.036157
0.064056 0.034593
0.058792 0.033013
0.053742 0.031419
0.048913 0.029812
0.044281 0.028209
0.039852 0.026610
0.035640 0.025012
0.031657 0.023414
0.027912 0.021817
0.024410 0.020225
0.021137 0.018606
0.018095 0.016973
0.015288 0.015360
0.012720 0.013794
0.010337 0.012288
0.008242 0.010779
0.006510 0.009209
0.004822 0.007615
0.003320 0.006084
0.002106 0.004677
0.001212 0.003434
0.000615 0.002376
0.000262 0.001513
0.000086 0.000846
0.000017 0.000374
0.000001 0.000093
0.000000 0.000000
0.000001 -0.000094
0.000018 -0.000378
0.000088 -0.000864
0.000267 -0.001564
0.000622 -0.002486
0.001215 -0.003625
0.002086 -0.004952
0.003234 -0.006396
0.004593 -0.007832
0.006331 -0.008974
0.008458 -0.009909
0.010873 -0.010739
0.013529 -0.011505
0.016411 -0.012264
0.019525 -0.013007
0.022864 -0.013705
0.026419 -0.014325
0.030195 -0.014913
0.034191 -0.015482
0.038404 -0.016023
0.042827 -0.016530
0.047456 -0.016996
0.052281 -0.017414
0.057310 -0.017795
0.062541 -0.018144
0.067968 -0.018469
0.073587 -0.018779
0.079393 -0.019084
0.085385 -0.019376
0.091563 -0.019652
0.097921 -0.019907
0.104458 -0.020144
0.111169 -0.020373
0.118054 -0.020595
0.125107 -0.020808
0.132326 -0.021011
0.139708 -0.021203
0.147249 -0.021381
0.154946 -0.021548
0.162795 -0.021710
0.170794 -0.021866
0.178938 -0.022011
0.187223 -0.022141
0.195647 -0.022252
0.204205 -0.022341
0.212894 -0.022425
0.221709 -0.022502
0.230647 -0.022569
0.239704 -0.022621
0.248875 -0.022654
0.258157 -0.022671
0.267546 -0.022687
0.277036 -0.022699
0.286625 -0.022708
0.296307 -0.022712
0.306078 -0.022712
0.315935 -0.022709
0.325872 -0.022704
0.335886 -0.022697
0.345972 -0.022688
0.356124 -0.022677
0.366340 -0.022666
0.376614 -0.022654
0.386942 -0.022641
0.397318 -0.022628
0.407740 -0.022616
0.418201 -0.022602
0.428697 -0.022588
0.439225 -0.022573
0.449777 -0.022555
0.460352 -0.022536
0.470942 -0.022514
0.481544 -0.022489
0.492154 -0.022461
0.502765 -0.022428
0.513375 -0.022382
0.523977 -0.022319
0.534567 -0.022242
0.545141 -0.022152
0.555694 -0.022051
0.566220 -0.021941
0.576716 -0.021825
0.587177 -0.021704
0.597597 -0.021580
0.607973 -0.021450
0.618300 -0.021305
0.628573 -0.021146
0.638787 -0.020974
0.648939 -0.020789
0.659023 -0.020591
0.669035 -0.020383
0.678970 -0.020164
0.688823 -0.019936
0.698591 -0.019699
0.708269 -0.019448
0.717854 -0.019174
0.727340 -0.018878
0.736724 -0.018565
0.746001 -0.018234
0.755167 -0.017890
0.764218 -0.017532
0.773149 -0.017164
0.781957 -0.016787
0.790637 -0.016404
0.799185 -0.016015
0.807599 -0.015614
0.815874 -0.015194
0.824007 -0.014757
0.831995 -0.014306
0.839833 -0.013843
0.847518 -0.013372
0.855048 -0.012895
0.862417 -0.012414
0.869624 -0.011932
0.876664 -0.011450
0.883535 -0.010970
0.890234 -0.010495
0.896758 -0.010025
0.903103 -0.009561
0.909268 -0.009093
0.915250 -0.008620
0.921045 -0.008146
0.926651 -0.007672
0.932066 -0.007201
0.937287 -0.006733
0.942311 -0.006272
0.947137 -0.005819
0.951762 -0.005375
0.956185 -0.004938
0.960404 -0.004510
0.964417 -0.004093
0.968223 -0.003688
0.971819 -0.003298
0.975205 -0.002924
0.978380 -0.002567
0.981341 -0.002230
0.984087 -0.001912
0.986618 -0.001617
0.988933 -0.001343
0.991030 -0.001093
0.992908 -0.000868
0.994568 -0.000667
0.996007 -0.000491
0.997226 -0.000342
0.998224 -0.000219
0.999001 -0.000124
0.999556 -0.000055
0.999889 -0.000014
1.000000 0.000000