b540ols
1.000000 0.002050
0.999887 0.002057
0.999549 0.002079
0.998986 0.002116
0.998198 0.002168
0.997186 0.002234
0.995949 0.002314
0.994489 0.002410
0.992806 0.002520
0.990900 0.002644
0.988774 0.002783
0.986427 0.002937
0.983860 0.003105
0.981076 0.003287
0.978075 0.003484
0.974858 0.003695
0.971427 0.003921
0.967783 0.004161
0.963928 0.004415
0.959864 0.004683
0.955593 0.004965
0.951116 0.005260
0.946435 0.005568
0.941552 0.005889
0.936471 0.006223
0.931192 0.006569
0.925718 0.006927
0.920052 0.007299
0.914197 0.007683
0.908154 0.008079
0.901926 0.008489
0.895517 0.008911
0.888929 0.009346
0.882165 0.009792
0.875228 0.010249
0.868121 0.010717
0.860848 0.011197
0.853411 0.011687
0.845814 0.012187
0.838060 0.012697
0.830152 0.013216
0.822095 0.013744
0.813891 0.014281
0.805545 0.014829
0.797060 0.015387
0.788440 0.015955
0.779688 0.016532
0.770810 0.017117
0.761807 0.017708
0.752685 0.018305
0.743448 0.018911
0.734099 0.019524
0.724644 0.020147
0.715085 0.020777
0.705428 0.021413
0.695676 0.022054
0.685835 0.022700
0.675907 0.023350
0.665898 0.024007
0.655813 0.024671
0.645655 0.025340
0.635429 0.026014
0.625140 0.026691
0.614793 0.027369
0.604391 0.028050
0.593939 0.028736
0.583443 0.029427
0.572907 0.030122
0.562335 0.030818
0.551733 0.031515
0.541104 0.032211
0.530454 0.032910
0.519787 0.033611
0.509109 0.034315
0.498423 0.035019
0.487736 0.035722
0.477050 0.036423
0.466371 0.037122
0.455704 0.037822
0.445055 0.038523
0.434426 0.039224
0.423824 0.039922
0.413252 0.040619
0.402716 0.041316
0.392220 0.042003
0.381767 0.042675
0.371364 0.043340
0.361014 0.043987
0.350721 0.044596
0.340489 0.045160
0.330322 0.045680
0.320227 0.046161
0.310206 0.046608
0.300265 0.047008
0.290409 0.047363
0.280641 0.047667
0.270966 0.047930
0.261389 0.048160
0.251915 0.048329
0.242547 0.048448
0.233290 0.048519
0.224149 0.048550
0.215127 0.048518
0.206229 0.048439
0.197460 0.048319
0.188823 0.048130
0.180322 0.047886
0.171964 0.047606
0.163749 0.047258
0.155684 0.046856
0.147772 0.046418
0.140017 0.045911
0.132424 0.045357
0.124996 0.044741
0.117737 0.044074
0.110652 0.043356
0.103742 0.042584
0.097014 0.041758
0.090471 0.040877
0.084116 0.039940
0.077955 0.038948
0.071987 0.037913
0.066220 0.036832
0.060657 0.035690
0.055305 0.034492
0.050163 0.033243
0.045238 0.031949
0.040532 0.030606
0.036056 0.029205
0.031809 0.027752
0.027800 0.026250
0.024035 0.024695
0.020528 0.023075
0.017274 0.021412
0.014286 0.019712
0.011588 0.017949
0.009171 0.016148
0.007013 0.014323
0.005165 0.012492
0.003906 0.010626
0.002823 0.008754
0.001909 0.006970
0.001195 0.005341
0.000680 0.003910
0.000343 0.002699
0.000145 0.001714
0.000047 0.000958
0.000009 0.000423
0.000001 0.000105
0.000000 0.000000
0.000001 -0.000105
0.000009 -0.000423
0.000047 -0.000958
0.000145 -0.001714
0.000343 -0.002699
0.000680 -0.003910
0.001195 -0.005341
0.001909 -0.006970
0.002823 -0.008754
0.003906 -0.010626
0.005165 -0.012492
0.007013 -0.014323
0.009171 -0.016148
0.011588 -0.017949
0.014286 -0.019712
0.017274 -0.021412
0.020528 -0.023075
0.024035 -0.024695
0.027800 -0.026250
0.031809 -0.027752
0.036056 -0.029205
0.040532 -0.030606
0.045238 -0.031949
0.050163 -0.033243
0.055305 -0.034492
0.060657 -0.035690
0.066220 -0.036832
0.071987 -0.037913
0.077955 -0.038948
0.084116 -0.039940
0.090471 -0.040877
0.097014 -0.041758
0.103742 -0.042584
0.110652 -0.043356
0.117737 -0.044074
0.124996 -0.044741
0.132424 -0.045357
0.140017 -0.045911
0.147772 -0.046418
0.155684 -0.046856
0.163749 -0.047258
0.171964 -0.047606
0.180322 -0.047886
0.188823 -0.048130
0.197460 -0.048319
0.206229 -0.048439
0.215127 -0.048518
0.224149 -0.048550
0.233290 -0.048519
0.242547 -0.048448
0.251915 -0.048329
0.261389 -0.048160
0.270966 -0.047930
0.280641 -0.047667
0.290409 -0.047363
0.300265 -0.047008
0.310206 -0.046608
0.320227 -0.046161
0.330322 -0.045680
0.340489 -0.045160
0.350721 -0.044596
0.361014 -0.043987
0.371364 -0.043340
0.381767 -0.042675
0.392220 -0.042003
0.402716 -0.041316
0.413252 -0.040619
0.423824 -0.039922
0.434426 -0.039224
0.445055 -0.038523
0.455704 -0.037822
0.466371 -0.037122
0.477050 -0.036423
0.487736 -0.035722
0.498423 -0.035019
0.509109 -0.034315
0.519787 -0.033611
0.530454 -0.032910
0.541104 -0.032211
0.551733 -0.031515
0.562335 -0.030818
0.572907 -0.030122
0.583443 -0.029427
0.593939 -0.028736
0.604391 -0.028050
0.614793 -0.027369
0.625140 -0.026691
0.635429 -0.026014
0.645655 -0.025340
0.655813 -0.024671
0.665898 -0.024007
0.675907 -0.023350
0.685835 -0.022700
0.695676 -0.022054
0.705428 -0.021413
0.715085 -0.020777
0.724644 -0.020147
0.734099 -0.019524
0.743448 -0.018911
0.752685 -0.018305
0.761807 -0.017708
0.770810 -0.017117
0.779688 -0.016532
0.788440 -0.015955
0.797060 -0.015387
0.805545 -0.014829
0.813891 -0.014281
0.822095 -0.013744
0.830152 -0.013216
0.838060 -0.012697
0.845814 -0.012187
0.853411 -0.011687
0.860848 -0.011197
0.868121 -0.010717
0.875228 -0.010249
0.882165 -0.009792
0.888929 -0.009346
0.895517 -0.008911
0.901926 -0.008489
0.908154 -0.008079
0.914197 -0.007683
0.920052 -0.007299
0.925718 -0.006927
0.931192 -0.006569
0.936471 -0.006223
0.941552 -0.005889
0.946435 -0.005568
0.951116 -0.005260
0.955593 -0.004965
0.959864 -0.004683
0.963928 -0.004415
0.967783 -0.004161
0.971427 -0.003921
0.974858 -0.003695
0.978075 -0.003484
0.981076 -0.003287
0.983860 -0.003105
0.986427 -0.002937
0.988774 -0.002783
0.990900 -0.002644
0.992806 -0.002520
0.994489 -0.002410
0.995949 -0.002314
0.997186 -0.002234
0.998198 -0.002168
0.998986 -0.002116
0.999549 -0.002079
0.999887 -0.002057
1.000000 -0.002050