b707d
707.000000 0.540000
706.920613 0.539820
706.682488 0.539279
706.285736 0.538379
705.730540 0.537122
705.017158 0.535509
704.145918 0.533544
703.117225 0.531229
701.931553 0.528569
700.589451 0.525570
699.091540 0.522235
697.438512 0.518571
695.631130 0.514584
693.670230 0.510281
691.556716 0.505671
689.291564 0.500759
686.875820 0.495556
684.310598 0.490071
681.597080 0.484311
678.736516 0.478288
675.730225 0.472012
672.579590 0.465493
669.286060 0.458741
665.851151 0.451769
662.276441 0.444588
658.563573 0.437209
654.714250 0.429644
650.730238 0.421906
646.613365 0.414008
642.365516 0.405960
637.988637 0.397777
633.484730 0.389470
628.855855 0.381053
624.104126 0.372539
619.231714 0.363939
614.240840 0.355267
609.133780 0.346535
603.912861 0.337756
598.580460 0.328943
593.139000 0.320107
587.590956 0.311260
581.938847 0.302416
576.185237 0.293584
570.332734 0.284777
564.383989 0.276006
558.341696 0.267282
552.208585 0.258615
545.987430 0.250015
539.681037 0.241492
533.292253 0.233056
526.823956 0.224716
520.279059 0.216481
513.660508 0.208358
506.971278 0.200356
500.214374 0.192482
493.392829 0.184744
486.509702 0.177147
479.568078 0.169697
472.571065 0.162402
465.521793 0.155264
458.423414 0.148291
451.279100 0.141484
444.092038 0.134849
436.865435 0.128389
429.602512 0.122107
422.306503 0.116004
414.980656 0.110083
407.628228 0.104346
400.252488 0.098793
392.856712 0.093426
385.444181 0.088244
378.018184 0.083247
370.582013 0.078436
363.138963 0.073808
355.692328 0.069364
348.245403 0.065100
340.801483 0.061016
333.363857 0.057109
325.935811 0.053376
318.520625 0.049815
311.121572 0.046423
303.741915 0.043196
296.384909 0.040131
289.053796 0.037223
281.751806 0.034471
274.482155 0.031868
267.248043 0.029411
260.052654 0.027095
252.899152 0.024917
245.790685 0.022870
238.730377 0.020952
231.721332 0.019156
224.766629 0.017478
217.869325 0.015914
211.032448 0.014458
204.259000 0.013106
197.551956 0.011853
190.914259 0.010694
184.348824 0.009624
177.858531 0.008639
171.446228 0.007734
165.114729 0.006905
158.866811 0.006147
152.705214 0.005455
146.632643 0.004827
140.651760 0.004257
134.765188 0.003741
128.975511 0.003277
123.285265 0.002859
117.696949 0.002485
112.213012 0.002151
106.835860 0.001854
101.567851 0.001591
96.411297 0.001359
91.368458 0.001155
86.441549 0.000976
81.632729 0.000820
76.944110 0.000685
72.377747 0.000569
67.935646 0.000469
63.619755 0.000384
59.431969 0.000312
55.374126 0.000252
51.448007 0.000201
47.655336 0.000159
43.997778 0.000124
40.476940 0.000096
37.094368 0.000074
33.851546 0.000056
30.749901 0.000041
27.790793 0.000030
24.975524 0.000022
22.305331 0.000015
19.781386 0.000010
17.404799 0.000007
15.176615 0.000004
13.097813 0.000003
11.169307 0.000002
9.391944 0.000001
7.766506 0.000000
6.293708 0.000000
4.974198 0.000000
3.808555 0.000000
2.797292 0.000000
1.940855 0.000000
1.239619 0.000000
0.694825 0.043344
0.303078 0.062780
0.069321 0.036767
0.000000 0.003000
0.000001 0.002725
0.000020 0.001948
0.000098 0.000802
0.000298 -0.000515
0.000691 -0.001782
0.001343 -0.002808
0.002291 -0.003505
0.003524 -0.003966
0.004947 -0.004567
0.006882 -0.005356
0.009145 -0.005923
0.011660 -0.006379
0.014395 -0.006684
0.017360 -0.006922
0.020548 -0.007125
0.023951 -0.007331
0.027557 -0.007573
0.031371 -0.007827
0.035393 -0.008087
0.039621 -0.008356
0.044053 -0.008633
0.048686 -0.008919
0.053519 -0.009216
0.058550 -0.009522
0.063776 -0.009835
0.069195 -0.010153
0.074805 -0.010472
0.080604 -0.010786
0.086589 -0.011094
0.092757 -0.011410
0.099105 -0.011750
0.105627 -0.012126
0.112323 -0.012532
0.119189 -0.012963
0.126224 -0.013413
0.133422 -0.013875
0.140784 -0.014340
0.148304 -0.014800
0.155981 -0.015248
0.163811 -0.015691
0.171790 -0.016135
0.179913 -0.016582
0.188178 -0.017037
0.196580 -0.017506
0.205115 -0.017997
0.213779 -0.018517
0.222569 -0.019054
0.231481 -0.019590
0.240513 -0.020106
0.249661 -0.020583
0.258921 -0.021027
0.268290 -0.021456
0.277761 -0.021865
0.287332 -0.022248
0.296996 -0.022599
0.306751 -0.022928
0.316591 -0.023272
0.326513 -0.023624
0.336511 -0.023972
0.346582 -0.024305
0.356720 -0.024611
0.366922 -0.024876
0.377182 -0.025088
0.387496 -0.025233
0.397859 -0.025298
0.408268 -0.025298
0.418717 -0.025288
0.429203 -0.025272
0.439719 -0.025249
0.450262 -0.025219
0.460825 -0.025183
0.471405 -0.025141
0.481995 -0.025093
0.492590 -0.025040
0.503185 -0.024975
0.513777 -0.024802
0.524361 -0.024504
0.534931 -0.024107
0.545484 -0.023632
0.556015 -0.023104
0.566520 -0.022544
0.576994 -0.021976
0.587432 -0.021421
0.597830 -0.020902
0.608183 -0.020412
0.618487 -0.019905
0.628736 -0.019384
0.638926 -0.018852
0.649053 -0.018313
0.659113 -0.017774
0.669101 -0.017236
0.679013 -0.016704
0.688845 -0.016182
0.698592 -0.015673
0.708251 -0.015177
0.717816 -0.014689
0.727284 -0.014209
0.736650 -0.013736
0.745909 -0.013269
0.755059 -0.012806
0.764094 -0.012349
0.773010 -0.011895
0.781805 -0.011444
0.790472 -0.010997
0.799010 -0.010552
0.807413 -0.010109
0.815679 -0.009667
0.823803 -0.009229
0.831782 -0.008796
0.839613 -0.008369
0.847291 -0.007948
0.854815 -0.007536
0.862180 -0.007133
0.869383 -0.006741
0.876421 -0.006359
0.883290 -0.005988
0.889989 -0.005629
0.896514 -0.005283
0.902861 -0.004950
0.909029 -0.004628
0.915014 -0.004316
0.920813 -0.004014
0.926425 -0.003724
0.931846 -0.003444
0.937075 -0.003175
0.942108 -0.002917
0.946944 -0.002669
0.951580 -0.002432
0.956014 -0.002207
0.960245 -0.001992
0.964271 -0.001788
0.968089 -0.001595
0.971698 -0.001413
0.975096 -0.001242
0.978283 -0.001082
0.981256 -0.000933
0.984014 -0.000795
0.986555 -0.000668
0.988880 -0.000552
0.990987 -0.000447
0.992874 -0.000354
0.994541 -0.000271
0.995987 -0.000199
0.997212 -0.000138
0.998215 -0.000088
0.998996 -0.000050
0.999554 -0.000022
0.999888 -0.000006
1.000000 0.000000