b707b
707.000000 0.190000
706.920900 0.189937
706.683635 0.189746
706.288313 0.189430
705.735116 0.188987
705.024295 0.188420
704.156174 0.187728
703.131151 0.186914
701.949692 0.185978
700.612336 0.184923
699.119694 0.183749
697.472445 0.182460
695.671341 0.181057
693.717202 0.179543
691.610920 0.177921
689.353454 0.176193
686.945831 0.174362
684.389149 0.172432
681.684571 0.170406
678.833329 0.168286
675.836718 0.166078
672.696102 0.163784
669.412910 0.161409
665.988632 0.158956
662.424826 0.156429
658.723108 0.153832
654.885161 0.151171
650.912724 0.148448
646.807601 0.145669
642.571652 0.142837
638.206797 0.139958
633.715013 0.137035
629.098334 0.134074
624.358849 0.131078
619.498703 0.128052
614.520091 0.125001
609.425265 0.121928
604.216526 0.118839
598.896224 0.115738
593.466760 0.112629
587.930583 0.109517
582.290188 0.106405
576.548116 0.103297
570.706952 0.100199
564.769325 0.097113
558.737905 0.094043
552.615404 0.090993
546.404572 0.087967
540.108198 0.084969
533.729107 0.082000
527.270162 0.079066
520.734256 0.076168
514.124320 0.073310
507.443312 0.070495
500.694223 0.067724
493.880073 0.065001
487.003907 0.062328
480.068798 0.059707
473.077844 0.057140
466.034165 0.054629
458.940904 0.052175
451.801224 0.049781
444.618308 0.047446
437.395356 0.045173
430.135584 0.042963
422.842222 0.040815
415.518517 0.038732
408.167723 0.036713
400.793110 0.034760
393.397952 0.032871
385.985535 0.031048
378.559148 0.029290
371.122087 0.027597
363.677650 0.025969
356.229139 0.024405
348.779855 0.022905
341.333097 0.021468
333.892165 0.020093
326.460353 0.018780
319.040950 0.017527
311.637238 0.016333
304.252494 0.015198
296.889982 0.014119
289.552958 0.013097
282.244664 0.012128
274.968329 0.011212
267.727169 0.010348
260.524380 0.009533
253.363143 0.008766
246.246620 0.008046
239.177953 0.007371
232.160260 0.006740
225.196638 0.006149
218.290158 0.005599
211.443869 0.005087
204.660789 0.004611
197.943909 0.004170
191.296191 0.003762
184.720567 0.003386
178.219934 0.003039
171.797160 0.002721
165.455075 0.002429
159.196474 0.002163
153.024117 0.001919
146.940723 0.001698
140.948973 0.001498
135.051509 0.001316
129.250929 0.001153
123.549790 0.001006
117.950605 0.000874
112.455840 0.000757
107.067918 0.000652
101.789213 0.000560
96.622052 0.000478
91.568712 0.000406
86.631420 0.000343
81.812354 0.000289
77.113637 0.000241
72.537340 0.000200
68.085482 0.000165
63.760024 0.000135
59.562875 0.000110
55.495884 0.000089
51.560845 0.000071
47.759494 0.000056
44.093507 0.000044
40.564501 0.000034
37.174032 0.000026
33.923596 0.000020
30.814627 0.000014
27.848496 0.000011
25.026513 0.000008
22.349923 0.000005
19.819905 0.000004
17.437578 0.000002
15.203992 0.000002
13.120133 0.000001
11.186921 0.000001
9.405208 0.000000
7.775783 0.000000
6.299363 0.000000
4.976601 0.000000
3.808080 0.000000
2.794316 0.000000
1.935758 0.000000
1.232784 0.000000
0.686272 0.034009
0.295288 0.061839
0.060926 0.043306
0.000000 0.000000
0.000001 -0.000286
0.000018 -0.001097
0.000090 -0.002293
0.000275 -0.003672
0.000638 -0.005006
0.001236 -0.006100
0.002103 -0.006865
0.003219 -0.007403
0.004490 -0.008111
0.005756 -0.009668
0.007237 -0.011533
0.009293 -0.012870
0.011932 -0.013967
0.014694 -0.015194
0.017631 -0.016532
0.020778 -0.017922
0.024150 -0.019303
0.027761 -0.020629
0.031602 -0.021976
0.035671 -0.023332
0.039964 -0.024672
0.044479 -0.025964
0.049209 -0.027170
0.054159 -0.028252
0.059348 -0.029218
0.064760 -0.030125
0.070369 -0.031050
0.076144 -0.032087
0.082075 -0.033291
0.088175 -0.034599
0.094457 -0.035916
0.100935 -0.037129
0.107610 -0.038224
0.114473 -0.039271
0.121517 -0.040282
0.128735 -0.041270
0.136120 -0.042253
0.143665 -0.043248
0.151361 -0.044278
0.159206 -0.045346
0.167201 -0.046432
0.175343 -0.047524
0.183629 -0.048608
0.192057 -0.049667
0.200626 -0.050686
0.209332 -0.051667
0.218170 -0.052627
0.227135 -0.053562
0.236225 -0.054467
0.245432 -0.055337
0.254753 -0.056185
0.264184 -0.057129
0.273721 -0.058097
0.283361 -0.058958
0.293100 -0.059571
0.302935 -0.059795
0.312862 -0.059842
0.322876 -0.059884
0.332971 -0.059921
0.343143 -0.059951
0.353385 -0.059976
0.363691 -0.059996
0.374057 -0.060011
0.384476 -0.060021
0.394943 -0.060026
0.405451 -0.060021
0.416000 -0.059956
0.426586 -0.059824
0.437203 -0.059631
0.447845 -0.059387
0.458507 -0.059099
0.469184 -0.058775
0.479870 -0.058424
0.490560 -0.058053
0.501247 -0.057672
0.511928 -0.057221
0.522601 -0.056644
0.533260 -0.055960
0.543899 -0.055186
0.554514 -0.054342
0.565098 -0.053445
0.575648 -0.052514
0.586157 -0.051567
0.596621 -0.050621
0.607035 -0.049687
0.617398 -0.048744
0.627706 -0.047788
0.637954 -0.046820
0.648139 -0.045841
0.658254 -0.044852
0.668296 -0.043852
0.678261 -0.042843
0.688143 -0.041825
0.697938 -0.040799
0.707643 -0.039766
0.717252 -0.038726
0.726762 -0.037681
0.736168 -0.036631
0.745466 -0.035576
0.754652 -0.034519
0.763722 -0.033460
0.772672 -0.032400
0.781498 -0.031339
0.790196 -0.030279
0.798762 -0.029221
0.807193 -0.028165
0.815484 -0.027114
0.823633 -0.026067
0.831634 -0.025026
0.839486 -0.023992
0.847185 -0.022967
0.854727 -0.021950
0.862108 -0.020944
0.869326 -0.019949
0.876378 -0.018967
0.883260 -0.017998
0.889970 -0.017044
0.896504 -0.016106
0.902860 -0.015184
0.909034 -0.014281
0.915025 -0.013397
0.920830 -0.012533
0.926446 -0.011689
0.931870 -0.010869
0.937101 -0.010071
0.942136 -0.009298
0.946972 -0.008549
0.951609 -0.007827
0.956043 -0.007132
0.960274 -0.006464
0.964298 -0.005826
0.968115 -0.005217
0.971722 -0.004638
0.975119 -0.004091
0.978304 -0.003575
0.981274 -0.003092
0.984030 -0.002642
0.986570 -0.002226
0.988892 -0.001844
0.990997 -0.001497
0.992882 -0.001185
0.994547 -0.000909
0.995992 -0.000669
0.997216 -0.000465
0.998217 -0.000298
0.998997 -0.000168
0.999554 -0.000075
0.999889 -0.000019
1.000000 -0.000000