bacxxx
1.000000 0.000400
0.999889 0.000426
0.999557 0.000504
0.999004 0.000633
0.998229 0.000814
0.997233 0.001046
0.996018 0.001329
0.994582 0.001663
0.992927 0.002046
0.991053 0.002479
0.988961 0.002960
0.986652 0.003490
0.984126 0.004066
0.981386 0.004689
0.978431 0.005357
0.975263 0.006069
0.971883 0.006825
0.968293 0.007622
0.964493 0.008460
0.960486 0.009337
0.956273 0.010252
0.951856 0.011203
0.947236 0.012189
0.942416 0.013213
0.937397 0.014271
0.932181 0.015362
0.926770 0.016483
0.921167 0.017629
0.915373 0.018798
0.909390 0.019984
0.903221 0.021184
0.896867 0.022393
0.890331 0.023617
0.883617 0.024853
0.876725 0.026098
0.869661 0.027350
0.862427 0.028606
0.855027 0.029863
0.847463 0.031118
0.839738 0.032372
0.831856 0.033626
0.823819 0.034875
0.815631 0.036118
0.807297 0.037349
0.798821 0.038567
0.790206 0.039779
0.781454 0.040985
0.772570 0.042175
0.763558 0.043341
0.754422 0.044473
0.745164 0.045562
0.735787 0.046616
0.726298 0.047639
0.716701 0.048637
0.707001 0.049612
0.697206 0.050571
0.687317 0.051514
0.677339 0.052439
0.667277 0.053339
0.657134 0.054210
0.646916 0.055050
0.636628 0.055868
0.626272 0.056664
0.615855 0.057427
0.605381 0.058149
0.594855 0.058823
0.584280 0.059456
0.573662 0.060057
0.563006 0.060630
0.552319 0.061183
0.541605 0.061719
0.530867 0.062238
0.520113 0.062737
0.509345 0.063211
0.498569 0.063658
0.487789 0.064083
0.477012 0.064490
0.466240 0.064874
0.455480 0.065230
0.444735 0.065559
0.434012 0.065880
0.423314 0.066182
0.412647 0.066449
0.402015 0.066666
0.391422 0.066839
0.380875 0.067000
0.370376 0.067139
0.359932 0.067242
0.349547 0.067302
0.339226 0.067335
0.328973 0.067362
0.318793 0.067383
0.308691 0.067396
0.298672 0.067399
0.288738 0.067334
0.278896 0.067186
0.269149 0.066981
0.259504 0.066744
0.249964 0.066499
0.240533 0.066220
0.231213 0.065873
0.222012 0.065470
0.212936 0.065019
0.203989 0.064531
0.195176 0.063999
0.186498 0.063376
0.177960 0.062671
0.169567 0.061904
0.161324 0.061090
0.153236 0.060247
0.145306 0.059369
0.137538 0.058394
0.129941 0.057336
0.122522 0.056214
0.115282 0.054997
0.108222 0.053703
0.101348 0.052368
0.094655 0.051020
0.088140 0.049644
0.081827 0.048210
0.075736 0.046694
0.069872 0.045061
0.064222 0.043316
0.058786 0.041508
0.053564 0.039682
0.048557 0.037872
0.043763 0.036036
0.039207 0.034150
0.034910 0.032206
0.030855 0.030203
0.027032 0.028199
0.023431 0.026234
0.020083 0.024252
0.017015 0.022210
0.014273 0.020114
0.011788 0.018016
0.009534 0.015961
0.007525 0.013975
0.005765 0.012080
0.004247 0.010281
0.002977 0.008539
0.001968 0.006906
0.001180 0.005396
0.000595 0.004038
0.000320 0.002829
0.000145 0.001806
0.000049 0.001008
0.000010 0.000444
0.000001 0.000110
0.000000 0.000000
0.000003 -0.000110
0.000043 -0.000441
0.000191 -0.000988
0.000473 -0.001730
0.000945 -0.002619
0.001719 -0.003578
0.002803 -0.004531
0.004239 -0.005407
0.005928 -0.006255
0.007849 -0.007131
0.010013 -0.008025
0.012414 -0.008923
0.015037 -0.009812
0.017901 -0.010642
0.020994 -0.011468
0.024296 -0.012329
0.027821 -0.013157
0.031565 -0.013981
0.035523 -0.014803
0.039688 -0.015628
0.044065 -0.016445
0.048647 -0.017263
0.053430 -0.018092
0.058412 -0.018930
0.063592 -0.019780
0.068966 -0.020644
0.074530 -0.021526
0.080282 -0.022429
0.086220 -0.023349
0.092342 -0.024276
0.098646 -0.025205
0.105131 -0.026126
0.111794 -0.027041
0.118631 -0.027957
0.125636 -0.028884
0.132807 -0.029828
0.140140 -0.030778
0.147636 -0.031715
0.155291 -0.032629
0.163100 -0.033545
0.171060 -0.034458
0.179168 -0.035360
0.187420 -0.036242
0.195813 -0.037094
0.204343 -0.037911
0.213008 -0.038715
0.221803 -0.039500
0.230723 -0.040254
0.239766 -0.040968
0.248925 -0.041627
0.258199 -0.042246
0.267582 -0.042850
0.277071 -0.043418
0.286661 -0.043929
0.296347 -0.044362
0.306124 -0.044721
0.315989 -0.045077
0.325938 -0.045400
0.335965 -0.045651
0.346063 -0.045787
0.356229 -0.045798
0.366460 -0.045788
0.376749 -0.045770
0.387092 -0.045743
0.397484 -0.045709
0.407918 -0.045623
0.418392 -0.045399
0.428900 -0.045075
0.439437 -0.044694
0.449998 -0.044300
0.460577 -0.043865
0.471170 -0.043345
0.481773 -0.042765
0.492381 -0.042150
0.502989 -0.041521
0.513592 -0.040854
0.524186 -0.040142
0.534766 -0.039399
0.545328 -0.038639
0.555868 -0.037868
0.566380 -0.037069
0.576859 -0.036249
0.587303 -0.035417
0.597706 -0.034584
0.608064 -0.033753
0.618373 -0.032917
0.628627 -0.032077
0.638823 -0.031234
0.648955 -0.030388
0.659019 -0.029535
0.669010 -0.028676
0.678924 -0.027816
0.688758 -0.026964
0.698508 -0.026127
0.708170 -0.025310
0.717738 -0.024511
0.727210 -0.023722
0.736579 -0.022939
0.745841 -0.022156
0.754992 -0.021368
0.764027 -0.020575
0.772943 -0.019783
0.781736 -0.019001
0.790404 -0.018235
0.798943 -0.017491
0.807349 -0.016772
0.815618 -0.016074
0.823746 -0.015393
0.831730 -0.014726
0.839565 -0.014073
0.847248 -0.013431
0.854775 -0.012799
0.862144 -0.012182
0.869351 -0.011579
0.876393 -0.010990
0.883266 -0.010413
0.889968 -0.009849
0.896495 -0.009297
0.902845 -0.008758
0.909014 -0.008231
0.915001 -0.007717
0.920802 -0.007218
0.926414 -0.006734
0.931837 -0.006266
0.937066 -0.005815
0.942100 -0.005380
0.946936 -0.004964
0.951573 -0.004565
0.956009 -0.004183
0.960240 -0.003819
0.964266 -0.003473
0.968085 -0.003145
0.971695 -0.002834
0.975094 -0.002542
0.978280 -0.002268
0.981254 -0.002012
0.984012 -0.001775
0.986554 -0.001556
0.988879 -0.001356
0.990986 -0.001175
0.992873 -0.001013
0.994540 -0.000870
0.995987 -0.000745
0.997212 -0.000640
0.998215 -0.000554
0.998996 -0.000486
0.999554 -0.000438
0.999888 -0.000410
1.000000 -0.000400