be50
1.000000 0.002600
0.999889 0.002623
0.999555 0.002690
0.998999 0.002803
0.998220 0.002960
0.997220 0.003163
0.995998 0.003410
0.994556 0.003702
0.992893 0.004038
0.991011 0.004419
0.988910 0.004844
0.986591 0.005313
0.984056 0.005825
0.981305 0.006381
0.978340 0.006980
0.975162 0.007622
0.971772 0.008307
0.968172 0.009034
0.964364 0.009803
0.960348 0.010613
0.956128 0.011464
0.951704 0.012356
0.947080 0.013291
0.942258 0.014276
0.937241 0.015309
0.932029 0.016386
0.926625 0.017500
0.921030 0.018646
0.915244 0.019814
0.909270 0.020995
0.903107 0.022179
0.896758 0.023358
0.890228 0.024552
0.883520 0.025764
0.876636 0.026993
0.869581 0.028235
0.862356 0.029490
0.854966 0.030755
0.847413 0.032028
0.839701 0.033308
0.831834 0.034592
0.823814 0.035878
0.815646 0.037164
0.807333 0.038448
0.798880 0.039728
0.790288 0.041001
0.781560 0.042268
0.772700 0.043528
0.763713 0.044782
0.754603 0.046030
0.745375 0.047273
0.736032 0.048511
0.726581 0.049745
0.717024 0.050978
0.707369 0.052209
0.697618 0.053440
0.687775 0.054670
0.677845 0.055896
0.667831 0.057117
0.657737 0.058330
0.647569 0.059534
0.637331 0.060727
0.627028 0.061906
0.616663 0.063069
0.606242 0.064215
0.595769 0.065342
0.585248 0.066451
0.574683 0.067534
0.564079 0.068585
0.553441 0.069594
0.542772 0.070556
0.532077 0.071476
0.521363 0.072363
0.510634 0.073227
0.499897 0.074078
0.489159 0.074950
0.478422 0.075833
0.467691 0.076674
0.456967 0.077420
0.446254 0.078029
0.435555 0.078566
0.424878 0.079049
0.414229 0.079470
0.403614 0.079819
0.393040 0.080101
0.382509 0.080351
0.372027 0.080569
0.361598 0.080749
0.351228 0.080887
0.340923 0.080995
0.330685 0.081096
0.320519 0.081180
0.310432 0.081238
0.300426 0.081260
0.290505 0.081243
0.280675 0.081192
0.270940 0.081113
0.261306 0.081012
0.251779 0.080894
0.242362 0.080706
0.233056 0.080361
0.223868 0.079898
0.214806 0.079355
0.205875 0.078768
0.197082 0.078164
0.188423 0.077461
0.179903 0.076650
0.171530 0.075752
0.163312 0.074786
0.155256 0.073772
0.147368 0.072721
0.139639 0.071582
0.132074 0.070353
0.124680 0.069048
0.117466 0.067682
0.110439 0.066269
0.103603 0.064821
0.096963 0.063334
0.090519 0.061726
0.084278 0.060020
0.078249 0.058258
0.072435 0.056469
0.066820 0.054634
0.061415 0.052754
0.056233 0.050840
0.051286 0.048902
0.046568 0.046944
0.042059 0.044961
0.037768 0.042968
0.033702 0.040982
0.029865 0.039017
0.026259 0.037085
0.022880 0.035186
0.019725 0.033286
0.016824 0.031392
0.014189 0.029516
0.011788 0.027637
0.009745 0.025744
0.007791 0.023810
0.005892 0.021904
0.004206 0.020111
0.002817 0.018486
0.001750 0.017061
0.000991 0.015847
0.000497 0.014847
0.000210 0.014053
0.000068 0.013454
0.000014 0.013037
0.000001 0.012791
0.000000 0.012710
0.000001 0.012629
0.000021 0.012384
0.000103 0.011970
0.000315 0.011380
0.000741 0.010612
0.001462 0.009669
0.002548 0.008569
0.004032 0.007353
0.005888 0.006091
0.008006 0.004898
0.010165 0.003937
0.012579 0.003224
0.015329 0.002685
0.018266 0.002257
0.021440 0.001890
0.024830 0.001574
0.028426 0.001267
0.032235 0.000945
0.036254 0.000628
0.040482 0.000345
0.044915 0.000132
0.049551 0.000032
0.054386 0.000021
0.059421 0.000012
0.064654 0.000005
0.070080 0.000001
0.075695 0.000001
0.081498 0.000054
0.087486 0.000176
0.093656 0.000345
0.100005 0.000530
0.106529 0.000744
0.113226 0.001016
0.120093 0.001339
0.127127 0.001702
0.134326 0.002092
0.141686 0.002497
0.149205 0.002899
0.156879 0.003305
0.164703 0.003738
0.172675 0.004192
0.180792 0.004656
0.189050 0.005122
0.197447 0.005577
0.205978 0.006014
0.214640 0.006442
0.223429 0.006864
0.232341 0.007286
0.241371 0.007711
0.250515 0.008145
0.259769 0.008580
0.269130 0.009015
0.278593 0.009455
0.288153 0.009905
0.297805 0.010372
0.307547 0.010857
0.317372 0.011354
0.327278 0.011866
0.337259 0.012396
0.347310 0.012949
0.357427 0.013538
0.367604 0.014180
0.377837 0.014843
0.388126 0.015491
0.398465 0.016088
0.408853 0.016625
0.419282 0.017134
0.429748 0.017616
0.440246 0.018072
0.450770 0.018500
0.461317 0.018911
0.471880 0.019303
0.482457 0.019671
0.493041 0.020008
0.503628 0.020314
0.514214 0.020638
0.524794 0.020952
0.535362 0.021206
0.545915 0.021347
0.556447 0.021359
0.566954 0.021350
0.577431 0.021336
0.587873 0.021317
0.598275 0.021294
0.608632 0.021250
0.618940 0.021157
0.629194 0.021020
0.639390 0.020846
0.649523 0.020642
0.659588 0.020414
0.669581 0.020168
0.679497 0.019911
0.689332 0.019648
0.699080 0.019385
0.708738 0.019105
0.718302 0.018783
0.727768 0.018425
0.737131 0.018037
0.746388 0.017625
0.755533 0.017195
0.764564 0.016752
0.773475 0.016301
0.782263 0.015848
0.790924 0.015395
0.799455 0.014949
0.807851 0.014500
0.816109 0.014038
0.824225 0.013567
0.832195 0.013088
0.840017 0.012603
0.847686 0.012116
0.855200 0.011627
0.862555 0.011140
0.869747 0.010656
0.876775 0.010177
0.883633 0.009704
0.890320 0.009239
0.896833 0.008783
0.903169 0.008336
0.909324 0.007894
0.915297 0.007456
0.921084 0.007023
0.926683 0.006595
0.932092 0.006173
0.937307 0.005758
0.942326 0.005350
0.947148 0.004950
0.951770 0.004559
0.956190 0.004178
0.960406 0.003806
0.964418 0.003446
0.968222 0.003100
0.971818 0.002767
0.975203 0.002449
0.978377 0.002147
0.981338 0.001863
0.984084 0.001596
0.986615 0.001348
0.988930 0.001119
0.991027 0.000910
0.992906 0.000721
0.994566 0.000554
0.996006 0.000408
0.997225 0.000284
0.998224 0.000182
0.999000 0.000103
0.999556 0.000046
0.999889 0.000011
1.000000 -0.000000