boe103
1.000000 0.001200
0.999889 0.001234
0.999557 0.001334
0.999003 0.001502
0.998227 0.001736
0.997231 0.002035
0.996013 0.002401
0.994575 0.002830
0.992917 0.003323
0.991039 0.003877
0.988943 0.004493
0.986627 0.005168
0.984094 0.005900
0.981344 0.006688
0.978378 0.007530
0.975196 0.008423
0.971800 0.009364
0.968190 0.010352
0.964369 0.011383
0.960336 0.012454
0.956093 0.013563
0.951641 0.014705
0.946982 0.015875
0.942114 0.017069
0.937039 0.018284
0.931761 0.019522
0.926281 0.020782
0.920604 0.022068
0.914732 0.023380
0.908671 0.024724
0.902425 0.026104
0.895998 0.027523
0.889390 0.028977
0.882603 0.030462
0.875641 0.031976
0.868506 0.033518
0.861201 0.035086
0.853729 0.036677
0.846094 0.038290
0.838298 0.039921
0.830344 0.041568
0.822237 0.043228
0.813980 0.044900
0.805575 0.046579
0.797026 0.048264
0.788338 0.049965
0.779515 0.051682
0.770559 0.053409
0.761475 0.055143
0.752266 0.056878
0.742936 0.058609
0.733488 0.060331
0.723927 0.062037
0.714257 0.063721
0.704480 0.065378
0.694601 0.067005
0.684625 0.068620
0.674555 0.070222
0.664396 0.071808
0.654153 0.073373
0.643831 0.074912
0.633435 0.076421
0.622970 0.077896
0.612440 0.079331
0.601850 0.080722
0.591206 0.082085
0.580511 0.083445
0.569769 0.084792
0.558986 0.086111
0.548166 0.087389
0.537314 0.088613
0.526435 0.089768
0.515534 0.090842
0.504616 0.091819
0.493686 0.092716
0.482745 0.093640
0.471801 0.094572
0.460858 0.095477
0.449923 0.096320
0.439001 0.097067
0.428098 0.097683
0.417220 0.098136
0.406373 0.098393
0.395561 0.098443
0.384786 0.098451
0.374052 0.098458
0.363365 0.098464
0.352733 0.098469
0.342160 0.098473
0.331653 0.098476
0.321219 0.098478
0.310863 0.098480
0.300591 0.098480
0.290403 0.098391
0.280300 0.098120
0.270287 0.097691
0.260373 0.097132
0.250564 0.096466
0.240866 0.095717
0.231286 0.094906
0.221828 0.094056
0.212501 0.093186
0.203308 0.092314
0.194253 0.091405
0.185335 0.090301
0.176562 0.089035
0.167942 0.087654
0.159484 0.086201
0.151195 0.084717
0.143075 0.083186
0.135119 0.081549
0.127335 0.079827
0.119728 0.078039
0.112304 0.076205
0.105068 0.074343
0.098025 0.072464
0.091174 0.070505
0.084526 0.068460
0.078092 0.066354
0.071870 0.064215
0.065816 0.062062
0.059984 0.059853
0.054432 0.057546
0.049207 0.055110
0.044269 0.052494
0.039585 0.049737
0.035156 0.046911
0.030980 0.044074
0.027055 0.041277
0.023365 0.038545
0.019959 0.035745
0.017078 0.032769
0.014578 0.029650
0.012482 0.026560
0.010568 0.023520
0.008681 0.020516
0.006915 0.017625
0.005332 0.014902
0.003968 0.012386
0.002838 0.010102
0.001938 0.008062
0.001253 0.006271
0.000756 0.004726
0.000419 0.003419
0.000206 0.002341
0.000086 0.001480
0.000028 0.000824
0.000005 0.000363
0.000000 0.000090
0.000000 0.000000
0.000001 -0.000090
0.000014 -0.000363
0.000070 -0.000819
0.000216 -0.001464
0.000512 -0.002298
0.001026 -0.003322
0.001821 -0.004528
0.002952 -0.005897
0.004447 -0.007399
0.006302 -0.008982
0.008460 -0.010570
0.010798 -0.012059
0.013138 -0.013314
0.015797 -0.014392
0.018888 -0.015362
0.022295 -0.016267
0.025841 -0.017179
0.029550 -0.018117
0.033482 -0.019057
0.037632 -0.019986
0.041998 -0.020888
0.046574 -0.021744
0.051353 -0.022534
0.056343 -0.023287
0.061544 -0.024004
0.066950 -0.024671
0.072552 -0.025270
0.078344 -0.025795
0.084330 -0.026288
0.090507 -0.026732
0.096868 -0.027099
0.103406 -0.027375
0.110122 -0.027623
0.117013 -0.027854
0.124074 -0.028062
0.131303 -0.028245
0.138694 -0.028398
0.146245 -0.028516
0.153950 -0.028600
0.161808 -0.028676
0.169816 -0.028745
0.177969 -0.028804
0.186264 -0.028849
0.194697 -0.028875
0.203264 -0.028880
0.211962 -0.028877
0.220787 -0.028872
0.229734 -0.028865
0.238800 -0.028854
0.247981 -0.028841
0.257272 -0.028825
0.266670 -0.028806
0.276170 -0.028784
0.285767 -0.028760
0.295458 -0.028733
0.305238 -0.028696
0.315103 -0.028605
0.325049 -0.028460
0.335071 -0.028270
0.345164 -0.028040
0.355325 -0.027780
0.365548 -0.027497
0.375829 -0.027199
0.386163 -0.026896
0.396546 -0.026597
0.406973 -0.026299
0.417439 -0.025972
0.427939 -0.025617
0.438470 -0.025239
0.449026 -0.024841
0.459603 -0.024428
0.470196 -0.024005
0.480801 -0.023576
0.491412 -0.023146
0.502026 -0.022719
0.512637 -0.022287
0.523240 -0.021847
0.533832 -0.021399
0.544407 -0.020944
0.554960 -0.020482
0.565487 -0.020014
0.575983 -0.019542
0.586444 -0.019065
0.596865 -0.018585
0.607240 -0.018100
0.617566 -0.017602
0.627838 -0.017094
0.638050 -0.016581
0.648200 -0.016065
0.658283 -0.015552
0.668293 -0.015044
0.678228 -0.014544
0.688083 -0.014056
0.697852 -0.013582
0.707533 -0.013124
0.717121 -0.012677
0.726610 -0.012239
0.735998 -0.011810
0.745280 -0.011389
0.754451 -0.010975
0.763507 -0.010568
0.772445 -0.010166
0.781261 -0.009769
0.789950 -0.009377
0.798508 -0.008988
0.806932 -0.008604
0.815218 -0.008226
0.823363 -0.007855
0.831363 -0.007490
0.839213 -0.007132
0.846912 -0.006781
0.854454 -0.006437
0.861838 -0.006100
0.869059 -0.005771
0.876115 -0.005449
0.883003 -0.005135
0.889718 -0.004829
0.896259 -0.004531
0.902622 -0.004240
0.908805 -0.003956
0.914804 -0.003678
0.920617 -0.003409
0.926242 -0.003150
0.931677 -0.002900
0.936918 -0.002662
0.941963 -0.002435
0.946811 -0.002220
0.951458 -0.002017
0.955904 -0.001824
0.960145 -0.001642
0.964180 -0.001470
0.968008 -0.001308
0.971626 -0.001156
0.975033 -0.001014
0.978228 -0.000882
0.981208 -0.000759
0.983973 -0.000645
0.986521 -0.000541
0.988852 -0.000447
0.990964 -0.000361
0.992856 -0.000285
0.994527 -0.000218
0.995977 -0.000160
0.997205 -0.000111
0.998211 -0.000071
0.998993 -0.000040
0.999552 -0.000018
0.999888 -0.000004
1.000000 -0.000000