wb13535sm
1.000000 0.000000
0.999888 0.000028
0.999553 0.000111
0.998994 0.000250
0.998212 0.000445
0.997207 0.000694
0.995980 0.000998
0.994530 0.001357
0.992859 0.001769
0.990968 0.002235
0.988856 0.002754
0.986525 0.003324
0.983976 0.003946
0.981209 0.004617
0.978226 0.005339
0.975028 0.006108
0.971616 0.006925
0.967992 0.007788
0.964157 0.008696
0.960112 0.009648
0.955860 0.010642
0.951401 0.011676
0.946737 0.012749
0.941869 0.013854
0.936800 0.014991
0.931531 0.016161
0.926066 0.017367
0.920407 0.018609
0.914558 0.019890
0.908523 0.021215
0.902305 0.022588
0.895909 0.024012
0.889335 0.025482
0.882587 0.026996
0.875666 0.028548
0.868575 0.030135
0.861316 0.031753
0.853892 0.033395
0.846304 0.035059
0.838558 0.036750
0.830658 0.038468
0.822605 0.040207
0.814403 0.041964
0.806055 0.043732
0.797563 0.045507
0.788932 0.047289
0.780165 0.049079
0.771266 0.050877
0.762240 0.052681
0.753090 0.054492
0.743823 0.056309
0.734439 0.058132
0.724945 0.059958
0.715343 0.061782
0.705639 0.063604
0.695835 0.065419
0.685937 0.067233
0.675949 0.069043
0.665874 0.070840
0.655716 0.072618
0.645480 0.074370
0.635170 0.076112
0.624791 0.077834
0.614346 0.079524
0.603839 0.081167
0.593274 0.082758
0.582655 0.084323
0.571989 0.085845
0.561278 0.087306
0.550527 0.088685
0.539740 0.090001
0.528923 0.091276
0.518081 0.092480
0.507219 0.093585
0.496342 0.094569
0.485452 0.095492
0.474557 0.096350
0.463663 0.097115
0.452777 0.097759
0.441904 0.098299
0.431047 0.098816
0.420212 0.099263
0.409407 0.099594
0.398637 0.099762
0.387907 0.099848
0.377221 0.099918
0.366584 0.099968
0.356004 0.099996
0.345484 0.099987
0.335030 0.099872
0.324645 0.099665
0.314335 0.099401
0.304105 0.099115
0.293960 0.098809
0.283905 0.098406
0.273945 0.097950
0.264083 0.097444
0.254326 0.096873
0.244679 0.096245
0.235145 0.095547
0.225733 0.094765
0.216449 0.093880
0.207296 0.092881
0.198287 0.091782
0.189422 0.090555
0.180709 0.089204
0.172160 0.087752
0.163774 0.086164
0.155556 0.084464
0.147514 0.082691
0.139643 0.080831
0.131954 0.078880
0.124460 0.076849
0.117154 0.074735
0.110042 0.072534
0.103143 0.070246
0.096473 0.067870
0.090015 0.065384
0.083774 0.062823
0.077754 0.060225
0.071953 0.057619
0.066348 0.054998
0.060958 0.052357
0.055805 0.049695
0.050906 0.047014
0.046248 0.044319
0.041794 0.041620
0.037563 0.038928
0.033569 0.036257
0.029820 0.033617
0.026325 0.031022
0.023062 0.028475
0.019983 0.025960
0.017152 0.023480
0.014623 0.021044
0.012425 0.018663
0.010318 0.016286
0.008222 0.013929
0.006283 0.011673
0.004590 0.009573
0.003190 0.007666
0.002091 0.005973
0.001278 0.004503
0.000714 0.003257
0.000354 0.002228
0.000148 0.001406
0.000048 0.000782
0.000010 0.000345
0.000001 0.000086
0.000000 0.000000
0.000001 -0.000086
0.000016 -0.000342
0.000078 -0.000771
0.000241 -0.001370
0.000570 -0.002141
0.001138 -0.003078
0.002014 -0.004175
0.003248 -0.005420
0.004865 -0.006793
0.006842 -0.008264
0.009093 -0.009792
0.011451 -0.011319
0.013757 -0.012784
0.016356 -0.014204
0.019280 -0.015589
0.022470 -0.016957
0.025835 -0.018342
0.029397 -0.019759
0.033187 -0.021195
0.037202 -0.022637
0.041439 -0.024072
0.045891 -0.025483
0.050548 -0.026856
0.055422 -0.028201
0.060519 -0.029519
0.065832 -0.030794
0.071350 -0.032010
0.077065 -0.033150
0.082985 -0.034248
0.089109 -0.035292
0.095427 -0.036248
0.101932 -0.037085
0.108628 -0.037852
0.115510 -0.038548
0.122569 -0.039133
0.129797 -0.039601
0.137197 -0.040018
0.144763 -0.040349
0.152484 -0.040553
0.160362 -0.040708
0.168390 -0.040817
0.176564 -0.040849
0.184880 -0.040798
0.193334 -0.040696
0.201922 -0.040570
0.210639 -0.040380
0.219483 -0.040125
0.228447 -0.039833
0.237529 -0.039473
0.246724 -0.039056
0.256027 -0.038597
0.265434 -0.038076
0.274941 -0.037504
0.284542 -0.036868
0.294234 -0.036173
0.304013 -0.035453
0.313877 -0.034707
0.323819 -0.033934
0.333837 -0.033142
0.343926 -0.032336
0.354082 -0.031523
0.364300 -0.030697
0.374576 -0.029857
0.384906 -0.029005
0.395283 -0.028143
0.405705 -0.027272
0.416166 -0.026387
0.426661 -0.025493
0.437187 -0.024593
0.447739 -0.023692
0.458312 -0.022790
0.468900 -0.021879
0.479501 -0.020969
0.490110 -0.020069
0.500723 -0.019191
0.511335 -0.018325
0.521940 -0.017469
0.532535 -0.016632
0.543116 -0.015825
0.553678 -0.015056
0.564216 -0.014312
0.574725 -0.013593
0.585201 -0.012906
0.595639 -0.012258
0.606034 -0.011652
0.616382 -0.011072
0.626678 -0.010522
0.636917 -0.010007
0.647094 -0.009529
0.657206 -0.009091
0.667246 -0.008683
0.677212 -0.008302
0.687097 -0.007944
0.696897 -0.007605
0.706608 -0.007280
0.716225 -0.006966
0.725745 -0.006668
0.735162 -0.006390
0.744473 -0.006138
0.753674 -0.005914
0.762761 -0.005716
0.771729 -0.005538
0.780574 -0.005370
0.789292 -0.005207
0.797880 -0.005042
0.806332 -0.004871
0.814646 -0.004698
0.822818 -0.004527
0.830845 -0.004362
0.838722 -0.004206
0.846447 -0.004062
0.854015 -0.003932
0.861424 -0.003814
0.868671 -0.003704
0.875751 -0.003601
0.882662 -0.003502
0.889401 -0.003405
0.895965 -0.003310
0.902350 -0.003216
0.908555 -0.003131
0.914576 -0.003056
0.920411 -0.002984
0.926057 -0.002912
0.931510 -0.002837
0.936769 -0.002756
0.941831 -0.002669
0.946694 -0.002573
0.951354 -0.002467
0.955812 -0.002342
0.960064 -0.002198
0.964110 -0.002040
0.967947 -0.001874
0.971573 -0.001702
0.974988 -0.001529
0.978189 -0.001357
0.981175 -0.001189
0.983946 -0.001027
0.986499 -0.000873
0.988834 -0.000729
0.990949 -0.000595
0.992844 -0.000474
0.994518 -0.000365
0.995971 -0.000269
0.997201 -0.000188
0.998208 -0.000120
0.998992 -0.000068
0.999552 -0.000030
0.999888 -0.000008
1.000000 0.000000