rae5212
1.000000 0.000000
0.999888 0.000021
0.999552 0.000086
0.998992 0.000194
0.998209 0.000347
0.997204 0.000547
0.995978 0.000796
0.994530 0.001094
0.992862 0.001443
0.990976 0.001844
0.988872 0.002299
0.986552 0.002811
0.984017 0.003379
0.981269 0.004005
0.978309 0.004687
0.975140 0.005434
0.971763 0.006248
0.968179 0.007119
0.964386 0.008033
0.960381 0.008973
0.956168 0.009947
0.951750 0.010958
0.947128 0.011999
0.942303 0.013067
0.937276 0.014159
0.932051 0.015279
0.926629 0.016421
0.921011 0.017576
0.915199 0.018734
0.909193 0.019890
0.902997 0.021047
0.896614 0.022213
0.890051 0.023395
0.883311 0.024601
0.876396 0.025823
0.869309 0.027059
0.862054 0.028309
0.854633 0.029576
0.847051 0.030859
0.839310 0.032156
0.831414 0.033466
0.823365 0.034787
0.815169 0.036119
0.806829 0.037464
0.798347 0.038820
0.789728 0.040180
0.780974 0.041535
0.772088 0.042881
0.763075 0.044224
0.753939 0.045561
0.744683 0.046889
0.735313 0.048204
0.725831 0.049507
0.716242 0.050800
0.706550 0.052078
0.696760 0.053338
0.686875 0.054576
0.676901 0.055803
0.666842 0.057011
0.656701 0.058192
0.646483 0.059334
0.636192 0.060443
0.625834 0.061533
0.615411 0.062585
0.604930 0.063583
0.594393 0.064510
0.583805 0.065391
0.573172 0.066228
0.562498 0.067012
0.551791 0.067734
0.541054 0.068398
0.530291 0.069028
0.519509 0.069612
0.508712 0.070138
0.497907 0.070593
0.487096 0.071015
0.476286 0.071406
0.465481 0.071743
0.454688 0.072003
0.443910 0.072186
0.433153 0.072353
0.422421 0.072491
0.411719 0.072582
0.401055 0.072610
0.390430 0.072585
0.379851 0.072528
0.369322 0.072447
0.358848 0.072350
0.348435 0.072225
0.338086 0.072016
0.327807 0.071741
0.317602 0.071428
0.307477 0.071101
0.297435 0.070736
0.287481 0.070317
0.277620 0.069856
0.267857 0.069365
0.258196 0.068847
0.248642 0.068279
0.239198 0.067669
0.229869 0.067024
0.220661 0.066355
0.211576 0.065651
0.202618 0.064907
0.193793 0.064127
0.185106 0.063313
0.176560 0.062464
0.168159 0.061570
0.159906 0.060635
0.151807 0.059667
0.143867 0.058670
0.136087 0.057632
0.128471 0.056555
0.121024 0.055446
0.113750 0.054312
0.106651 0.053151
0.099729 0.051959
0.092990 0.050734
0.086443 0.049474
0.080089 0.048180
0.073923 0.046847
0.067957 0.045476
0.062201 0.044065
0.056657 0.042618
0.051307 0.041142
0.046174 0.039618
0.041282 0.038029
0.036649 0.036354
0.032285 0.034487
0.028205 0.032522
0.024384 0.030474
0.020871 0.028350
0.017657 0.026126
0.014746 0.023863
0.012134 0.021574
0.009784 0.019313
0.007706 0.017099
0.005909 0.014927
0.004388 0.012822
0.003140 0.010801
0.002148 0.008890
0.001388 0.007118
0.000832 0.005506
0.000471 0.004075
0.000262 0.002837
0.000119 0.001814
0.000041 0.001017
0.000008 0.000451
0.000001 0.000112
0.000000 0.000000
0.000001 -0.000112
0.000012 -0.000450
0.000056 -0.001013
0.000164 -0.001799
0.000353 -0.002798
0.000654 -0.003986
0.001239 -0.005327
0.002092 -0.006778
0.003259 -0.008282
0.004754 -0.009791
0.006576 -0.011266
0.008709 -0.012689
0.011139 -0.014039
0.013842 -0.015350
0.016799 -0.016597
0.020018 -0.017789
0.023467 -0.018950
0.027150 -0.020085
0.031057 -0.021190
0.035189 -0.022264
0.039542 -0.023288
0.044109 -0.024293
0.048887 -0.025286
0.053871 -0.026267
0.059056 -0.027233
0.064440 -0.028186
0.070023 -0.029126
0.075802 -0.030051
0.081773 -0.030956
0.087930 -0.031841
0.094275 -0.032712
0.100803 -0.033564
0.107511 -0.034393
0.114396 -0.035192
0.121454 -0.035962
0.128683 -0.036708
0.136080 -0.037433
0.143638 -0.038143
0.151353 -0.038843
0.159224 -0.039536
0.167247 -0.040213
0.175418 -0.040864
0.183734 -0.041476
0.192191 -0.042056
0.200787 -0.042611
0.209516 -0.043141
0.218373 -0.043643
0.227355 -0.044122
0.236457 -0.044593
0.245677 -0.045042
0.255009 -0.045453
0.264449 -0.045805
0.273994 -0.046129
0.283639 -0.046441
0.293380 -0.046711
0.303212 -0.046902
0.313129 -0.046991
0.323129 -0.047053
0.333207 -0.047102
0.343357 -0.047136
0.353574 -0.047150
0.363853 -0.047098
0.374192 -0.046933
0.384583 -0.046688
0.395023 -0.046400
0.405504 -0.046101
0.416025 -0.045729
0.426579 -0.045272
0.437162 -0.044751
0.447767 -0.044187
0.458389 -0.043581
0.469026 -0.042896
0.479670 -0.042136
0.490316 -0.041310
0.500956 -0.040428
0.511586 -0.039448
0.522200 -0.038362
0.532797 -0.037208
0.543374 -0.036023
0.553927 -0.034834
0.564449 -0.033610
0.574937 -0.032350
0.585386 -0.031064
0.595792 -0.029762
0.606150 -0.028434
0.616453 -0.027068
0.626700 -0.025690
0.636889 -0.024325
0.647020 -0.022996
0.657084 -0.021683
0.667078 -0.020384
0.676998 -0.019117
0.686841 -0.017899
0.696606 -0.016741
0.706285 -0.015628
0.715876 -0.014556
0.725371 -0.013528
0.734767 -0.012546
0.744060 -0.011603
0.753245 -0.010695
0.762319 -0.009829
0.771276 -0.009010
0.780114 -0.008242
0.788828 -0.007517
0.797414 -0.006831
0.805868 -0.006185
0.814185 -0.005581
0.822362 -0.005017
0.830395 -0.004484
0.838280 -0.003985
0.846014 -0.003522
0.853593 -0.003098
0.861013 -0.002705
0.868272 -0.002340
0.875365 -0.002004
0.882290 -0.001701
0.889042 -0.001431
0.895620 -0.001182
0.902020 -0.000955
0.908240 -0.000755
0.914275 -0.000586
0.920124 -0.000444
0.925784 -0.000317
0.931252 -0.000207
0.936525 -0.000118
0.941602 -0.000053
0.946480 0.000003
0.951157 0.000052
0.955630 0.000088
0.959898 0.000108
0.963959 0.000110
0.967811 0.000107
0.971451 0.000102
0.974879 0.000096
0.978094 0.000091
0.981092 0.000084
0.983875 0.000076
0.986439 0.000066
0.988783 0.000057
0.990908 0.000048
0.992812 0.000037
0.994494 0.000027
0.995952 0.000019
0.997188 0.000012
0.998200 0.000007
0.998987 0.000004
0.999550 0.000002
0.999887 0.000000
1.000000 0.000000