rae69ck
1.000000 0.000000
0.999890 0.000024
0.999558 0.000094
0.999006 0.000211
0.998233 0.000375
0.997239 0.000584
0.996026 0.000838
0.994593 0.001136
0.992940 0.001478
0.991069 0.001863
0.988980 0.002289
0.986674 0.002757
0.984152 0.003266
0.981415 0.003815
0.978463 0.004402
0.975299 0.005028
0.971924 0.005690
0.968338 0.006389
0.964543 0.007122
0.960542 0.007889
0.956334 0.008689
0.951923 0.009521
0.947310 0.010385
0.942497 0.011278
0.937487 0.012201
0.932280 0.013150
0.926880 0.014127
0.921288 0.015128
0.915507 0.016153
0.909540 0.017202
0.903389 0.018272
0.897056 0.019362
0.890545 0.020471
0.883857 0.021598
0.876997 0.022742
0.869966 0.023901
0.862769 0.025073
0.855407 0.026258
0.847884 0.027454
0.840204 0.028660
0.832369 0.029873
0.824384 0.031093
0.816250 0.032317
0.807973 0.033544
0.799555 0.034771
0.790999 0.035997
0.782311 0.037220
0.773492 0.038436
0.764548 0.039646
0.755481 0.040847
0.746297 0.042037
0.736998 0.043215
0.727589 0.044377
0.718075 0.045522
0.708458 0.046648
0.698743 0.047755
0.688936 0.048837
0.679039 0.049898
0.669057 0.050931
0.658996 0.051936
0.648858 0.052911
0.638649 0.053852
0.628373 0.054761
0.618035 0.055629
0.607639 0.056459
0.597190 0.057244
0.586692 0.057983
0.576151 0.058673
0.565571 0.059308
0.554957 0.059893
0.544313 0.060419
0.533646 0.060895
0.522960 0.061311
0.512260 0.061678
0.501551 0.061990
0.490838 0.062247
0.480126 0.062459
0.469421 0.062613
0.458727 0.062737
0.448050 0.062775
0.437393 0.062778
0.426763 0.062779
0.416164 0.062723
0.405601 0.062601
0.395078 0.062457
0.384602 0.062261
0.374175 0.062034
0.363804 0.061762
0.353493 0.061455
0.343246 0.061107
0.333069 0.060720
0.322966 0.060299
0.312942 0.059837
0.303001 0.059343
0.293148 0.058810
0.283387 0.058246
0.273723 0.057648
0.264160 0.057016
0.254703 0.056352
0.245356 0.055656
0.236124 0.054928
0.227009 0.054168
0.218018 0.053380
0.209154 0.052561
0.200421 0.051714
0.191822 0.050838
0.183363 0.049935
0.175047 0.049006
0.166878 0.048049
0.158859 0.047068
0.150996 0.046060
0.143290 0.045029
0.135746 0.043975
0.128368 0.042900
0.121158 0.041803
0.114120 0.040686
0.107259 0.039551
0.100575 0.038398
0.094075 0.037227
0.087759 0.036040
0.081633 0.034837
0.075698 0.033619
0.069958 0.032386
0.064415 0.031141
0.059073 0.029882
0.053935 0.028612
0.049004 0.027330
0.044283 0.026038
0.039774 0.024735
0.035482 0.023421
0.031408 0.022096
0.027561 0.020756
0.023938 0.019404
0.020553 0.018034
0.017400 0.016649
0.014500 0.015244
0.011842 0.013821
0.009454 0.012382
0.007321 0.010929
0.005477 0.009472
0.003902 0.008019
0.002626 0.006594
0.001638 0.005221
0.000895 0.003932
0.000494 0.002790
0.000236 0.001801
0.000083 0.001012
0.000018 0.000447
0.000001 0.000111
0.000000 0.000000
0.000001 -0.000111
0.000018 -0.000447
0.000083 -0.001011
0.000236 -0.001800
0.000494 -0.002788
0.000896 -0.003929
0.001637 -0.005217
0.002621 -0.006591
0.003890 -0.008020
0.005455 -0.009481
0.007285 -0.010952
0.009402 -0.012425
0.011771 -0.013891
0.014407 -0.015348
0.017285 -0.016793
0.020414 -0.018224
0.023776 -0.019640
0.027377 -0.021041
0.031205 -0.022425
0.035261 -0.023792
0.039538 -0.025142
0.044035 -0.026474
0.048746 -0.027788
0.053669 -0.029083
0.058802 -0.030359
0.064139 -0.031616
0.069678 -0.032854
0.075416 -0.034074
0.081350 -0.035274
0.087475 -0.036455
0.093790 -0.037617
0.100290 -0.038758
0.106973 -0.039881
0.113834 -0.040982
0.120872 -0.042062
0.128081 -0.043120
0.135459 -0.044154
0.143003 -0.045164
0.150708 -0.046149
0.158571 -0.047110
0.166588 -0.048044
0.174756 -0.048953
0.183071 -0.049833
0.191528 -0.050684
0.200124 -0.051507
0.208855 -0.052298
0.217718 -0.053058
0.226707 -0.053785
0.235818 -0.054481
0.245048 -0.055140
0.254393 -0.055765
0.263847 -0.056349
0.273407 -0.056894
0.283069 -0.057397
0.292827 -0.057846
0.302678 -0.058252
0.312618 -0.058584
0.322641 -0.058874
0.332742 -0.059061
0.342917 -0.059174
0.353161 -0.059235
0.363468 -0.059190
0.373834 -0.059050
0.384251 -0.058852
0.394717 -0.058519
0.405223 -0.058111
0.415766 -0.057599
0.426340 -0.056997
0.436939 -0.056308
0.447558 -0.055524
0.458192 -0.054667
0.468836 -0.053721
0.479485 -0.052710
0.490135 -0.051623
0.500780 -0.050478
0.511417 -0.049275
0.522041 -0.048019
0.532647 -0.046724
0.543232 -0.045386
0.553792 -0.044019
0.564320 -0.042620
0.574815 -0.041200
0.585272 -0.039760
0.595685 -0.038304
0.606052 -0.036840
0.616368 -0.035366
0.626628 -0.033891
0.636829 -0.032414
0.646967 -0.030942
0.657036 -0.029475
0.667034 -0.028019
0.676956 -0.026577
0.686799 -0.025150
0.696557 -0.023745
0.706227 -0.022360
0.715806 -0.021003
0.725289 -0.019672
0.734672 -0.018373
0.743951 -0.017107
0.753122 -0.015876
0.762182 -0.014685
0.771127 -0.013532
0.779951 -0.012419
0.788653 -0.011348
0.797227 -0.010318
0.805669 -0.009330
0.813977 -0.008385
0.822145 -0.007485
0.830171 -0.006628
0.838051 -0.005818
0.845781 -0.005051
0.853358 -0.004332
0.860778 -0.003659
0.868037 -0.003031
0.875133 -0.002452
0.882062 -0.001916
0.888820 -0.001429
0.895405 -0.000985
0.901813 -0.000588
0.908042 -0.000233
0.914087 0.000079
0.919947 0.000347
0.925619 0.000579
0.931098 0.000767
0.936384 0.000926
0.941474 0.001043
0.946364 0.001136
0.951053 0.001193
0.955538 0.001205
0.959817 0.001211
0.963888 0.001205
0.967750 0.001159
0.971399 0.001102
0.974836 0.001030
0.978057 0.000946
0.981063 0.000857
0.983850 0.000761
0.986419 0.000665
0.988768 0.000568
0.990897 0.000474
0.992803 0.000384
0.994487 0.000301
0.995948 0.000226
0.997185 0.000159
0.998198 0.000103
0.998986 0.000059
0.999549 0.000026
0.999887 0.000007
1.000000 0.000000