raf32md
1.000000 0.000000
0.999890 0.000030
0.999559 0.000120
0.999008 0.000270
0.998238 0.000480
0.997247 0.000749
0.996037 0.001077
0.994608 0.001463
0.992961 0.001908
0.991096 0.002410
0.989015 0.002970
0.986717 0.003585
0.984203 0.004255
0.981476 0.004980
0.978535 0.005758
0.975382 0.006588
0.972018 0.007469
0.968444 0.008400
0.964662 0.009379
0.960674 0.010406
0.956480 0.011478
0.952083 0.012594
0.947483 0.013752
0.942684 0.014951
0.937687 0.016189
0.932493 0.017463
0.927105 0.018773
0.921525 0.020115
0.915756 0.021488
0.909798 0.022890
0.903656 0.024318
0.897330 0.025771
0.890824 0.027248
0.884139 0.028750
0.877278 0.030273
0.870244 0.031816
0.863041 0.033378
0.855671 0.034955
0.848137 0.036546
0.840444 0.038150
0.832594 0.039763
0.824592 0.041384
0.816441 0.043012
0.808144 0.044643
0.799707 0.046276
0.791131 0.047920
0.782421 0.049578
0.773579 0.051244
0.764608 0.052914
0.755514 0.054580
0.746299 0.056236
0.736967 0.057874
0.727523 0.059487
0.717969 0.061067
0.708310 0.062607
0.698549 0.064098
0.688690 0.065564
0.678738 0.067017
0.668696 0.068451
0.658570 0.069857
0.648365 0.071230
0.638086 0.072560
0.627737 0.073841
0.617325 0.075065
0.606853 0.076224
0.596328 0.077315
0.585751 0.078395
0.575126 0.079468
0.564460 0.080517
0.553757 0.081523
0.543023 0.082470
0.532263 0.083339
0.521482 0.084113
0.510687 0.084775
0.499883 0.085305
0.489072 0.085765
0.478257 0.086215
0.467444 0.086643
0.456640 0.087040
0.445850 0.087393
0.435081 0.087691
0.424338 0.087925
0.413628 0.088083
0.402956 0.088156
0.392326 0.088129
0.381737 0.087990
0.371197 0.087752
0.360710 0.087430
0.350285 0.087038
0.339926 0.086588
0.329641 0.086096
0.319436 0.085572
0.309316 0.085030
0.299288 0.084480
0.289352 0.083843
0.279508 0.083065
0.269764 0.082167
0.260124 0.081168
0.250593 0.080087
0.241178 0.078941
0.231882 0.077749
0.222712 0.076526
0.213671 0.075287
0.204764 0.074047
0.195996 0.072803
0.187369 0.071464
0.178889 0.070033
0.170559 0.068535
0.162386 0.066993
0.154372 0.065430
0.146521 0.063859
0.138825 0.062269
0.131290 0.060649
0.123928 0.058998
0.116747 0.057312
0.109755 0.055591
0.102961 0.053834
0.096364 0.052039
0.089952 0.050198
0.083727 0.048322
0.077697 0.046420
0.071867 0.044503
0.066242 0.042580
0.060826 0.040660
0.055622 0.038752
0.050633 0.036864
0.045845 0.034991
0.041251 0.033117
0.036875 0.031237
0.032735 0.029350
0.028844 0.027461
0.025209 0.025573
0.021753 0.023691
0.018485 0.021799
0.015550 0.019876
0.013042 0.017915
0.010841 0.015873
0.008655 0.013714
0.006623 0.011562
0.004844 0.009508
0.003370 0.007616
0.002211 0.005925
0.001352 0.004454
0.000756 0.003209
0.000375 0.002186
0.000157 0.001374
0.000051 0.000761
0.000010 0.000334
0.000001 0.000083
0.000000 0.000000
0.000001 -0.000083
0.000016 -0.000333
0.000080 -0.000754
0.000248 -0.001351
0.000587 -0.002128
0.001172 -0.003085
0.002072 -0.004214
0.003341 -0.005495
0.005001 -0.006893
0.007027 -0.008346
0.009330 -0.009764
0.011734 -0.011021
0.014146 -0.012020
0.016950 -0.012896
0.020117 -0.013683
0.023534 -0.014426
0.027076 -0.015187
0.030821 -0.015975
0.034785 -0.016766
0.038966 -0.017534
0.043359 -0.018245
0.047959 -0.018858
0.052761 -0.019354
0.057771 -0.019833
0.062986 -0.020301
0.068402 -0.020752
0.074017 -0.021173
0.079826 -0.021555
0.085824 -0.021885
0.092005 -0.022148
0.098363 -0.022329
0.104895 -0.022440
0.111605 -0.022540
0.118488 -0.022631
0.125542 -0.022710
0.132762 -0.022773
0.140145 -0.022818
0.147685 -0.022839
0.155380 -0.022828
0.163228 -0.022770
0.171224 -0.022670
0.179365 -0.022537
0.187647 -0.022378
0.196065 -0.022203
0.204614 -0.022011
0.213292 -0.021749
0.222095 -0.021414
0.231019 -0.021014
0.240060 -0.020559
0.249215 -0.020057
0.258479 -0.019521
0.267849 -0.018961
0.277321 -0.018390
0.286890 -0.017821
0.296553 -0.017269
0.306305 -0.016734
0.316141 -0.016177
0.326056 -0.015598
0.336048 -0.015002
0.346110 -0.014395
0.356240 -0.013782
0.366432 -0.013169
0.376683 -0.012561
0.386988 -0.011964
0.397344 -0.011385
0.407745 -0.010828
0.418187 -0.010294
0.428666 -0.009775
0.439176 -0.009266
0.449712 -0.008759
0.460269 -0.008250
0.470841 -0.007732
0.481425 -0.007197
0.492014 -0.006639
0.502604 -0.006052
0.513189 -0.005411
0.523764 -0.004723
0.534327 -0.004004
0.544872 -0.003272
0.555396 -0.002544
0.565895 -0.001836
0.576364 -0.001164
0.586801 -0.000545
0.597200 0.000005
0.607559 0.000493
0.617870 0.000966
0.628129 0.001421
0.638332 0.001855
0.648473 0.002266
0.658547 0.002648
0.668551 0.003000
0.678479 0.003317
0.688327 0.003597
0.698090 0.003838
0.707764 0.004051
0.717345 0.004261
0.726829 0.004466
0.736211 0.004661
0.745488 0.004841
0.754654 0.005002
0.763707 0.005142
0.772640 0.005256
0.781451 0.005342
0.790136 0.005397
0.798689 0.005420
0.807109 0.005407
0.815391 0.005360
0.823531 0.005285
0.831527 0.005186
0.839374 0.005067
0.847069 0.004933
0.854608 0.004787
0.861987 0.004634
0.869205 0.004475
0.876256 0.004314
0.883139 0.004154
0.889849 0.003997
0.896385 0.003844
0.902743 0.003695
0.908920 0.003540
0.914914 0.003376
0.920722 0.003206
0.926342 0.003031
0.931770 0.002853
0.937006 0.002673
0.942045 0.002493
0.946887 0.002312
0.951529 0.002134
0.955969 0.001959
0.960205 0.001787
0.964235 0.001620
0.968057 0.001458
0.971670 0.001302
0.975073 0.001153
0.978262 0.001011
0.981238 0.000877
0.983999 0.000752
0.986543 0.000635
0.988870 0.000527
0.990978 0.000428
0.992867 0.000340
0.994536 0.000261
0.995984 0.000192
0.997210 0.000134
0.998214 0.000086
0.998995 0.000048
0.999553 0.000021
0.999888 0.000005
1.000000 0.000000