rc08n1
1.000000 0.000640
0.999887 0.000645
0.999550 0.000660
0.998987 0.000684
0.998200 0.000719
0.997189 0.000765
0.995954 0.000821
0.994496 0.000888
0.992815 0.000967
0.990912 0.001057
0.988789 0.001160
0.986445 0.001276
0.983883 0.001406
0.981103 0.001549
0.978107 0.001707
0.974896 0.001881
0.971471 0.002071
0.967834 0.002282
0.963987 0.002512
0.959932 0.002762
0.955670 0.003031
0.951203 0.003318
0.946534 0.003622
0.941664 0.003950
0.936595 0.004299
0.931331 0.004671
0.925873 0.005064
0.920224 0.005479
0.914386 0.005919
0.908363 0.006385
0.902157 0.006876
0.895770 0.007392
0.889206 0.007938
0.882469 0.008512
0.875560 0.009114
0.868483 0.009745
0.861241 0.010407
0.853839 0.011100
0.846278 0.011823
0.838563 0.012579
0.830697 0.013369
0.822684 0.014194
0.814529 0.015058
0.806234 0.015959
0.797803 0.016898
0.789241 0.017879
0.780551 0.018898
0.771738 0.019956
0.762806 0.021056
0.753757 0.022190
0.744596 0.023351
0.735326 0.024544
0.725952 0.025760
0.716476 0.027000
0.706904 0.028259
0.697237 0.029520
0.687480 0.030785
0.677635 0.032047
0.667708 0.033298
0.657702 0.034541
0.647621 0.035765
0.637470 0.036974
0.627252 0.038160
0.616972 0.039320
0.606635 0.040454
0.596245 0.041557
0.585807 0.042631
0.575325 0.043668
0.564803 0.044669
0.554248 0.045633
0.543662 0.046560
0.533053 0.047451
0.522423 0.048298
0.511778 0.049106
0.501122 0.049866
0.490460 0.050577
0.479798 0.051240
0.469140 0.051849
0.458491 0.052411
0.447856 0.052910
0.437239 0.053357
0.426647 0.053746
0.416083 0.054084
0.405553 0.054375
0.395063 0.054600
0.384616 0.054787
0.374218 0.054907
0.363873 0.054986
0.353587 0.055032
0.343364 0.055020
0.333209 0.054949
0.323126 0.054834
0.313120 0.054688
0.303197 0.054526
0.293362 0.054336
0.283616 0.054065
0.273966 0.053729
0.264417 0.053350
0.254972 0.052947
0.245636 0.052530
0.236414 0.052043
0.227310 0.051505
0.218328 0.050934
0.209473 0.050315
0.200748 0.049656
0.192159 0.048960
0.183708 0.048220
0.175400 0.047445
0.167239 0.046633
0.159229 0.045782
0.151373 0.044898
0.143676 0.043985
0.136139 0.043037
0.128768 0.042062
0.121565 0.041069
0.114531 0.040061
0.107671 0.039031
0.100993 0.037974
0.094498 0.036889
0.088185 0.035779
0.082061 0.034643
0.076134 0.033478
0.070405 0.032286
0.064866 0.031076
0.059527 0.029842
0.054400 0.028580
0.049494 0.027285
0.044804 0.025960
0.040310 0.024614
0.036029 0.023248
0.031975 0.021863
0.028157 0.020466
0.024584 0.019062
0.021246 0.017651
0.018115 0.016209
0.015221 0.014751
0.012586 0.013294
0.010221 0.011857
0.008099 0.010437
0.006195 0.009014
0.004569 0.007623
0.003240 0.006295
0.002104 0.005016
0.001237 0.003812
0.000713 0.002731
0.000351 0.001740
0.000126 0.000947
0.000027 0.000403
0.000002 0.000098
0.000000 0.000000
0.000002 -0.000097
0.000035 -0.000388
0.000172 -0.000877
0.000512 -0.001561
0.001151 -0.002417
0.002135 -0.003386
0.003407 -0.004349
0.004822 -0.005134
0.006661 -0.005693
0.008721 -0.005974
0.011041 -0.006173
0.013594 -0.006369
0.016334 -0.006693
0.019260 -0.007222
0.022388 -0.007861
0.025733 -0.008446
0.029307 -0.008844
0.033102 -0.009190
0.037113 -0.009502
0.041337 -0.009791
0.045767 -0.010077
0.050396 -0.010383
0.055218 -0.010726
0.060237 -0.011076
0.065452 -0.011433
0.070859 -0.011798
0.076456 -0.012175
0.082240 -0.012566
0.088210 -0.012967
0.094362 -0.013376
0.100694 -0.013792
0.107203 -0.014215
0.113886 -0.014645
0.120741 -0.015078
0.127764 -0.015509
0.134953 -0.015937
0.142304 -0.016364
0.149814 -0.016789
0.157479 -0.017211
0.165297 -0.017630
0.173264 -0.018046
0.181375 -0.018460
0.189629 -0.018872
0.198020 -0.019279
0.206545 -0.019682
0.215201 -0.020079
0.223983 -0.020473
0.232887 -0.020865
0.241910 -0.021254
0.251048 -0.021627
0.260297 -0.021991
0.269652 -0.022349
0.279110 -0.022699
0.288665 -0.023036
0.298315 -0.023353
0.308055 -0.023654
0.317879 -0.023943
0.327785 -0.024220
0.337767 -0.024480
0.347822 -0.024721
0.357944 -0.024942
0.368129 -0.025141
0.378372 -0.025315
0.388670 -0.025470
0.399017 -0.025597
0.409409 -0.025703
0.419840 -0.025784
0.430307 -0.025812
0.440805 -0.025826
0.451328 -0.025828
0.461872 -0.025778
0.472433 -0.025693
0.483005 -0.025587
0.493584 -0.025442
0.504164 -0.025273
0.514742 -0.025067
0.525312 -0.024838
0.535870 -0.024585
0.546411 -0.024307
0.556930 -0.024008
0.567422 -0.023685
0.577884 -0.023347
0.588310 -0.022990
0.598695 -0.022624
0.609036 -0.022252
0.619328 -0.021874
0.629566 -0.021493
0.639746 -0.021108
0.649863 -0.020729
0.659913 -0.020357
0.669892 -0.019995
0.679796 -0.019649
0.689619 -0.019317
0.699358 -0.019000
0.709009 -0.018702
0.718566 -0.018416
0.728026 -0.018137
0.737384 -0.017865
0.746636 -0.017596
0.755778 -0.017327
0.764805 -0.017059
0.773714 -0.016779
0.782500 -0.016481
0.791159 -0.016168
0.799687 -0.015833
0.808080 -0.015473
0.816335 -0.015088
0.824447 -0.014683
0.832413 -0.014255
0.840229 -0.013805
0.847892 -0.013341
0.855399 -0.012866
0.862746 -0.012377
0.869931 -0.011882
0.876950 -0.011388
0.883800 -0.010891
0.890479 -0.010394
0.896983 -0.009905
0.903311 -0.009428
0.909459 -0.008960
0.915424 -0.008502
0.921204 -0.008055
0.926797 -0.007620
0.932200 -0.007200
0.937411 -0.006793
0.942427 -0.006397
0.947245 -0.006008
0.951864 -0.005627
0.956282 -0.005265
0.960498 -0.004916
0.964507 -0.004575
0.968309 -0.004240
0.971901 -0.003907
0.975281 -0.003576
0.978448 -0.003248
0.981402 -0.002929
0.984141 -0.002621
0.986665 -0.002327
0.988972 -0.002051
0.991063 -0.001795
0.992935 -0.001561
0.994588 -0.001351
0.996022 -0.001166
0.997237 -0.001007
0.998231 -0.000876
0.999005 -0.000773
0.999558 -0.000699
0.999889 -0.000655
1.000000 -0.000640