rcsc2
1.000000 0.002100
0.999889 0.002120
0.999555 0.002182
0.998998 0.002284
0.998219 0.002428
0.997219 0.002612
0.995997 0.002837
0.994554 0.003102
0.992891 0.003408
0.991008 0.003755
0.988906 0.004141
0.986587 0.004568
0.984051 0.005035
0.981300 0.005541
0.978334 0.006087
0.975155 0.006672
0.971764 0.007293
0.968162 0.007950
0.964351 0.008644
0.960334 0.009378
0.956113 0.010155
0.951690 0.010980
0.947071 0.011863
0.942258 0.012812
0.937250 0.013814
0.932048 0.014848
0.926648 0.015891
0.921051 0.016927
0.915260 0.017973
0.909280 0.019026
0.903112 0.020081
0.896759 0.021131
0.890222 0.022174
0.883505 0.023214
0.876613 0.024258
0.869550 0.025310
0.862318 0.026364
0.854919 0.027416
0.847358 0.028462
0.839636 0.029504
0.831758 0.030538
0.823727 0.031560
0.815546 0.032569
0.807219 0.033565
0.798750 0.034542
0.790141 0.035495
0.781397 0.036431
0.772524 0.037357
0.763525 0.038279
0.754404 0.039181
0.745163 0.040045
0.735806 0.040871
0.726340 0.041685
0.716771 0.042510
0.707102 0.043330
0.697334 0.044105
0.687472 0.044833
0.677521 0.045528
0.667487 0.046198
0.657373 0.046841
0.647186 0.047474
0.636930 0.048104
0.626610 0.048710
0.616228 0.049278
0.605790 0.049816
0.595301 0.050326
0.584766 0.050827
0.574190 0.051314
0.563577 0.051774
0.552933 0.052193
0.542260 0.052571
0.531565 0.052927
0.520852 0.053256
0.510126 0.053554
0.499392 0.053814
0.488656 0.054053
0.477921 0.054277
0.467192 0.054475
0.456476 0.054631
0.445776 0.054738
0.435096 0.054830
0.424443 0.054910
0.413820 0.054969
0.403234 0.054998
0.392687 0.054987
0.382186 0.054929
0.371734 0.054838
0.361337 0.054727
0.351000 0.054611
0.340726 0.054482
0.330520 0.054320
0.320388 0.054133
0.310333 0.053927
0.300361 0.053708
0.290475 0.053469
0.280680 0.053201
0.270980 0.052908
0.261380 0.052595
0.251885 0.052267
0.242499 0.051924
0.233224 0.051558
0.224066 0.051169
0.215029 0.050756
0.206118 0.050318
0.197338 0.049853
0.188693 0.049323
0.180186 0.048753
0.171819 0.048184
0.163595 0.047618
0.155520 0.047031
0.147600 0.046403
0.139838 0.045731
0.132236 0.045021
0.124801 0.044280
0.117533 0.043505
0.110437 0.042695
0.103518 0.041850
0.096780 0.040975
0.090221 0.040066
0.083848 0.039122
0.077668 0.038144
0.071685 0.037129
0.065894 0.036075
0.060302 0.034988
0.054915 0.033874
0.049736 0.032741
0.044763 0.031574
0.040009 0.030347
0.035494 0.029051
0.031206 0.027670
0.027159 0.026227
0.023359 0.024750
0.019762 0.023258
0.016412 0.021734
0.013351 0.020165
0.010567 0.018535
0.008065 0.016771
0.006134 0.014860
0.004513 0.012802
0.003211 0.010751
0.002264 0.008829
0.001607 0.007079
0.001051 0.005449
0.000618 0.003996
0.000319 0.002757
0.000138 0.001749
0.000045 0.000975
0.000009 0.000430
0.000001 0.000107
0.000000 0.000000
0.000000 -0.000107
0.000008 -0.000429
0.000038 -0.000972
0.000117 -0.001741
0.000278 -0.002741
0.000560 -0.003976
0.001002 -0.005442
0.001638 -0.007122
0.002496 -0.008987
0.003587 -0.010982
0.004901 -0.013026
0.006401 -0.015004
0.008245 -0.016785
0.010941 -0.018367
0.013837 -0.019766
0.017009 -0.021076
0.020465 -0.022321
0.024153 -0.023530
0.028036 -0.024732
0.032160 -0.025892
0.036511 -0.026986
0.041084 -0.028002
0.045884 -0.028957
0.050894 -0.029854
0.056109 -0.030714
0.061529 -0.031548
0.067148 -0.032356
0.072962 -0.033137
0.078965 -0.033896
0.085159 -0.034633
0.091541 -0.035341
0.098105 -0.036016
0.104849 -0.036654
0.111771 -0.037262
0.118866 -0.037838
0.126131 -0.038382
0.133562 -0.038893
0.141156 -0.039376
0.148909 -0.039837
0.156816 -0.040280
0.164876 -0.040702
0.173082 -0.041108
0.181432 -0.041507
0.189922 -0.041897
0.198548 -0.042248
0.207308 -0.042548
0.216197 -0.042828
0.225210 -0.043088
0.234343 -0.043330
0.243593 -0.043555
0.252953 -0.043765
0.262422 -0.043967
0.271994 -0.044160
0.281665 -0.044338
0.291431 -0.044491
0.301287 -0.044614
0.311230 -0.044726
0.321254 -0.044833
0.331355 -0.044923
0.341529 -0.044983
0.351771 -0.044999
0.362076 -0.044975
0.372440 -0.044921
0.382858 -0.044846
0.393326 -0.044758
0.403838 -0.044663
0.414390 -0.044534
0.424978 -0.044370
0.435596 -0.044180
0.446239 -0.043974
0.456903 -0.043756
0.467584 -0.043508
0.478276 -0.043232
0.488975 -0.042931
0.499675 -0.042610
0.510371 -0.042260
0.521060 -0.041873
0.531735 -0.041457
0.542393 -0.041020
0.553029 -0.040570
0.563638 -0.040097
0.574215 -0.039599
0.584755 -0.039080
0.595255 -0.038546
0.605708 -0.037995
0.616110 -0.037413
0.626457 -0.036815
0.636744 -0.036208
0.646967 -0.035587
0.657122 -0.034957
0.667203 -0.034316
0.677205 -0.033650
0.687124 -0.032952
0.696955 -0.032230
0.706693 -0.031480
0.716334 -0.030702
0.725877 -0.029930
0.735318 -0.029184
0.744652 -0.028440
0.753872 -0.027673
0.762974 -0.026883
0.771954 -0.026078
0.780809 -0.025257
0.789534 -0.024415
0.798128 -0.023580
0.806588 -0.022772
0.814910 -0.021982
0.823088 -0.021190
0.831117 -0.020383
0.838995 -0.019569
0.846719 -0.018752
0.854284 -0.017932
0.861686 -0.017105
0.868925 -0.016285
0.875999 -0.015488
0.882904 -0.014721
0.889638 -0.013974
0.896195 -0.013237
0.902572 -0.012500
0.908766 -0.011767
0.914775 -0.011044
0.920597 -0.010337
0.926230 -0.009650
0.931672 -0.008985
0.936920 -0.008340
0.941971 -0.007714
0.946823 -0.007104
0.951473 -0.006511
0.955920 -0.005935
0.960162 -0.005378
0.964198 -0.004844
0.968025 -0.004334
0.971642 -0.003850
0.975048 -0.003394
0.978241 -0.002965
0.981221 -0.002563
0.983984 -0.002190
0.986531 -0.001844
0.988860 -0.001527
0.990971 -0.001240
0.992861 -0.000981
0.994532 -0.000752
0.995981 -0.000553
0.997208 -0.000385
0.998212 -0.000246
0.998994 -0.000139
0.999553 -0.000062
0.999888 -0.000015
1.000000 -0.000000