rg12a
1.000000 0.000000
0.999888 0.000019
0.999554 0.000077
0.998996 0.000173
0.998216 0.000309
0.997215 0.000487
0.995993 0.000711
0.994551 0.000983
0.992890 0.001302
0.991012 0.001671
0.988916 0.002086
0.986603 0.002545
0.984075 0.003054
0.981334 0.003614
0.978380 0.004221
0.975213 0.004865
0.971830 0.005531
0.968235 0.006220
0.964429 0.006937
0.960413 0.007679
0.956189 0.008441
0.951758 0.009215
0.947122 0.010000
0.942281 0.010794
0.937239 0.011602
0.931999 0.012424
0.926564 0.013265
0.920936 0.014123
0.915118 0.014995
0.909111 0.015880
0.902919 0.016779
0.896545 0.017694
0.889991 0.018623
0.883260 0.019564
0.876356 0.020517
0.869280 0.021480
0.862037 0.022452
0.854630 0.023432
0.847060 0.024420
0.839333 0.025415
0.831452 0.026417
0.823419 0.027426
0.815240 0.028444
0.806917 0.029469
0.798454 0.030497
0.789854 0.031525
0.781121 0.032551
0.772259 0.033575
0.763272 0.034598
0.754164 0.035618
0.744939 0.036634
0.735600 0.037642
0.726153 0.038645
0.716601 0.039642
0.706948 0.040632
0.697200 0.041615
0.687360 0.042592
0.677433 0.043563
0.667423 0.044528
0.657334 0.045481
0.647172 0.046422
0.636939 0.047349
0.626642 0.048266
0.616285 0.049170
0.605871 0.050056
0.595406 0.050920
0.584894 0.051764
0.574340 0.052591
0.563749 0.053398
0.553124 0.054181
0.542472 0.054934
0.531797 0.055667
0.521103 0.056380
0.510395 0.057062
0.499678 0.057704
0.488957 0.058305
0.478236 0.058885
0.467521 0.059437
0.456815 0.059951
0.446125 0.060420
0.435455 0.060844
0.424810 0.061250
0.414194 0.061625
0.403612 0.061950
0.393070 0.062208
0.382572 0.062427
0.372122 0.062636
0.361726 0.062807
0.351389 0.062915
0.341115 0.062939
0.330909 0.062913
0.320775 0.062861
0.310719 0.062789
0.300745 0.062701
0.290859 0.062577
0.281063 0.062353
0.271363 0.062054
0.261764 0.061709
0.252271 0.061348
0.242888 0.060936
0.233618 0.060452
0.224467 0.059914
0.215441 0.059336
0.206543 0.058726
0.197775 0.058050
0.189143 0.057314
0.180652 0.056532
0.172308 0.055713
0.164113 0.054844
0.156069 0.053913
0.148182 0.052932
0.140459 0.051910
0.132902 0.050852
0.125512 0.049738
0.118294 0.048573
0.111254 0.047367
0.104398 0.046127
0.097725 0.044844
0.091237 0.043512
0.084942 0.042139
0.078846 0.040735
0.072951 0.039301
0.067250 0.037826
0.061756 0.036315
0.056475 0.034775
0.051415 0.033212
0.046560 0.031619
0.041920 0.029996
0.037510 0.028351
0.033339 0.026689
0.029390 0.025010
0.025661 0.023311
0.022174 0.021602
0.018946 0.019892
0.015955 0.018190
0.013166 0.016494
0.010638 0.014808
0.008408 0.013137
0.006442 0.011494
0.004541 0.009882
0.002922 0.008318
0.001740 0.006823
0.001038 0.005424
0.000638 0.004061
0.000340 0.002776
0.000150 0.001714
0.000050 0.000923
0.000010 0.000394
0.000001 0.000096
0.000000 0.000000
0.000003 -0.000095
0.000046 -0.000377
0.000220 -0.000840
0.000643 -0.001471
0.001403 -0.002244
0.002488 -0.003113
0.003696 -0.004006
0.005066 -0.004895
0.006754 -0.005786
0.008708 -0.006675
0.010842 -0.007582
0.013207 -0.008514
0.015812 -0.009456
0.018650 -0.010387
0.021709 -0.011289
0.024987 -0.012152
0.028502 -0.012990
0.032245 -0.013799
0.036202 -0.014579
0.040364 -0.015336
0.044741 -0.016074
0.049329 -0.016788
0.054122 -0.017474
0.059115 -0.018128
0.064309 -0.018759
0.069702 -0.019366
0.075290 -0.019947
0.081068 -0.020497
0.087034 -0.021021
0.093187 -0.021525
0.099523 -0.022004
0.106039 -0.022457
0.112730 -0.022881
0.119594 -0.023286
0.126629 -0.023671
0.133830 -0.024032
0.141195 -0.024366
0.148719 -0.024680
0.156400 -0.024977
0.164233 -0.025254
0.172216 -0.025506
0.180345 -0.025733
0.188615 -0.025946
0.197024 -0.026143
0.205567 -0.026320
0.214241 -0.026470
0.223041 -0.026607
0.231964 -0.026736
0.241006 -0.026847
0.250162 -0.026931
0.259428 -0.026986
0.268801 -0.027032
0.278276 -0.027071
0.287849 -0.027099
0.297516 -0.027110
0.307272 -0.027101
0.317112 -0.027072
0.327034 -0.027030
0.337031 -0.026979
0.347100 -0.026923
0.357236 -0.026849
0.367434 -0.026752
0.377691 -0.026640
0.388001 -0.026518
0.398361 -0.026389
0.408764 -0.026240
0.419207 -0.026075
0.429685 -0.025896
0.440193 -0.025708
0.450727 -0.025509
0.461282 -0.025295
0.471853 -0.025066
0.482435 -0.024823
0.493024 -0.024568
0.503615 -0.024297
0.514204 -0.024009
0.524785 -0.023705
0.535353 -0.023386
0.545905 -0.023052
0.556435 -0.022704
0.566939 -0.022337
0.577411 -0.021950
0.587847 -0.021540
0.598242 -0.021106
0.608592 -0.020644
0.618892 -0.020154
0.629137 -0.019635
0.639320 -0.019085
0.649439 -0.018497
0.659487 -0.017858
0.669462 -0.017179
0.679359 -0.016475
0.689174 -0.015759
0.698902 -0.015030
0.708538 -0.014267
0.718080 -0.013488
0.727523 -0.012709
0.736865 -0.011945
0.746101 -0.011196
0.755228 -0.010450
0.764240 -0.009714
0.773134 -0.008996
0.781908 -0.008303
0.790557 -0.007632
0.799077 -0.006978
0.807465 -0.006345
0.815715 -0.005737
0.823826 -0.005158
0.831794 -0.004602
0.839614 -0.004066
0.847284 -0.003555
0.854799 -0.003076
0.862158 -0.002631
0.869356 -0.002213
0.876390 -0.001817
0.883256 -0.001450
0.889953 -0.001114
0.896476 -0.000814
0.902823 -0.000538
0.908991 -0.000282
0.914977 -0.000052
0.920779 0.000148
0.926392 0.000314
0.931816 0.000466
0.937047 0.000607
0.942083 0.000724
0.946922 0.000808
0.951562 0.000852
0.956000 0.000876
0.960234 0.000896
0.964263 0.000909
0.968084 0.000918
0.971695 0.000920
0.975096 0.000898
0.978285 0.000848
0.981260 0.000783
0.984019 0.000714
0.986562 0.000647
0.988887 0.000576
0.990993 0.000494
0.992880 0.000410
0.994547 0.000328
0.995992 0.000253
0.997216 0.000186
0.998218 0.000123
0.998997 0.000070
0.999554 0.000031
0.999889 0.000008
1.000000 -0.000000