rg15a111
1.000000 0.000000
0.999888 0.000020
0.999552 0.000078
0.998992 0.000177
0.998209 0.000316
0.997203 0.000500
0.995976 0.000731
0.994530 0.001012
0.992863 0.001344
0.990978 0.001727
0.988875 0.002160
0.986555 0.002640
0.984020 0.003175
0.981272 0.003766
0.978311 0.004405
0.975135 0.005084
0.971743 0.005788
0.968139 0.006521
0.964323 0.007286
0.960297 0.008079
0.956063 0.008897
0.951622 0.009733
0.946974 0.010584
0.942123 0.011453
0.937069 0.012340
0.931818 0.013249
0.926372 0.014184
0.920733 0.015141
0.914903 0.016118
0.908884 0.017114
0.902681 0.018131
0.896295 0.019171
0.889729 0.020232
0.882987 0.021313
0.876070 0.022411
0.868983 0.023525
0.861727 0.024655
0.854307 0.025800
0.846726 0.026958
0.838986 0.028130
0.831091 0.029313
0.823046 0.030507
0.814852 0.031712
0.806515 0.032927
0.798036 0.034149
0.789421 0.035376
0.780672 0.036604
0.771794 0.037837
0.762790 0.039072
0.753665 0.040308
0.744421 0.041541
0.735065 0.042772
0.725599 0.044002
0.716027 0.045229
0.706354 0.046448
0.696584 0.047655
0.686721 0.048851
0.676770 0.050038
0.666734 0.051214
0.656619 0.052372
0.646428 0.053509
0.636166 0.054630
0.625837 0.055736
0.615447 0.056820
0.605000 0.057879
0.594500 0.058906
0.583952 0.059912
0.573360 0.060895
0.562730 0.061848
0.552066 0.062763
0.541372 0.063638
0.530654 0.064488
0.519917 0.065306
0.509164 0.066085
0.498402 0.066816
0.487635 0.067508
0.476868 0.068171
0.466105 0.068796
0.455352 0.069373
0.444614 0.069893
0.433896 0.070384
0.423201 0.070846
0.412536 0.071260
0.401905 0.071606
0.391314 0.071882
0.380766 0.072150
0.370267 0.072385
0.359821 0.072553
0.349435 0.072620
0.339112 0.072609
0.328857 0.072575
0.318675 0.072524
0.308571 0.072457
0.298551 0.072369
0.288618 0.072168
0.278777 0.071866
0.269032 0.071501
0.259391 0.071111
0.249856 0.070687
0.240431 0.070177
0.231122 0.069598
0.221934 0.068971
0.212873 0.068309
0.203939 0.067574
0.195139 0.066766
0.186478 0.065901
0.177961 0.064992
0.169593 0.064032
0.161374 0.062998
0.153310 0.061904
0.145409 0.060760
0.137676 0.059575
0.130107 0.058325
0.122710 0.057014
0.115492 0.055653
0.108460 0.054250
0.101611 0.052794
0.094948 0.051279
0.088479 0.049715
0.082213 0.048111
0.076150 0.046467
0.070284 0.044771
0.064627 0.043031
0.059189 0.041255
0.053975 0.039451
0.048968 0.037610
0.044180 0.035733
0.039632 0.033825
0.035335 0.031894
0.031261 0.029930
0.027416 0.027937
0.023825 0.025933
0.020504 0.023931
0.017408 0.021939
0.014525 0.019954
0.011919 0.017981
0.009628 0.016029
0.007610 0.014104
0.005742 0.012202
0.004154 0.010359
0.002923 0.008607
0.002066 0.006974
0.001389 0.005409
0.000834 0.003963
0.000436 0.002718
0.000190 0.001709
0.000063 0.000944
0.000013 0.000413
0.000001 0.000102
0.000000 0.000000
0.000002 -0.000102
0.000024 -0.000409
0.000120 -0.000923
0.000360 -0.001644
0.000820 -0.002566
0.001553 -0.003664
0.002555 -0.004888
0.003727 -0.006148
0.005023 -0.007373
0.006695 -0.008613
0.008734 -0.009856
0.011068 -0.011102
0.013566 -0.012364
0.016254 -0.013642
0.019205 -0.014913
0.022401 -0.016159
0.025815 -0.017364
0.029461 -0.018542
0.033346 -0.019695
0.037458 -0.020811
0.041782 -0.021883
0.046320 -0.022915
0.051079 -0.023914
0.056051 -0.024874
0.061225 -0.025794
0.066597 -0.026679
0.072173 -0.027535
0.077946 -0.028356
0.083912 -0.029134
0.090064 -0.029869
0.096404 -0.030575
0.102929 -0.031247
0.109633 -0.031880
0.116511 -0.032470
0.123562 -0.033032
0.130783 -0.033565
0.138170 -0.034062
0.145718 -0.034517
0.153423 -0.034938
0.161284 -0.035336
0.169297 -0.035703
0.177456 -0.036030
0.185757 -0.036317
0.194198 -0.036587
0.202775 -0.036832
0.211484 -0.037040
0.220320 -0.037200
0.229279 -0.037341
0.238357 -0.037470
0.247551 -0.037571
0.256856 -0.037626
0.266267 -0.037628
0.275782 -0.037616
0.285394 -0.037596
0.295100 -0.037569
0.304896 -0.037535
0.314776 -0.037462
0.324738 -0.037336
0.334775 -0.037177
0.344884 -0.037002
0.355061 -0.036821
0.365299 -0.036610
0.375596 -0.036369
0.385946 -0.036105
0.396345 -0.035825
0.406788 -0.035524
0.417270 -0.035194
0.427786 -0.034838
0.438333 -0.034462
0.448904 -0.034071
0.459497 -0.033658
0.470105 -0.033222
0.480724 -0.032761
0.491348 -0.032278
0.501974 -0.031771
0.512597 -0.031237
0.523211 -0.030674
0.533811 -0.030081
0.544393 -0.029458
0.554951 -0.028798
0.565480 -0.028093
0.575977 -0.027352
0.586437 -0.026583
0.596854 -0.025795
0.607224 -0.024978
0.617542 -0.024124
0.627804 -0.023248
0.638007 -0.022364
0.648147 -0.021484
0.658219 -0.020598
0.668217 -0.019705
0.678139 -0.018811
0.687980 -0.017926
0.697737 -0.017054
0.707405 -0.016189
0.716979 -0.015332
0.726455 -0.014487
0.735831 -0.013661
0.745101 -0.012856
0.754261 -0.012065
0.763307 -0.011292
0.772236 -0.010539
0.781043 -0.009811
0.789725 -0.009107
0.798278 -0.008422
0.806697 -0.007760
0.814980 -0.007123
0.823123 -0.006515
0.831121 -0.005937
0.838972 -0.005380
0.846672 -0.004849
0.854217 -0.004346
0.861604 -0.003873
0.868830 -0.003428
0.875891 -0.003005
0.882785 -0.002607
0.889507 -0.002237
0.896056 -0.001900
0.902427 -0.001590
0.908619 -0.001301
0.914628 -0.001035
0.920452 -0.000796
0.926087 -0.000584
0.931532 -0.000395
0.936783 -0.000221
0.941839 -0.000065
0.946697 0.000066
0.951354 0.000171
0.955810 0.000262
0.960061 0.000347
0.964106 0.000416
0.967942 0.000462
0.971569 0.000480
0.974984 0.000478
0.978186 0.000473
0.981173 0.000465
0.983945 0.000454
0.986499 0.000443
0.988834 0.000420
0.990950 0.000371
0.992846 0.000312
0.994520 0.000252
0.995973 0.000197
0.997203 0.000148
0.998209 0.000099
0.998992 0.000057
0.999552 0.000026
0.999888 0.000006
1.000000 0.000000