rg8
1.000000 0.000000
0.999889 0.000026
0.999558 0.000105
0.999005 0.000237
0.998233 0.000424
0.997241 0.000669
0.996032 0.000976
0.994607 0.001348
0.992967 0.001786
0.991113 0.002291
0.989044 0.002859
0.986761 0.003483
0.984265 0.004173
0.981560 0.004930
0.978645 0.005746
0.975516 0.006607
0.972171 0.007493
0.968612 0.008406
0.964840 0.009353
0.960857 0.010327
0.956664 0.011320
0.952261 0.012322
0.947650 0.013332
0.942832 0.014350
0.937809 0.015380
0.932588 0.016427
0.927171 0.017494
0.921560 0.018577
0.915755 0.019673
0.909761 0.020782
0.903581 0.021906
0.897218 0.023047
0.890674 0.024201
0.883951 0.025367
0.877053 0.026544
0.869984 0.027731
0.862745 0.028928
0.855341 0.030133
0.847774 0.031346
0.840048 0.032565
0.832166 0.033788
0.824133 0.035015
0.815950 0.036247
0.807622 0.037480
0.799152 0.038713
0.790545 0.039943
0.781803 0.041170
0.772931 0.042395
0.763933 0.043615
0.754812 0.044828
0.745572 0.046030
0.736219 0.047223
0.726755 0.048408
0.717184 0.049582
0.707512 0.050741
0.697743 0.051884
0.687880 0.053015
0.677929 0.054132
0.667893 0.055230
0.657777 0.056307
0.647585 0.057360
0.637323 0.058396
0.626994 0.059412
0.616603 0.060401
0.606155 0.061359
0.595654 0.062288
0.585106 0.063195
0.574514 0.064073
0.563883 0.064918
0.553220 0.065724
0.542527 0.066501
0.531810 0.067253
0.521074 0.067968
0.510324 0.068639
0.499564 0.069263
0.488800 0.069860
0.478035 0.070424
0.467276 0.070942
0.456527 0.071403
0.445793 0.071820
0.435079 0.072219
0.424389 0.072575
0.413730 0.072867
0.403105 0.073075
0.392519 0.073252
0.381978 0.073408
0.371486 0.073526
0.361048 0.073586
0.350670 0.073575
0.340355 0.073502
0.330109 0.073383
0.319937 0.073235
0.309844 0.073069
0.299834 0.072831
0.289911 0.072499
0.280081 0.072102
0.270349 0.071668
0.260720 0.071205
0.251197 0.070664
0.241785 0.070054
0.232490 0.069393
0.223317 0.068695
0.214269 0.067938
0.205349 0.067110
0.196564 0.066224
0.187919 0.065293
0.179419 0.064316
0.171064 0.063271
0.162860 0.062164
0.154814 0.061009
0.146932 0.059813
0.139212 0.058557
0.131658 0.057243
0.124279 0.055878
0.117080 0.054473
0.110062 0.053022
0.103225 0.051516
0.096577 0.049962
0.090125 0.048370
0.083874 0.046742
0.077817 0.045067
0.071962 0.043350
0.066318 0.041599
0.060893 0.039823
0.055675 0.038015
0.050669 0.036174
0.045889 0.034309
0.041346 0.032426
0.037026 0.030527
0.032924 0.028609
0.029060 0.026679
0.025450 0.024746
0.022085 0.022820
0.018928 0.020898
0.016018 0.018986
0.013383 0.017094
0.011029 0.015233
0.008838 0.013407
0.006875 0.011626
0.005225 0.009905
0.003921 0.008262
0.002875 0.006693
0.001913 0.005188
0.001140 0.003824
0.000593 0.002648
0.000258 0.001685
0.000085 0.000941
0.000017 0.000416
0.000001 0.000103
0.000000 0.000000
0.000001 -0.000104
0.000023 -0.000420
0.000109 -0.000958
0.000324 -0.001728
0.000725 -0.002718
0.001335 -0.003877
0.002106 -0.005088
0.003079 -0.006270
0.004478 -0.007493
0.006289 -0.008735
0.008421 -0.009976
0.010688 -0.011212
0.013143 -0.012447
0.015879 -0.013673
0.018876 -0.014877
0.022103 -0.016048
0.025531 -0.017187
0.029201 -0.018303
0.033109 -0.019390
0.037242 -0.020439
0.041582 -0.021446
0.046134 -0.022420
0.050905 -0.023365
0.055888 -0.024274
0.061075 -0.025140
0.066459 -0.025958
0.072043 -0.026745
0.077827 -0.027499
0.083804 -0.028216
0.089968 -0.028887
0.096315 -0.029518
0.102846 -0.030123
0.109558 -0.030695
0.116445 -0.031230
0.123503 -0.031721
0.130729 -0.032180
0.138121 -0.032617
0.145675 -0.033022
0.153387 -0.033390
0.161252 -0.033712
0.169267 -0.034011
0.177431 -0.034290
0.185737 -0.034540
0.194182 -0.034748
0.202762 -0.034911
0.211473 -0.035065
0.220312 -0.035206
0.229275 -0.035315
0.238356 -0.035375
0.247552 -0.035377
0.256860 -0.035363
0.266274 -0.035338
0.275790 -0.035303
0.285404 -0.035261
0.295112 -0.035194
0.304910 -0.035068
0.314792 -0.034896
0.324755 -0.034694
0.334794 -0.034481
0.344904 -0.034251
0.355081 -0.033980
0.365321 -0.033674
0.375617 -0.033338
0.385966 -0.032978
0.396364 -0.032583
0.406805 -0.032145
0.417285 -0.031666
0.427797 -0.031148
0.438337 -0.030593
0.448901 -0.029982
0.459483 -0.029310
0.470079 -0.028590
0.480684 -0.027835
0.491293 -0.027052
0.501900 -0.026218
0.512502 -0.025335
0.523094 -0.024419
0.533673 -0.023489
0.544235 -0.022559
0.554774 -0.021611
0.565286 -0.020646
0.575766 -0.019674
0.586211 -0.018703
0.596616 -0.017743
0.606977 -0.016785
0.617289 -0.015828
0.627547 -0.014879
0.637747 -0.013942
0.647886 -0.013024
0.657959 -0.012117
0.667960 -0.011222
0.677886 -0.010343
0.687732 -0.009486
0.697495 -0.008656
0.707170 -0.007848
0.716752 -0.007059
0.726238 -0.006293
0.735623 -0.005555
0.744903 -0.004848
0.754074 -0.004172
0.763132 -0.003518
0.772073 -0.002890
0.780893 -0.002292
0.789587 -0.001730
0.798153 -0.001204
0.806585 -0.000702
0.814881 -0.000224
0.823037 0.000222
0.831048 0.000632
0.838912 0.001001
0.846624 0.001340
0.854181 0.001662
0.861580 0.001956
0.868817 0.002215
0.875889 0.002430
0.882793 0.002603
0.889525 0.002769
0.896083 0.002921
0.902463 0.003042
0.908663 0.003122
0.914678 0.003150
0.920508 0.003144
0.926149 0.003128
0.931599 0.003104
0.936855 0.003074
0.941913 0.003040
0.946773 0.002996
0.951432 0.002910
0.955889 0.002788
0.960140 0.002646
0.964184 0.002496
0.968018 0.002347
0.971642 0.002192
0.975054 0.002018
0.978252 0.001833
0.981234 0.001645
0.984000 0.001460
0.986548 0.001280
0.988878 0.001099
0.990987 0.000920
0.992877 0.000748
0.994545 0.000589
0.995992 0.000446
0.997216 0.000320
0.998218 0.000209
0.998998 0.000119
0.999554 0.000053
0.999889 0.000013
1.000000 0.000000