k3311sm
1.000000 0.000000
0.999889 0.000025
0.999554 0.000100
0.998997 0.000225
0.998217 0.000399
0.997215 0.000622
0.995991 0.000894
0.994545 0.001215
0.992879 0.001583
0.990992 0.001996
0.988885 0.002455
0.986559 0.002958
0.984015 0.003505
0.981254 0.004093
0.978276 0.004721
0.975083 0.005388
0.971676 0.006094
0.968057 0.006839
0.964228 0.007622
0.960190 0.008442
0.955944 0.009298
0.951492 0.010190
0.946838 0.011117
0.941981 0.012078
0.936925 0.013072
0.931672 0.014099
0.926224 0.015158
0.920583 0.016249
0.914753 0.017370
0.908734 0.018522
0.902532 0.019704
0.896147 0.020915
0.889582 0.022153
0.882841 0.023417
0.875926 0.024704
0.868840 0.026015
0.861586 0.027349
0.854168 0.028705
0.846589 0.030083
0.838852 0.031482
0.830960 0.032899
0.822917 0.034331
0.814725 0.035778
0.806389 0.037239
0.797913 0.038712
0.789298 0.040192
0.780550 0.041680
0.771672 0.043176
0.762668 0.044676
0.753542 0.046180
0.744298 0.047688
0.734940 0.049198
0.725471 0.050706
0.715896 0.052209
0.706219 0.053707
0.696444 0.055200
0.686576 0.056685
0.676619 0.058161
0.666577 0.059630
0.656454 0.061086
0.646256 0.062526
0.635985 0.063950
0.625648 0.065360
0.615248 0.066747
0.604788 0.068105
0.594275 0.069441
0.583713 0.070750
0.573106 0.072023
0.562458 0.073256
0.551774 0.074457
0.541059 0.075618
0.530317 0.076728
0.519555 0.077796
0.508775 0.078822
0.497983 0.079794
0.487185 0.080704
0.476384 0.081572
0.465586 0.082384
0.454796 0.083121
0.444019 0.083798
0.433259 0.084427
0.422522 0.084979
0.411813 0.085438
0.401137 0.085867
0.390499 0.086227
0.379904 0.086457
0.369359 0.086577
0.358866 0.086672
0.348433 0.086729
0.338065 0.086727
0.327765 0.086592
0.317540 0.086356
0.307396 0.086076
0.297337 0.085737
0.287366 0.085274
0.277492 0.084730
0.267719 0.084144
0.258050 0.083466
0.248490 0.082700
0.239047 0.081872
0.229725 0.080980
0.220526 0.079997
0.211457 0.078943
0.202525 0.077833
0.193731 0.076644
0.185079 0.075380
0.176578 0.074057
0.168231 0.072676
0.160038 0.071220
0.152008 0.069703
0.144148 0.068136
0.136456 0.066503
0.128938 0.064808
0.121601 0.063064
0.114449 0.061274
0.107481 0.059426
0.100704 0.057532
0.094126 0.055602
0.087743 0.053629
0.081559 0.051614
0.075586 0.049568
0.069824 0.047493
0.064270 0.045383
0.058932 0.043249
0.053819 0.041101
0.048922 0.038937
0.044245 0.036760
0.039800 0.034580
0.035588 0.032404
0.031595 0.030230
0.027835 0.028067
0.024322 0.025925
0.021032 0.023811
0.017966 0.021727
0.015153 0.019675
0.012603 0.017662
0.010247 0.015702
0.008132 0.013795
0.006311 0.011946
0.004773 0.010162
0.003377 0.008449
0.002231 0.006837
0.001401 0.005355
0.000881 0.004025
0.000497 0.002825
0.000228 0.001805
0.000078 0.001007
0.000016 0.000444
0.000001 0.000110
0.000000 0.000000
0.000001 -0.000110
0.000019 -0.000445
0.000091 -0.001010
0.000266 -0.001805
0.000576 -0.002794
0.001012 -0.003883
0.001741 -0.005047
0.002930 -0.006297
0.004493 -0.007546
0.006228 -0.008682
0.008279 -0.009752
0.010672 -0.010759
0.013306 -0.011686
0.016144 -0.012542
0.019245 -0.013341
0.022585 -0.014086
0.026132 -0.014785
0.029902 -0.015443
0.033895 -0.016064
0.038097 -0.016658
0.042504 -0.017230
0.047122 -0.017778
0.051943 -0.018306
0.056963 -0.018819
0.062181 -0.019319
0.067596 -0.019802
0.073204 -0.020270
0.079001 -0.020725
0.084986 -0.021169
0.091156 -0.021595
0.097508 -0.021997
0.104039 -0.022382
0.110747 -0.022749
0.117627 -0.023091
0.124678 -0.023407
0.131895 -0.023708
0.139276 -0.023985
0.146817 -0.024230
0.154514 -0.024452
0.162365 -0.024656
0.170365 -0.024830
0.178510 -0.024964
0.186798 -0.025091
0.195224 -0.025195
0.203785 -0.025248
0.212476 -0.025249
0.221293 -0.025247
0.230234 -0.025244
0.239292 -0.025238
0.248466 -0.025185
0.257749 -0.025082
0.267139 -0.024955
0.276630 -0.024822
0.286220 -0.024655
0.295902 -0.024461
0.305674 -0.024249
0.315530 -0.024019
0.325466 -0.023760
0.335478 -0.023481
0.345562 -0.023185
0.355712 -0.022867
0.365924 -0.022527
0.376194 -0.022166
0.386517 -0.021786
0.396889 -0.021382
0.407304 -0.020956
0.417758 -0.020510
0.428246 -0.020041
0.438764 -0.019548
0.449307 -0.019038
0.459870 -0.018514
0.470449 -0.017971
0.481040 -0.017412
0.491636 -0.016845
0.502235 -0.016267
0.512830 -0.015677
0.523418 -0.015083
0.533995 -0.014493
0.544555 -0.013903
0.555094 -0.013315
0.565607 -0.012735
0.576091 -0.012166
0.586539 -0.011605
0.596948 -0.011053
0.607313 -0.010514
0.617630 -0.009987
0.627893 -0.009471
0.638099 -0.008968
0.648242 -0.008480
0.658319 -0.008005
0.668324 -0.007544
0.678254 -0.007096
0.688103 -0.006663
0.697868 -0.006242
0.707544 -0.005834
0.717126 -0.005442
0.726611 -0.005066
0.735995 -0.004702
0.745272 -0.004353
0.754440 -0.004021
0.763493 -0.003704
0.772428 -0.003401
0.781241 -0.003114
0.789928 -0.002846
0.798485 -0.002596
0.806908 -0.002361
0.815194 -0.002143
0.823338 -0.001944
0.831338 -0.001761
0.839189 -0.001591
0.846888 -0.001439
0.854432 -0.001308
0.861817 -0.001194
0.869039 -0.001091
0.876097 -0.001003
0.882986 -0.000931
0.889703 -0.000867
0.896245 -0.000812
0.902610 -0.000767
0.908794 -0.000736
0.914795 -0.000713
0.920610 -0.000695
0.926237 -0.000681
0.931673 -0.000668
0.936915 -0.000657
0.941962 -0.000648
0.946811 -0.000639
0.951459 -0.000627
0.955905 -0.000615
0.960147 -0.000601
0.964183 -0.000584
0.968012 -0.000564
0.971630 -0.000537
0.975037 -0.000503
0.978232 -0.000466
0.981212 -0.000429
0.983977 -0.000388
0.986525 -0.000343
0.988856 -0.000298
0.990967 -0.000254
0.992858 -0.000210
0.994529 -0.000166
0.995979 -0.000126
0.997207 -0.000090
0.998212 -0.000059
0.998994 -0.000034
0.999553 -0.000015
0.999888 -0.000004
1.000000 -0.000000