kc135b
1.000000 0.000000
0.999888 0.000018
0.999552 0.000071
0.998991 0.000161
0.998207 0.000286
0.997199 0.000446
0.995968 0.000643
0.994515 0.000874
0.992840 0.001141
0.990944 0.001444
0.988828 0.001781
0.986492 0.002153
0.983938 0.002560
0.981167 0.003002
0.978180 0.003478
0.974978 0.003988
0.971563 0.004533
0.967937 0.005111
0.964101 0.005722
0.960056 0.006367
0.955805 0.007045
0.951349 0.007755
0.946691 0.008498
0.941832 0.009272
0.936774 0.010078
0.931521 0.010916
0.926073 0.011784
0.920434 0.012683
0.914606 0.013612
0.908592 0.014570
0.902395 0.015558
0.896016 0.016575
0.889460 0.017620
0.882728 0.018693
0.875824 0.019794
0.868751 0.020921
0.861512 0.022075
0.854110 0.023255
0.846549 0.024460
0.838832 0.025690
0.830963 0.026945
0.822944 0.028223
0.814779 0.029524
0.806473 0.030848
0.798029 0.032194
0.789449 0.033562
0.780740 0.034950
0.771903 0.036359
0.762944 0.037787
0.753866 0.039234
0.744672 0.040700
0.735369 0.042185
0.725959 0.043688
0.716446 0.045205
0.706834 0.046735
0.697128 0.048276
0.687334 0.049841
0.677455 0.051423
0.667492 0.053004
0.657450 0.054569
0.647328 0.056100
0.637135 0.057614
0.626874 0.059113
0.616549 0.060585
0.606165 0.062017
0.595724 0.063401
0.585233 0.064757
0.574696 0.066078
0.564117 0.067352
0.553502 0.068566
0.542854 0.069719
0.532178 0.070836
0.521480 0.071904
0.510764 0.072904
0.500035 0.073817
0.489299 0.074670
0.478558 0.075482
0.467820 0.076228
0.457090 0.076881
0.446374 0.077427
0.435674 0.077958
0.424996 0.078452
0.414347 0.078844
0.403732 0.079071
0.393157 0.079124
0.382624 0.079156
0.372140 0.079179
0.361711 0.079194
0.351342 0.079200
0.341040 0.079117
0.330806 0.078854
0.320647 0.078475
0.310566 0.078045
0.300570 0.077623
0.290660 0.077209
0.280842 0.076752
0.271120 0.076252
0.261502 0.075711
0.251992 0.075128
0.242594 0.074492
0.233311 0.073783
0.224148 0.073011
0.215110 0.072188
0.206203 0.071326
0.197432 0.070434
0.188797 0.069489
0.180300 0.068489
0.171950 0.067438
0.163752 0.066342
0.155714 0.065205
0.147839 0.064032
0.140121 0.062809
0.132566 0.061536
0.125179 0.060215
0.117970 0.058851
0.110943 0.057447
0.104106 0.056009
0.097462 0.054533
0.091012 0.052958
0.084761 0.051301
0.078717 0.049593
0.072885 0.047863
0.067247 0.046102
0.061816 0.044304
0.056605 0.042473
0.051628 0.040614
0.046881 0.038728
0.042342 0.036815
0.038020 0.034889
0.033924 0.032964
0.030060 0.031053
0.026432 0.029169
0.023036 0.027313
0.019860 0.025456
0.016917 0.023616
0.014218 0.021813
0.011765 0.020061
0.009552 0.018326
0.007598 0.016630
0.005875 0.014989
0.004500 0.013361
0.003222 0.011784
0.002103 0.010324
0.001235 0.009024
0.000637 0.007908
0.000275 0.006989
0.000090 0.006275
0.000018 0.005766
0.000001 0.005461
0.000000 0.005360
0.000001 0.005258
0.000008 0.004950
0.000040 0.004424
0.000124 0.003668
0.000295 0.002667
0.000591 0.001415
0.001052 -0.000081
0.001709 -0.001790
0.002585 -0.003647
0.003680 -0.005539
0.004969 -0.007293
0.007080 -0.008725
0.009567 -0.010004
0.012339 -0.011171
0.015373 -0.012204
0.018672 -0.013183
0.022216 -0.014102
0.025972 -0.014963
0.029947 -0.015779
0.034148 -0.016560
0.038569 -0.017316
0.043201 -0.018066
0.048032 -0.018834
0.053053 -0.019637
0.058274 -0.020443
0.063692 -0.021251
0.069303 -0.022071
0.075103 -0.022915
0.081087 -0.023784
0.087256 -0.024668
0.093607 -0.025567
0.100137 -0.026479
0.106842 -0.027407
0.113719 -0.028354
0.120766 -0.029316
0.127980 -0.030291
0.135358 -0.031275
0.142896 -0.032265
0.150592 -0.033256
0.158442 -0.034258
0.166441 -0.035275
0.174589 -0.036295
0.182881 -0.037304
0.191314 -0.038290
0.199887 -0.039238
0.208596 -0.040155
0.217437 -0.041055
0.226405 -0.041931
0.235496 -0.042775
0.244705 -0.043576
0.254028 -0.044329
0.263463 -0.045053
0.273005 -0.045747
0.282648 -0.046404
0.292389 -0.047018
0.302220 -0.047584
0.312140 -0.048137
0.322144 -0.048672
0.332227 -0.049158
0.342384 -0.049566
0.352611 -0.049868
0.362904 -0.050134
0.373258 -0.050376
0.383667 -0.050568
0.394126 -0.050681
0.404629 -0.050692
0.415174 -0.050624
0.425754 -0.050496
0.436364 -0.050325
0.446998 -0.050128
0.457651 -0.049881
0.468319 -0.049500
0.478997 -0.049019
0.489679 -0.048476
0.500359 -0.047911
0.511034 -0.047295
0.521698 -0.046595
0.532347 -0.045832
0.542975 -0.045027
0.553578 -0.044195
0.564150 -0.043300
0.574688 -0.042348
0.585186 -0.041362
0.595644 -0.040365
0.606055 -0.039368
0.616414 -0.038348
0.626718 -0.037312
0.636963 -0.036274
0.647144 -0.035246
0.657259 -0.034235
0.667302 -0.033230
0.677269 -0.032233
0.687154 -0.031244
0.696955 -0.030264
0.706665 -0.029294
0.716282 -0.028334
0.725801 -0.027384
0.735217 -0.026445
0.744526 -0.025516
0.753725 -0.024598
0.762808 -0.023692
0.771773 -0.022798
0.780614 -0.021915
0.789329 -0.021046
0.797913 -0.020188
0.806363 -0.019344
0.814674 -0.018513
0.822843 -0.017696
0.830866 -0.016893
0.838740 -0.016106
0.846461 -0.015334
0.854027 -0.014578
0.861433 -0.013839
0.868676 -0.013116
0.875753 -0.012410
0.882661 -0.011721
0.889396 -0.011049
0.895957 -0.010394
0.902339 -0.009756
0.908540 -0.009136
0.914558 -0.008535
0.920389 -0.007951
0.926031 -0.007387
0.931481 -0.006842
0.936738 -0.006316
0.941798 -0.005810
0.946660 -0.005324
0.951321 -0.004858
0.955779 -0.004413
0.960033 -0.003988
0.964080 -0.003584
0.967918 -0.003201
0.971547 -0.002838
0.974964 -0.002497
0.978167 -0.002178
0.981156 -0.001879
0.983928 -0.001603
0.986484 -0.001348
0.988821 -0.001115
0.990939 -0.000904
0.992836 -0.000714
0.994512 -0.000547
0.995966 -0.000402
0.997197 -0.000279
0.998206 -0.000179
0.998990 -0.000101
0.999551 -0.000045
0.999888 -0.000011
1.000000 0.000000