kc135c
1.000000 0.000000
0.999888 0.000016
0.999553 0.000065
0.998994 0.000147
0.998212 0.000262
0.997207 0.000409
0.995980 0.000588
0.994530 0.000800
0.992860 0.001045
0.990969 0.001321
0.988859 0.001630
0.986530 0.001971
0.983983 0.002344
0.981219 0.002748
0.978241 0.003184
0.975048 0.003652
0.971643 0.004150
0.968027 0.004680
0.964201 0.005240
0.960168 0.005831
0.955929 0.006451
0.951486 0.007102
0.946840 0.007783
0.941995 0.008493
0.936952 0.009232
0.931713 0.010001
0.926281 0.010797
0.920658 0.011622
0.914847 0.012474
0.908850 0.013353
0.902670 0.014259
0.896309 0.015191
0.889771 0.016148
0.883058 0.017131
0.876174 0.018139
0.869121 0.019171
0.861902 0.020228
0.854521 0.021308
0.846981 0.022411
0.839285 0.023534
0.831437 0.024677
0.823440 0.025842
0.815298 0.027032
0.807016 0.028250
0.798597 0.029499
0.790049 0.030793
0.781372 0.032124
0.772570 0.033480
0.763644 0.034843
0.754596 0.036198
0.745427 0.037528
0.736143 0.038842
0.726749 0.040148
0.717251 0.041451
0.707653 0.042759
0.697961 0.044078
0.688180 0.045415
0.678314 0.046760
0.668365 0.048101
0.658336 0.049423
0.648230 0.050713
0.638052 0.051982
0.627807 0.053235
0.617500 0.054461
0.607135 0.055646
0.596715 0.056783
0.586245 0.057890
0.575731 0.058965
0.565176 0.059994
0.554586 0.060963
0.543966 0.061870
0.533319 0.062748
0.522651 0.063581
0.511966 0.064346
0.501271 0.065017
0.490569 0.065614
0.479864 0.066176
0.469164 0.066679
0.458472 0.067100
0.447797 0.067418
0.437140 0.067700
0.426508 0.067957
0.415905 0.068159
0.405337 0.068274
0.394810 0.068287
0.384327 0.068262
0.373893 0.068215
0.363514 0.068152
0.353195 0.068076
0.342940 0.067962
0.332754 0.067745
0.322641 0.067451
0.312607 0.067111
0.302655 0.066755
0.292792 0.066388
0.283019 0.065970
0.273343 0.065505
0.263767 0.065003
0.254298 0.064471
0.244940 0.063911
0.235695 0.063298
0.226569 0.062637
0.217564 0.061939
0.208688 0.061212
0.199943 0.060465
0.191330 0.059701
0.182852 0.058912
0.174516 0.058089
0.166331 0.057226
0.158302 0.056317
0.150436 0.055356
0.142734 0.054326
0.135192 0.053221
0.127819 0.052054
0.120618 0.050837
0.113595 0.049584
0.106754 0.048305
0.100101 0.047010
0.093636 0.045663
0.087362 0.044237
0.081288 0.042758
0.075420 0.041251
0.069752 0.039719
0.064281 0.038155
0.059019 0.036561
0.053977 0.034944
0.049161 0.033308
0.044556 0.031651
0.040160 0.029980
0.035981 0.028308
0.032023 0.026646
0.028291 0.025007
0.024785 0.023400
0.021494 0.021814
0.018422 0.020240
0.015585 0.018689
0.012991 0.017170
0.010638 0.015674
0.008530 0.014186
0.006666 0.012743
0.005080 0.011317
0.003733 0.009876
0.002480 0.008501
0.001476 0.007258
0.000768 0.006184
0.000333 0.005300
0.000110 0.004614
0.000022 0.004127
0.000001 0.003836
0.000000 0.003740
0.000001 0.003643
0.000014 0.003347
0.000068 0.002838
0.000210 0.002096
0.000493 0.001109
0.000974 -0.000122
0.001696 -0.001564
0.002683 -0.003132
0.003916 -0.004674
0.005360 -0.005944
0.007571 -0.006867
0.009990 -0.007692
0.012666 -0.008408
0.015580 -0.009026
0.018733 -0.009600
0.022115 -0.010130
0.025707 -0.010622
0.029510 -0.011082
0.033530 -0.011515
0.037762 -0.011930
0.042201 -0.012341
0.046843 -0.012768
0.051679 -0.013234
0.056713 -0.013717
0.061943 -0.014209
0.067366 -0.014717
0.072979 -0.015247
0.078779 -0.015804
0.084764 -0.016386
0.090931 -0.016989
0.097279 -0.017607
0.103804 -0.018237
0.110504 -0.018882
0.117375 -0.019542
0.124415 -0.020217
0.131620 -0.020906
0.138987 -0.021607
0.146514 -0.022321
0.154195 -0.023048
0.162028 -0.023798
0.170010 -0.024565
0.178136 -0.025338
0.186406 -0.026108
0.194815 -0.026863
0.203361 -0.027593
0.212040 -0.028311
0.220847 -0.029020
0.229779 -0.029714
0.238831 -0.030389
0.247999 -0.031042
0.257280 -0.031674
0.266669 -0.032295
0.276162 -0.032897
0.285755 -0.033473
0.295444 -0.034013
0.305224 -0.034514
0.315091 -0.034999
0.325040 -0.035460
0.335068 -0.035886
0.345169 -0.036262
0.355338 -0.036587
0.365572 -0.036906
0.375866 -0.037201
0.386215 -0.037443
0.396613 -0.037601
0.407056 -0.037674
0.417541 -0.037732
0.428061 -0.037778
0.438612 -0.037808
0.449188 -0.037820
0.459785 -0.037772
0.470399 -0.037627
0.481024 -0.037416
0.491655 -0.037165
0.502286 -0.036902
0.512913 -0.036565
0.523531 -0.036140
0.534136 -0.035655
0.544721 -0.035135
0.555283 -0.034595
0.565816 -0.033995
0.576316 -0.033340
0.586779 -0.032647
0.597199 -0.031934
0.607572 -0.031200
0.617893 -0.030420
0.628159 -0.029612
0.638365 -0.028795
0.648509 -0.027987
0.658585 -0.027193
0.668590 -0.026398
0.678518 -0.025606
0.688365 -0.024818
0.698127 -0.024039
0.707800 -0.023269
0.717380 -0.022507
0.726862 -0.021752
0.736241 -0.021005
0.745514 -0.020267
0.754677 -0.019538
0.763726 -0.018818
0.772656 -0.018107
0.781463 -0.017406
0.790144 -0.016715
0.798695 -0.016034
0.807111 -0.015363
0.815390 -0.014702
0.823528 -0.014053
0.831520 -0.013414
0.839363 -0.012788
0.847055 -0.012175
0.854591 -0.011574
0.861968 -0.010987
0.869183 -0.010412
0.876233 -0.009851
0.883114 -0.009304
0.889824 -0.008770
0.896359 -0.008250
0.902716 -0.007744
0.908894 -0.007252
0.914888 -0.006775
0.920696 -0.006313
0.926317 -0.005865
0.931746 -0.005433
0.936982 -0.005016
0.942023 -0.004615
0.946866 -0.004229
0.951509 -0.003860
0.955950 -0.003506
0.960188 -0.003169
0.964219 -0.002848
0.968043 -0.002544
0.971657 -0.002256
0.975061 -0.001985
0.978252 -0.001731
0.981229 -0.001494
0.983991 -0.001274
0.986536 -0.001072
0.988864 -0.000886
0.990974 -0.000718
0.992864 -0.000568
0.994533 -0.000435
0.995982 -0.000320
0.997208 -0.000222
0.998213 -0.000142
0.998994 -0.000080
0.999553 -0.000036
0.999888 -0.000009
1.000000 0.000000