n0009sm
1.000000 0.000000
0.999889 0.000015
0.999554 0.000060
0.998997 0.000135
0.998218 0.000240
0.997216 0.000373
0.995992 0.000535
0.994547 0.000722
0.992881 0.000937
0.990994 0.001179
0.988889 0.001446
0.986564 0.001737
0.984022 0.002050
0.981263 0.002386
0.978289 0.002743
0.975101 0.003121
0.971699 0.003519
0.968086 0.003936
0.964263 0.004370
0.960232 0.004820
0.955994 0.005285
0.951551 0.005764
0.946905 0.006258
0.942058 0.006767
0.937013 0.007289
0.931772 0.007826
0.926336 0.008377
0.920709 0.008939
0.914892 0.009513
0.908889 0.010099
0.902702 0.010696
0.896334 0.011303
0.889787 0.011920
0.883065 0.012546
0.876170 0.013181
0.869106 0.013825
0.861875 0.014477
0.854482 0.015137
0.846928 0.015805
0.839218 0.016481
0.831355 0.017163
0.823342 0.017850
0.815184 0.018543
0.806882 0.019241
0.798442 0.019943
0.789868 0.020650
0.781161 0.021361
0.772328 0.022075
0.763371 0.022790
0.754294 0.023505
0.745102 0.024220
0.735799 0.024935
0.726388 0.025650
0.716874 0.026364
0.707261 0.027075
0.697553 0.027783
0.687755 0.028486
0.677871 0.029187
0.667906 0.029884
0.657863 0.030577
0.647747 0.031262
0.637563 0.031939
0.627315 0.032605
0.617008 0.033264
0.606646 0.033916
0.596234 0.034559
0.585777 0.035191
0.575278 0.035808
0.564744 0.036409
0.554178 0.036998
0.543585 0.037578
0.532970 0.038144
0.522337 0.038695
0.511692 0.039225
0.501039 0.039732
0.490382 0.040220
0.479727 0.040698
0.469078 0.041159
0.458440 0.041599
0.447818 0.042013
0.437217 0.042395
0.426641 0.042750
0.416094 0.043091
0.405582 0.043414
0.395110 0.043715
0.384681 0.043988
0.374302 0.044231
0.363976 0.044444
0.353708 0.044634
0.343503 0.044789
0.333365 0.044907
0.323299 0.045013
0.313309 0.045081
0.303400 0.045088
0.293577 0.045076
0.283843 0.045054
0.274204 0.045015
0.264664 0.044905
0.255227 0.044751
0.245898 0.044584
0.236680 0.044375
0.227579 0.044128
0.218598 0.043856
0.209741 0.043540
0.201013 0.043185
0.192418 0.042804
0.183959 0.042382
0.175641 0.041923
0.167467 0.041434
0.159443 0.040902
0.151570 0.040333
0.143854 0.039733
0.136298 0.039094
0.128905 0.038418
0.121681 0.037709
0.114626 0.036959
0.107747 0.036173
0.101045 0.035357
0.094524 0.034506
0.088188 0.033622
0.082040 0.032715
0.076080 0.031778
0.070315 0.030814
0.064748 0.029825
0.059379 0.028809
0.054213 0.027765
0.049257 0.026693
0.044506 0.025594
0.039974 0.024460
0.035665 0.023285
0.031572 0.022068
0.027717 0.020806
0.024103 0.019496
0.020718 0.018135
0.017598 0.016730
0.014738 0.015278
0.012126 0.013780
0.009799 0.012271
0.007732 0.010758
0.005914 0.009249
0.004390 0.007785
0.003083 0.006383
0.001997 0.005053
0.001233 0.003830
0.000733 0.002728
0.000349 0.001757
0.000122 0.000984
0.000026 0.000434
0.000002 0.000108
0.000000 0.000000
0.000002 -0.000108
0.000026 -0.000434
0.000122 -0.000984
0.000349 -0.001757
0.000733 -0.002728
0.001233 -0.003830
0.001997 -0.005053
0.003083 -0.006383
0.004390 -0.007785
0.005914 -0.009249
0.007732 -0.010758
0.009799 -0.012271
0.012126 -0.013780
0.014738 -0.015278
0.017598 -0.016730
0.020718 -0.018135
0.024103 -0.019496
0.027717 -0.020806
0.031572 -0.022068
0.035665 -0.023285
0.039974 -0.024460
0.044506 -0.025594
0.049257 -0.026693
0.054213 -0.027765
0.059379 -0.028809
0.064748 -0.029825
0.070315 -0.030814
0.076080 -0.031778
0.082040 -0.032715
0.088188 -0.033622
0.094524 -0.034506
0.101045 -0.035357
0.107747 -0.036173
0.114626 -0.036959
0.121681 -0.037709
0.128905 -0.038418
0.136298 -0.039094
0.143854 -0.039733
0.151570 -0.040333
0.159443 -0.040902
0.167467 -0.041434
0.175641 -0.041923
0.183959 -0.042382
0.192418 -0.042804
0.201013 -0.043185
0.209741 -0.043540
0.218598 -0.043856
0.227579 -0.044128
0.236680 -0.044375
0.245898 -0.044584
0.255227 -0.044751
0.264664 -0.044905
0.274204 -0.045015
0.283843 -0.045054
0.293577 -0.045076
0.303400 -0.045088
0.313309 -0.045081
0.323299 -0.045013
0.333365 -0.044907
0.343503 -0.044789
0.353708 -0.044634
0.363976 -0.044444
0.374302 -0.044231
0.384681 -0.043988
0.395110 -0.043715
0.405582 -0.043414
0.416094 -0.043091
0.426641 -0.042750
0.437217 -0.042395
0.447818 -0.042013
0.458440 -0.041599
0.469078 -0.041159
0.479727 -0.040698
0.490382 -0.040220
0.501039 -0.039732
0.511692 -0.039225
0.522337 -0.038695
0.532970 -0.038144
0.543585 -0.037578
0.554178 -0.036998
0.564744 -0.036409
0.575278 -0.035808
0.585777 -0.035191
0.596234 -0.034559
0.606646 -0.033916
0.617008 -0.033264
0.627315 -0.032605
0.637563 -0.031939
0.647747 -0.031262
0.657863 -0.030577
0.667906 -0.029884
0.677871 -0.029187
0.687755 -0.028486
0.697553 -0.027783
0.707261 -0.027075
0.716874 -0.026364
0.726388 -0.025650
0.735799 -0.024935
0.745102 -0.024220
0.754294 -0.023505
0.763371 -0.022790
0.772328 -0.022075
0.781161 -0.021361
0.789868 -0.020650
0.798442 -0.019943
0.806882 -0.019241
0.815184 -0.018543
0.823342 -0.017850
0.831355 -0.017163
0.839218 -0.016481
0.846928 -0.015805
0.854482 -0.015137
0.861875 -0.014477
0.869106 -0.013825
0.876170 -0.013181
0.883065 -0.012546
0.889787 -0.011920
0.896334 -0.011303
0.902702 -0.010696
0.908889 -0.010099
0.914892 -0.009513
0.920709 -0.008939
0.926336 -0.008377
0.931772 -0.007826
0.937013 -0.007289
0.942058 -0.006767
0.946905 -0.006258
0.951551 -0.005764
0.955994 -0.005285
0.960232 -0.004820
0.964263 -0.004370
0.968086 -0.003936
0.971699 -0.003519
0.975101 -0.003121
0.978289 -0.002743
0.981263 -0.002386
0.984022 -0.002050
0.986564 -0.001737
0.988889 -0.001446
0.990994 -0.001179
0.992881 -0.000937
0.994547 -0.000722
0.995992 -0.000535
0.997216 -0.000373
0.998218 -0.000240
0.998997 -0.000135
0.999554 -0.000060
0.999889 -0.000015
1.000000 -0.000000