n0011sc
1.000000 0.000000
0.999891 0.000029
0.999562 0.000117
0.999015 0.000264
0.998249 0.000468
0.997264 0.000730
0.996061 0.001049
0.994641 0.001423
0.993002 0.001851
0.991147 0.002333
0.989075 0.002867
0.986788 0.003450
0.984285 0.004082
0.981567 0.004760
0.978636 0.005481
0.975492 0.006243
0.972135 0.007044
0.968567 0.007883
0.964789 0.008756
0.960802 0.009662
0.956607 0.010597
0.952208 0.011559
0.947604 0.012544
0.942797 0.013552
0.937789 0.014579
0.932582 0.015623
0.927179 0.016680
0.921581 0.017748
0.915790 0.018825
0.909808 0.019909
0.903638 0.020998
0.897285 0.022087
0.890748 0.023176
0.884030 0.024264
0.877137 0.025347
0.870070 0.026423
0.862831 0.027492
0.855425 0.028552
0.847855 0.029599
0.840124 0.030635
0.832236 0.031657
0.824194 0.032663
0.816001 0.033654
0.807662 0.034628
0.799180 0.035583
0.790560 0.036520
0.781804 0.037437
0.772918 0.038334
0.763905 0.039210
0.754769 0.040066
0.745515 0.040899
0.736146 0.041711
0.726667 0.042500
0.717082 0.043266
0.707396 0.044009
0.697613 0.044729
0.687738 0.045426
0.677774 0.046099
0.667727 0.046748
0.657601 0.047374
0.647401 0.047974
0.637131 0.048552
0.626795 0.049105
0.616400 0.049635
0.605949 0.050141
0.595446 0.050609
0.584897 0.051060
0.574307 0.051492
0.563680 0.051900
0.553022 0.052276
0.542336 0.052621
0.531628 0.052950
0.520902 0.053256
0.510164 0.053531
0.499418 0.053770
0.488669 0.053990
0.477922 0.054198
0.467181 0.054379
0.456452 0.054516
0.445740 0.054599
0.435049 0.054666
0.424383 0.054722
0.413749 0.054762
0.403150 0.054782
0.392592 0.054773
0.382079 0.054729
0.371615 0.054658
0.361207 0.054570
0.350857 0.054475
0.340572 0.054359
0.330355 0.054202
0.320211 0.054015
0.310145 0.053808
0.300161 0.053592
0.290264 0.053358
0.280458 0.053097
0.270747 0.052812
0.261137 0.052505
0.251631 0.052182
0.242234 0.051838
0.232949 0.051463
0.223782 0.051062
0.214736 0.050640
0.205815 0.050201
0.197024 0.049748
0.188366 0.049257
0.179847 0.048733
0.171469 0.048187
0.163236 0.047616
0.155153 0.047017
0.147224 0.046391
0.139451 0.045737
0.131839 0.045053
0.124393 0.044340
0.117113 0.043598
0.110005 0.042824
0.103074 0.042018
0.096323 0.041180
0.089751 0.040311
0.083366 0.039406
0.077173 0.038464
0.071177 0.037483
0.065374 0.036459
0.059770 0.035399
0.054372 0.034308
0.049184 0.033192
0.044207 0.032019
0.039452 0.030783
0.034922 0.029501
0.030606 0.028176
0.026541 0.026784
0.022736 0.025315
0.019145 0.023780
0.015826 0.022179
0.012826 0.020519
0.010099 0.018760
0.007695 0.016875
0.005756 0.014923
0.004063 0.012882
0.002745 0.010864
0.001910 0.008969
0.001319 0.007185
0.000839 0.005534
0.000483 0.004069
0.000246 0.002818
0.000105 0.001796
0.000034 0.001005
0.000007 0.000445
0.000000 0.000111
0.000000 0.000000
0.000000 -0.000111
0.000007 -0.000445
0.000034 -0.001005
0.000105 -0.001796
0.000246 -0.002818
0.000483 -0.004069
0.000839 -0.005534
0.001319 -0.007185
0.001910 -0.008969
0.002745 -0.010864
0.004063 -0.012882
0.005756 -0.014923
0.007695 -0.016875
0.010099 -0.018760
0.012826 -0.020519
0.015826 -0.022179
0.019145 -0.023780
0.022736 -0.025315
0.026541 -0.026784
0.030606 -0.028176
0.034922 -0.029501
0.039452 -0.030783
0.044207 -0.032019
0.049184 -0.033192
0.054372 -0.034308
0.059770 -0.035399
0.065374 -0.036459
0.071177 -0.037483
0.077173 -0.038464
0.083366 -0.039406
0.089751 -0.040311
0.096323 -0.041180
0.103074 -0.042018
0.110005 -0.042824
0.117113 -0.043598
0.124393 -0.044340
0.131839 -0.045053
0.139451 -0.045737
0.147224 -0.046391
0.155153 -0.047017
0.163236 -0.047616
0.171469 -0.048187
0.179847 -0.048733
0.188366 -0.049257
0.197024 -0.049748
0.205815 -0.050201
0.214736 -0.050640
0.223782 -0.051062
0.232949 -0.051463
0.242234 -0.051838
0.251631 -0.052182
0.261137 -0.052505
0.270747 -0.052812
0.280458 -0.053097
0.290264 -0.053358
0.300161 -0.053592
0.310145 -0.053808
0.320211 -0.054015
0.330355 -0.054202
0.340572 -0.054359
0.350857 -0.054475
0.361207 -0.054570
0.371615 -0.054658
0.382079 -0.054729
0.392592 -0.054773
0.403150 -0.054782
0.413749 -0.054762
0.424383 -0.054722
0.435049 -0.054666
0.445740 -0.054599
0.456452 -0.054516
0.467181 -0.054379
0.477922 -0.054198
0.488669 -0.053990
0.499418 -0.053770
0.510164 -0.053531
0.520902 -0.053256
0.531628 -0.052950
0.542336 -0.052621
0.553022 -0.052276
0.563680 -0.051900
0.574307 -0.051492
0.584897 -0.051060
0.595446 -0.050609
0.605949 -0.050141
0.616400 -0.049635
0.626795 -0.049105
0.637131 -0.048552
0.647401 -0.047974
0.657601 -0.047374
0.667727 -0.046748
0.677774 -0.046099
0.687738 -0.045426
0.697613 -0.044729
0.707396 -0.044009
0.717082 -0.043266
0.726667 -0.042500
0.736146 -0.041711
0.745515 -0.040899
0.754769 -0.040066
0.763905 -0.039210
0.772918 -0.038334
0.781804 -0.037437
0.790560 -0.036520
0.799180 -0.035583
0.807662 -0.034628
0.816001 -0.033654
0.824194 -0.032663
0.832236 -0.031657
0.840124 -0.030635
0.847855 -0.029599
0.855425 -0.028552
0.862831 -0.027492
0.870070 -0.026423
0.877137 -0.025347
0.884030 -0.024264
0.890748 -0.023176
0.897285 -0.022087
0.903638 -0.020998
0.909808 -0.019909
0.915790 -0.018825
0.921581 -0.017748
0.927179 -0.016680
0.932582 -0.015623
0.937789 -0.014579
0.942797 -0.013552
0.947604 -0.012544
0.952208 -0.011559
0.956607 -0.010597
0.960802 -0.009662
0.964789 -0.008756
0.968567 -0.007883
0.972135 -0.007044
0.975492 -0.006243
0.978636 -0.005481
0.981567 -0.004760
0.984285 -0.004082
0.986788 -0.003450
0.989075 -0.002867
0.991147 -0.002333
0.993002 -0.001851
0.994641 -0.001423
0.996061 -0.001049
0.997264 -0.000730
0.998249 -0.000468
0.999015 -0.000264
0.999562 -0.000117
0.999891 -0.000029
1.000000 -0.000000