n11h9
1.000000 0.000000
0.999886 0.000010
0.999542 0.000042
0.998970 0.000093
0.998169 0.000165
0.997141 0.000257
0.995884 0.000368
0.994400 0.000496
0.992690 0.000642
0.990754 0.000802
0.988593 0.000976
0.986208 0.001161
0.983600 0.001355
0.980770 0.001554
0.977719 0.001753
0.974448 0.001950
0.970960 0.002138
0.967255 0.002311
0.963336 0.002462
0.959203 0.002584
0.954858 0.002666
0.950304 0.002700
0.945540 0.002678
0.940565 0.002608
0.935384 0.002494
0.930000 0.002348
0.924418 0.002182
0.918644 0.002012
0.912684 0.001859
0.906545 0.001745
0.900236 0.001700
0.893757 0.001829
0.887107 0.002216
0.880289 0.002854
0.873306 0.003730
0.866160 0.004829
0.858854 0.006129
0.851392 0.007605
0.843776 0.009224
0.836009 0.010951
0.828093 0.012745
0.820031 0.014557
0.811826 0.016336
0.803479 0.018024
0.794996 0.019638
0.786388 0.021330
0.777658 0.023100
0.768809 0.024940
0.759842 0.026841
0.750761 0.028794
0.741568 0.030787
0.732265 0.032810
0.722855 0.034850
0.713338 0.036894
0.703718 0.038929
0.694002 0.040971
0.684200 0.043054
0.674315 0.045167
0.664349 0.047300
0.654305 0.049442
0.644186 0.051581
0.633994 0.053706
0.623732 0.055804
0.613403 0.057863
0.603009 0.059870
0.592557 0.061867
0.582057 0.063877
0.571511 0.065881
0.560922 0.067861
0.550294 0.069797
0.539632 0.071669
0.528938 0.073459
0.518215 0.075146
0.507469 0.076711
0.496701 0.078191
0.485918 0.079731
0.475125 0.081293
0.464328 0.082821
0.453533 0.084262
0.442746 0.085563
0.431974 0.086669
0.421221 0.087531
0.410495 0.088097
0.399800 0.088326
0.389136 0.088437
0.378505 0.088537
0.367915 0.088625
0.357374 0.088702
0.346889 0.088766
0.336467 0.088818
0.326116 0.088857
0.315843 0.088884
0.305655 0.088898
0.295557 0.088867
0.285548 0.088535
0.275633 0.087934
0.265819 0.087171
0.256113 0.086345
0.246523 0.085546
0.237047 0.084683
0.227689 0.083706
0.218457 0.082639
0.209358 0.081504
0.200398 0.080321
0.191581 0.079093
0.182902 0.077777
0.174369 0.076381
0.165991 0.074916
0.157774 0.073396
0.149726 0.071829
0.141850 0.070219
0.134140 0.068535
0.126599 0.066784
0.119236 0.064979
0.112054 0.063135
0.105061 0.061262
0.098260 0.059372
0.091655 0.057459
0.085248 0.055468
0.079045 0.053416
0.073054 0.051333
0.067275 0.049240
0.061688 0.047139
0.056309 0.045020
0.051158 0.042878
0.046249 0.040713
0.041577 0.038524
0.037109 0.036324
0.032860 0.034121
0.028846 0.031925
0.025075 0.029745
0.021556 0.027592
0.018280 0.025470
0.015217 0.023355
0.012396 0.021258
0.009842 0.019196
0.007564 0.017186
0.005380 0.015217
0.003701 0.013242
0.002727 0.011120
0.001923 0.008772
0.001275 0.006522
0.000786 0.004570
0.000443 0.003007
0.000221 0.001840
0.000093 0.001030
0.000030 0.000508
0.000006 0.000202
0.000000 0.000047
0.000000 0.000000
0.000002 -0.000045
0.000031 -0.000181
0.000153 -0.000404
0.000468 -0.000710
0.001090 -0.001091
0.002131 -0.001528
0.003662 -0.001997
0.005689 -0.002455
0.008103 -0.002842
0.010635 -0.003075
0.012988 -0.003100
0.015530 -0.003100
0.018284 -0.003089
0.021245 -0.002981
0.024418 -0.002781
0.027801 -0.002540
0.031394 -0.002319
0.035194 -0.002076
0.039201 -0.001801
0.043411 -0.001512
0.047825 -0.001235
0.052442 -0.001000
0.057259 -0.000843
0.062278 -0.000738
0.067493 -0.000656
0.072900 -0.000570
0.078495 -0.000447
0.084269 -0.000204
0.090223 0.000239
0.096357 0.000760
0.102673 0.001202
0.109171 0.001462
0.115847 0.001689
0.122696 0.001897
0.129714 0.002084
0.136899 0.002245
0.144246 0.002377
0.151750 0.002479
0.159408 0.002554
0.167218 0.002625
0.175177 0.002688
0.183280 0.002741
0.191524 0.002779
0.199906 0.002799
0.208420 0.002789
0.217064 0.002735
0.225834 0.002646
0.234726 0.002533
0.243735 0.002408
0.252858 0.002283
0.262091 0.002147
0.271430 0.001988
0.280870 0.001810
0.290407 0.001615
0.300037 0.001408
0.309756 0.001186
0.319558 0.000945
0.329441 0.000686
0.339399 0.000410
0.349429 0.000120
0.359525 -0.000183
0.369684 -0.000498
0.379900 -0.000821
0.390169 -0.001152
0.400486 -0.001488
0.410848 -0.001841
0.421248 -0.002213
0.431683 -0.002601
0.442148 -0.003000
0.452639 -0.003408
0.463151 -0.003820
0.473679 -0.004234
0.484219 -0.004645
0.494766 -0.005049
0.505315 -0.005453
0.515862 -0.005867
0.526402 -0.006287
0.536929 -0.006707
0.547441 -0.007125
0.557931 -0.007534
0.568397 -0.007932
0.578832 -0.008313
0.589233 -0.008674
0.599594 -0.009013
0.609912 -0.009349
0.620182 -0.009687
0.630398 -0.010018
0.640557 -0.010339
0.650653 -0.010643
0.660683 -0.010925
0.670642 -0.011181
0.680526 -0.011405
0.690329 -0.011593
0.700048 -0.011744
0.709679 -0.011884
0.719217 -0.012020
0.728658 -0.012149
0.737998 -0.012270
0.747232 -0.012379
0.756356 -0.012475
0.765367 -0.012556
0.774259 -0.012620
0.783029 -0.012666
0.791672 -0.012693
0.800186 -0.012699
0.808567 -0.012671
0.816811 -0.012605
0.824915 -0.012507
0.832875 -0.012381
0.840687 -0.012231
0.848346 -0.012061
0.855850 -0.011874
0.863195 -0.011675
0.870378 -0.011466
0.877395 -0.011249
0.884242 -0.011029
0.890917 -0.010806
0.897417 -0.010583
0.903740 -0.010350
0.909885 -0.010068
0.915849 -0.009743
0.921626 -0.009383
0.927214 -0.008997
0.932610 -0.008592
0.937809 -0.008175
0.942809 -0.007751
0.947608 -0.007327
0.952204 -0.006901
0.956596 -0.006452
0.960784 -0.005981
0.964766 -0.005498
0.968540 -0.005009
0.972106 -0.004522
0.975462 -0.004041
0.978607 -0.003573
0.981540 -0.003121
0.984259 -0.002690
0.986765 -0.002284
0.989055 -0.001904
0.991130 -0.001554
0.992988 -0.001236
0.994629 -0.000952
0.996053 -0.000703
0.997258 -0.000490
0.998245 -0.000315
0.999012 -0.000177
0.999561 -0.000079
0.999890 -0.000020
1.000000 0.000000