n63215b
1.000000 0.000000
0.999885 0.000014
0.999540 0.000055
0.998966 0.000124
0.998162 0.000221
0.997129 0.000344
0.995868 0.000496
0.994378 0.000675
0.992662 0.000883
0.990718 0.001116
0.988548 0.001364
0.986150 0.001623
0.983529 0.001903
0.980686 0.002219
0.977626 0.002596
0.974349 0.003030
0.970854 0.003492
0.967138 0.003945
0.963205 0.004405
0.959062 0.004923
0.954715 0.005525
0.950162 0.006177
0.945400 0.006851
0.940434 0.007556
0.935266 0.008295
0.929899 0.009075
0.924336 0.009900
0.918581 0.010772
0.912636 0.011691
0.906503 0.012657
0.900186 0.013670
0.893688 0.014736
0.887013 0.015857
0.880162 0.017021
0.873136 0.018217
0.865939 0.019447
0.858575 0.020714
0.851046 0.022018
0.843357 0.023359
0.835511 0.024738
0.827511 0.026154
0.819362 0.027606
0.811066 0.029096
0.802629 0.030622
0.794054 0.032189
0.785345 0.033799
0.776502 0.035426
0.767527 0.037052
0.758424 0.038687
0.749200 0.040344
0.739860 0.042030
0.730408 0.043733
0.720845 0.045438
0.711174 0.047146
0.701401 0.048856
0.691530 0.050568
0.681565 0.052281
0.671510 0.053994
0.661373 0.055716
0.651151 0.057413
0.640845 0.059054
0.630463 0.060660
0.620015 0.062269
0.609507 0.063882
0.598938 0.065455
0.588308 0.066974
0.577626 0.068447
0.566895 0.069866
0.556120 0.071238
0.545310 0.072579
0.534470 0.073895
0.523602 0.075159
0.512711 0.076372
0.501800 0.077520
0.490874 0.078585
0.479938 0.079579
0.468998 0.080488
0.458059 0.081324
0.447128 0.082100
0.436211 0.082848
0.425310 0.083485
0.414429 0.083974
0.403575 0.084380
0.392756 0.084752
0.381977 0.085088
0.371242 0.085222
0.360555 0.085258
0.349924 0.085300
0.339354 0.085407
0.328849 0.085551
0.318414 0.085687
0.308054 0.085826
0.297771 0.085913
0.287572 0.085968
0.277461 0.085999
0.267443 0.085988
0.257521 0.085945
0.247701 0.085882
0.237987 0.085755
0.228384 0.085571
0.218897 0.085349
0.209530 0.085052
0.200288 0.084711
0.191173 0.084334
0.182192 0.083899
0.173351 0.083401
0.164653 0.082811
0.156103 0.082134
0.147710 0.081388
0.139474 0.080547
0.131401 0.079613
0.123502 0.078600
0.115777 0.077482
0.108230 0.076262
0.100872 0.074961
0.093713 0.073528
0.086767 0.071937
0.080035 0.070209
0.073522 0.068366
0.067226 0.066435
0.061153 0.064415
0.055357 0.062198
0.049828 0.059823
0.044552 0.057352
0.039565 0.054762
0.034856 0.052052
0.030468 0.049224
0.026412 0.046273
0.022664 0.043223
0.019300 0.040122
0.016227 0.036974
0.013441 0.033817
0.010994 0.030697
0.008904 0.027635
0.007107 0.024590
0.005563 0.021649
0.004269 0.018852
0.003214 0.016192
0.002360 0.013697
0.001694 0.011381
0.001170 0.009259
0.000770 0.007343
0.000478 0.005639
0.000277 0.004152
0.000158 0.002886
0.000076 0.001841
0.000027 0.001030
0.000006 0.000455
0.000000 0.000113
0.000000 0.000000
0.000004 -0.000113
0.000052 -0.000448
0.000181 -0.001003
0.000321 -0.001782
0.000521 -0.002781
0.000901 -0.003963
0.001496 -0.005306
0.002288 -0.006798
0.003339 -0.008402
0.004677 -0.010065
0.006336 -0.011750
0.008222 -0.013530
0.010378 -0.015283
0.012845 -0.016994
0.015614 -0.018698
0.018643 -0.020385
0.021894 -0.022049
0.025419 -0.023666
0.029187 -0.025264
0.033168 -0.026866
0.037382 -0.028451
0.041809 -0.030045
0.046449 -0.031648
0.051312 -0.033205
0.056406 -0.034692
0.061705 -0.036175
0.067200 -0.037673
0.072903 -0.039124
0.078814 -0.040527
0.084919 -0.041907
0.091219 -0.043254
0.097711 -0.044561
0.104392 -0.045821
0.111253 -0.047067
0.118292 -0.048291
0.125504 -0.049481
0.132890 -0.050637
0.140444 -0.051762
0.148162 -0.052850
0.156040 -0.053899
0.164075 -0.054912
0.172264 -0.055887
0.180600 -0.056824
0.189082 -0.057727
0.197704 -0.058584
0.206463 -0.059389
0.215356 -0.060152
0.224377 -0.060855
0.233523 -0.061495
0.242790 -0.062085
0.252171 -0.062618
0.261663 -0.063110
0.271261 -0.063550
0.280961 -0.063929
0.290757 -0.064271
0.300646 -0.064511
0.310624 -0.064678
0.320684 -0.064787
0.330821 -0.064793
0.341032 -0.064755
0.351309 -0.064689
0.361649 -0.064491
0.372047 -0.064187
0.382497 -0.063869
0.392996 -0.063491
0.403536 -0.063036
0.414111 -0.062461
0.424718 -0.061817
0.435354 -0.061137
0.446011 -0.060395
0.456685 -0.059578
0.467369 -0.058676
0.478060 -0.057723
0.488752 -0.056711
0.499444 -0.055656
0.510130 -0.054575
0.520805 -0.053455
0.531461 -0.052278
0.542095 -0.051042
0.552703 -0.049774
0.563280 -0.048472
0.573824 -0.047148
0.584331 -0.045822
0.594795 -0.044481
0.605210 -0.043108
0.615571 -0.041706
0.625874 -0.040278
0.636112 -0.038814
0.646284 -0.037337
0.656390 -0.035882
0.666424 -0.034442
0.676380 -0.032998
0.686252 -0.031542
0.696037 -0.030088
0.705733 -0.028651
0.715336 -0.027230
0.724840 -0.025824
0.734241 -0.024428
0.743536 -0.023049
0.752723 -0.021703
0.761797 -0.020389
0.770754 -0.019104
0.779590 -0.017849
0.788300 -0.016619
0.796882 -0.015426
0.805334 -0.014279
0.813650 -0.013173
0.821826 -0.012108
0.829860 -0.011080
0.837746 -0.010088
0.845482 -0.009139
0.853065 -0.008241
0.860492 -0.007389
0.867758 -0.006579
0.874861 -0.005815
0.881795 -0.005085
0.888559 -0.004391
0.895150 -0.003746
0.901565 -0.003161
0.907801 -0.002619
0.913855 -0.002119
0.919724 -0.001668
0.925405 -0.001273
0.930895 -0.000925
0.936192 -0.000611
0.941292 -0.000330
0.946194 -0.000080
0.950893 0.000141
0.955390 0.000340
0.959680 0.000491
0.963764 0.000591
0.967638 0.000665
0.971300 0.000718
0.974749 0.000764
0.977982 0.000794
0.980999 0.000797
0.983798 0.000764
0.986377 0.000707
0.988735 0.000639
0.990870 0.000565
0.992782 0.000449
0.994470 0.000333
0.995935 0.000244
0.997176 0.000169
0.998192 0.000108
0.998983 0.000061
0.999548 0.000027
0.999887 0.000007
1.000000 -0.000000