naca2408
1.000056 0.000838
0.999945 0.000856
0.999610 0.000910
0.999054 0.000999
0.998275 0.001125
0.997274 0.001285
0.996051 0.001481
0.994608 0.001712
0.992944 0.001977
0.991060 0.002277
0.988957 0.002611
0.986636 0.002978
0.984098 0.003378
0.981344 0.003810
0.978375 0.004274
0.975193 0.004770
0.971798 0.005296
0.968193 0.005851
0.964378 0.006436
0.960355 0.007049
0.956127 0.007690
0.951694 0.008357
0.947059 0.009050
0.942224 0.009768
0.937191 0.010510
0.931961 0.011275
0.926538 0.012062
0.920923 0.012870
0.915119 0.013698
0.909128 0.014546
0.902954 0.015411
0.896598 0.016293
0.890063 0.017192
0.883353 0.018105
0.876470 0.019032
0.869417 0.019971
0.862197 0.020922
0.854813 0.021884
0.847269 0.022855
0.839568 0.023834
0.831712 0.024820
0.823707 0.025812
0.815554 0.026809
0.807258 0.027809
0.798822 0.028812
0.790250 0.029817
0.781546 0.030822
0.772713 0.031826
0.763756 0.032828
0.754678 0.033828
0.745483 0.034823
0.736176 0.035812
0.726760 0.036796
0.717240 0.037772
0.707620 0.038739
0.697903 0.039697
0.688095 0.040645
0.678200 0.041580
0.668222 0.042503
0.658165 0.043412
0.648035 0.044306
0.637834 0.045184
0.627569 0.046045
0.617243 0.046889
0.606862 0.047713
0.596429 0.048517
0.585949 0.049301
0.575428 0.050062
0.564869 0.050801
0.554278 0.051516
0.543659 0.052207
0.533017 0.052871
0.522357 0.053510
0.511683 0.054121
0.501000 0.054703
0.490314 0.055257
0.479628 0.055781
0.468948 0.056275
0.458279 0.056737
0.447625 0.057167
0.436991 0.057564
0.426382 0.057928
0.415802 0.058257
0.405257 0.058553
0.394752 0.058810
0.384290 0.059017
0.373877 0.059174
0.363517 0.059280
0.353216 0.059334
0.342978 0.059337
0.332808 0.059290
0.322711 0.059191
0.312691 0.059040
0.302754 0.058839
0.292904 0.058587
0.283145 0.058284
0.273483 0.057932
0.263921 0.057530
0.254465 0.057079
0.245118 0.056580
0.235886 0.056034
0.226773 0.055440
0.217782 0.054800
0.208919 0.054115
0.200187 0.053386
0.191592 0.052614
0.183135 0.051799
0.174823 0.050943
0.166659 0.050047
0.158646 0.049112
0.150789 0.048140
0.143092 0.047132
0.135557 0.046089
0.128189 0.045012
0.120992 0.043904
0.113968 0.042764
0.107122 0.041596
0.100456 0.040400
0.093974 0.039178
0.087680 0.037931
0.081576 0.036661
0.075665 0.035369
0.069951 0.034058
0.064436 0.032727
0.059124 0.031380
0.054018 0.030017
0.049120 0.028640
0.044434 0.027250
0.039962 0.025849
0.035707 0.024437
0.031673 0.023017
0.027863 0.021590
0.024280 0.020156
0.020927 0.018718
0.017809 0.017276
0.014930 0.015833
0.012294 0.014390
0.009907 0.012950
0.007775 0.011517
0.005904 0.010096
0.004301 0.008695
0.002970 0.007329
0.001913 0.006016
0.001125 0.004785
0.000585 0.003672
0.000253 0.002715
0.000074 0.001945
-0.000002 0.001386
-0.000029 0.001048
-0.000031 0.000936
-0.000030 0.000824
-0.000022 0.000488
0.000005 -0.000070
0.000138 -0.000843
0.000426 -0.001806
0.000948 -0.002917
0.001760 -0.004119
0.002885 -0.005354
0.004325 -0.006581
0.006068 -0.007774
0.008098 -0.008921
0.010399 -0.010015
0.012962 -0.011057
0.015774 -0.012046
0.018829 -0.012985
0.022119 -0.013873
0.025639 -0.014715
0.029385 -0.015510
0.033352 -0.016260
0.037536 -0.016967
0.041933 -0.017632
0.046541 -0.018256
0.051355 -0.018839
0.056374 -0.019384
0.061593 -0.019890
0.067010 -0.020358
0.072622 -0.020790
0.078425 -0.021186
0.084417 -0.021546
0.090595 -0.021872
0.096955 -0.022165
0.103494 -0.022424
0.110209 -0.022652
0.117098 -0.022848
0.124155 -0.023013
0.131379 -0.023149
0.138766 -0.023256
0.146313 -0.023335
0.154015 -0.023387
0.161870 -0.023413
0.169874 -0.023414
0.178023 -0.023391
0.186314 -0.023345
0.194742 -0.023276
0.203305 -0.023187
0.211998 -0.023077
0.220817 -0.022949
0.229758 -0.022804
0.238818 -0.022641
0.247992 -0.022464
0.257277 -0.022272
0.266667 -0.022067
0.276160 -0.021851
0.285751 -0.021624
0.295435 -0.021388
0.305208 -0.021143
0.315067 -0.020892
0.325006 -0.020635
0.335021 -0.020373
0.345108 -0.020108
0.355262 -0.019842
0.365480 -0.019574
0.375755 -0.019306
0.386084 -0.019040
0.396463 -0.018776
0.406886 -0.018513
0.417349 -0.018241
0.427847 -0.017959
0.438375 -0.017667
0.448929 -0.017368
0.459504 -0.017061
0.470095 -0.016748
0.480698 -0.016428
0.491308 -0.016104
0.501920 -0.015775
0.512529 -0.015442
0.523132 -0.015106
0.533722 -0.014768
0.544296 -0.014428
0.554849 -0.014087
0.565375 -0.013745
0.575871 -0.013403
0.586332 -0.013062
0.596753 -0.012721
0.607130 -0.012382
0.617457 -0.012045
0.627730 -0.011710
0.637946 -0.011378
0.648098 -0.011048
0.658184 -0.010722
0.668197 -0.010400
0.678134 -0.010082
0.687991 -0.009767
0.697762 -0.009457
0.707445 -0.009152
0.717033 -0.008852
0.726524 -0.008556
0.735912 -0.008266
0.745194 -0.007980
0.754366 -0.007700
0.763423 -0.007426
0.772362 -0.007157
0.781178 -0.006893
0.789867 -0.006635
0.798427 -0.006383
0.806852 -0.006136
0.815139 -0.005895
0.823285 -0.005659
0.831285 -0.005429
0.839137 -0.005205
0.846837 -0.004987
0.854381 -0.004774
0.861765 -0.004567
0.868988 -0.004365
0.876045 -0.004169
0.882933 -0.003979
0.889650 -0.003794
0.896192 -0.003615
0.902556 -0.003441
0.908740 -0.003273
0.914741 -0.003110
0.920555 -0.002953
0.926182 -0.002802
0.931617 -0.002656
0.936859 -0.002515
0.941905 -0.002380
0.946753 -0.002250
0.951401 -0.002127
0.955847 -0.002008
0.960089 -0.001895
0.964125 -0.001788
0.967952 -0.001686
0.971571 -0.001590
0.974978 -0.001500
0.978172 -0.001415
0.981153 -0.001336
0.983918 -0.001263
0.986466 -0.001195
0.988796 -0.001134
0.990908 -0.001078
0.992800 -0.001027
0.994471 -0.000983
0.995921 -0.000945
0.997149 -0.000912
0.998155 -0.000886
0.998937 -0.000865
0.999497 -0.000850
0.999832 -0.000841
0.999944 -0.000838