naca2418
1.000126 0.001886
1.000014 0.001917
0.999678 0.002011
0.999119 0.002168
0.998336 0.002387
0.997330 0.002668
0.996102 0.003012
0.994651 0.003416
0.992978 0.003881
0.991085 0.004406
0.988971 0.004991
0.986637 0.005634
0.984085 0.006335
0.981315 0.007094
0.978328 0.007908
0.975126 0.008777
0.971709 0.009700
0.968080 0.010676
0.964239 0.011703
0.960188 0.012781
0.955928 0.013907
0.951462 0.015081
0.946790 0.016301
0.941916 0.017565
0.936840 0.018872
0.931565 0.020221
0.926093 0.021610
0.920426 0.023037
0.914566 0.024501
0.908516 0.025999
0.902278 0.027531
0.895855 0.029095
0.889249 0.030688
0.882463 0.032309
0.875500 0.033956
0.868362 0.035627
0.861054 0.037321
0.853577 0.039036
0.845935 0.040769
0.838131 0.042519
0.830168 0.044285
0.822050 0.046064
0.813780 0.047854
0.805362 0.049653
0.796798 0.051461
0.788094 0.053274
0.779252 0.055090
0.770276 0.056909
0.761170 0.058728
0.751939 0.060544
0.742585 0.062357
0.733114 0.064165
0.723528 0.065964
0.713833 0.067754
0.704032 0.069533
0.694129 0.071298
0.684130 0.073048
0.674038 0.074781
0.663858 0.076494
0.653594 0.078186
0.643250 0.079856
0.632832 0.081500
0.622343 0.083117
0.611789 0.084705
0.601173 0.086262
0.590502 0.087786
0.579778 0.089275
0.569008 0.090727
0.558196 0.092141
0.547346 0.093513
0.536464 0.094843
0.525555 0.096128
0.514623 0.097366
0.503673 0.098555
0.492710 0.099694
0.481740 0.100780
0.470766 0.101812
0.459795 0.102787
0.448832 0.103704
0.437880 0.104561
0.426946 0.105356
0.416035 0.106087
0.405151 0.106753
0.394299 0.107346
0.383485 0.107854
0.372713 0.108277
0.361990 0.108614
0.351320 0.108865
0.340708 0.109028
0.330161 0.109097
0.319684 0.109084
0.309282 0.108976
0.298960 0.108777
0.288725 0.108486
0.278581 0.108104
0.268534 0.107628
0.258589 0.107059
0.248752 0.106397
0.239028 0.105643
0.229423 0.104796
0.219942 0.103856
0.210590 0.102824
0.201372 0.101701
0.192295 0.100487
0.183363 0.099184
0.174581 0.097791
0.165956 0.096310
0.157491 0.094743
0.149193 0.093090
0.141065 0.091353
0.133115 0.089534
0.125346 0.087634
0.117764 0.085656
0.110373 0.083600
0.103180 0.081470
0.096188 0.079266
0.089404 0.076993
0.082832 0.074651
0.076477 0.072244
0.070345 0.069775
0.064441 0.067245
0.058770 0.064659
0.053338 0.062020
0.048149 0.059331
0.043210 0.056596
0.038526 0.053820
0.034103 0.051008
0.029947 0.048165
0.026062 0.045298
0.022455 0.042414
0.019130 0.039523
0.016093 0.036635
0.013344 0.033763
0.010887 0.030919
0.008719 0.028122
0.006836 0.025390
0.005231 0.022744
0.003890 0.020204
0.002796 0.017794
0.001928 0.015534
0.001260 0.013445
0.000763 0.011543
0.000409 0.009844
0.000167 0.008357
0.000010 0.007091
-0.000078 0.006050
-0.000133 0.005238
-0.000160 0.004657
-0.000167 0.004310
-0.000167 0.004194
-0.000167 0.004079
-0.000166 0.003734
-0.000162 0.003160
-0.000151 0.002359
-0.000113 0.001330
-0.000007 0.000074
0.000169 -0.001402
0.000448 -0.003093
0.000864 -0.004988
0.001452 -0.007072
0.002247 -0.009326
0.003283 -0.011725
0.004588 -0.014240
0.006190 -0.016843
0.008105 -0.019500
0.010341 -0.022184
0.012903 -0.024867
0.015788 -0.027527
0.018991 -0.030147
0.022504 -0.032712
0.026316 -0.035211
0.030418 -0.037637
0.034800 -0.039985
0.039451 -0.042250
0.044364 -0.044431
0.049529 -0.046526
0.054937 -0.048533
0.060582 -0.050452
0.066456 -0.052284
0.072552 -0.054029
0.078864 -0.055686
0.085386 -0.057257
0.092111 -0.058741
0.099034 -0.060140
0.106150 -0.061454
0.113454 -0.062684
0.120939 -0.063831
0.128601 -0.064896
0.136435 -0.065880
0.144435 -0.066784
0.152598 -0.067609
0.160917 -0.068356
0.169389 -0.069026
0.178008 -0.069621
0.186770 -0.070143
0.195670 -0.070592
0.204702 -0.070971
0.213863 -0.071281
0.223148 -0.071524
0.232552 -0.071700
0.242070 -0.071814
0.251698 -0.071865
0.261431 -0.071858
0.271264 -0.071792
0.281193 -0.071671
0.291212 -0.071497
0.301318 -0.071271
0.311505 -0.070996
0.321770 -0.070675
0.332106 -0.070309
0.342510 -0.069901
0.352977 -0.069452
0.363502 -0.068967
0.374081 -0.068446
0.384708 -0.067892
0.395379 -0.067307
0.406090 -0.066695
0.416835 -0.066046
0.427609 -0.065358
0.438407 -0.064632
0.449224 -0.063871
0.460056 -0.063076
0.470898 -0.062249
0.481744 -0.061392
0.492591 -0.060507
0.503433 -0.059595
0.514266 -0.058659
0.525084 -0.057701
0.535884 -0.056722
0.546660 -0.055723
0.557408 -0.054707
0.568123 -0.053675
0.578800 -0.052629
0.589435 -0.051569
0.600022 -0.050499
0.610558 -0.049418
0.621038 -0.048329
0.631457 -0.047233
0.641811 -0.046131
0.652094 -0.045024
0.662303 -0.043913
0.672434 -0.042801
0.682480 -0.041687
0.692439 -0.040573
0.702306 -0.039460
0.712077 -0.038350
0.721746 -0.037242
0.731311 -0.036138
0.740766 -0.035039
0.750108 -0.033946
0.759332 -0.032859
0.768435 -0.031780
0.777412 -0.030709
0.786259 -0.029647
0.794973 -0.028594
0.803550 -0.027553
0.811985 -0.026523
0.820276 -0.025504
0.828418 -0.024499
0.836408 -0.023507
0.844243 -0.022529
0.851918 -0.021566
0.859432 -0.020618
0.866779 -0.019687
0.873957 -0.018772
0.880963 -0.017875
0.887794 -0.016996
0.894447 -0.016136
0.900919 -0.015295
0.907206 -0.014474
0.913307 -0.013674
0.919218 -0.012895
0.924938 -0.012139
0.930462 -0.011404
0.935790 -0.010693
0.940919 -0.010006
0.945845 -0.009343
0.950569 -0.008705
0.955086 -0.008092
0.959396 -0.007505
0.963496 -0.006945
0.967384 -0.006412
0.971060 -0.005907
0.974521 -0.005429
0.977765 -0.004980
0.980792 -0.004560
0.983600 -0.004170
0.986188 -0.003809
0.988555 -0.003478
0.990699 -0.003178
0.992621 -0.002908
0.994318 -0.002669
0.995790 -0.002462
0.997037 -0.002286
0.998058 -0.002142
0.998852 -0.002030
0.999420 -0.001950
0.999761 -0.001902
0.999874 -0.001886