nacam18
1.000000 0.029500
0.999886 0.029515
0.999544 0.029561
0.998974 0.029638
0.998177 0.029745
0.997152 0.029883
0.995901 0.030052
0.994424 0.030253
0.992721 0.030484
0.990794 0.030748
0.988643 0.031044
0.986269 0.031372
0.983674 0.031732
0.980858 0.032126
0.977824 0.032553
0.974572 0.033014
0.971105 0.033509
0.967423 0.034038
0.963528 0.034603
0.959423 0.035203
0.955109 0.035840
0.950588 0.036512
0.945862 0.037222
0.940934 0.037970
0.935806 0.038757
0.930480 0.039584
0.924960 0.040452
0.919247 0.041360
0.913344 0.042310
0.907255 0.043302
0.900982 0.044337
0.894530 0.045415
0.887899 0.046540
0.881093 0.047709
0.874116 0.048922
0.866970 0.050177
0.859658 0.051475
0.852184 0.052812
0.844550 0.054188
0.836760 0.055599
0.828817 0.057044
0.820724 0.058520
0.812485 0.060024
0.804102 0.061553
0.795580 0.063107
0.786925 0.064702
0.778141 0.066336
0.769231 0.068007
0.760199 0.069708
0.751048 0.071435
0.741780 0.073183
0.732400 0.074944
0.722910 0.076714
0.713314 0.078485
0.703614 0.080250
0.693815 0.082008
0.683924 0.083778
0.673946 0.085556
0.663883 0.087339
0.653741 0.089122
0.643524 0.090901
0.633235 0.092671
0.622878 0.094427
0.612459 0.096165
0.601980 0.097880
0.591448 0.099589
0.580869 0.101324
0.570248 0.103067
0.559588 0.104800
0.548892 0.106502
0.538163 0.108154
0.527405 0.109736
0.516622 0.111228
0.505816 0.112610
0.494992 0.113882
0.484155 0.115162
0.473310 0.116444
0.462463 0.117695
0.451621 0.118880
0.440789 0.119965
0.429973 0.120918
0.419179 0.121705
0.408413 0.122296
0.397680 0.122663
0.386979 0.122943
0.376312 0.123203
0.365689 0.123440
0.355116 0.123650
0.344602 0.123830
0.334155 0.123977
0.323780 0.124089
0.313487 0.124163
0.303282 0.124198
0.293168 0.124132
0.283135 0.123804
0.273192 0.123239
0.263348 0.122477
0.253609 0.121554
0.243983 0.120505
0.234478 0.119366
0.225102 0.118167
0.215860 0.116939
0.206760 0.115711
0.197806 0.114497
0.188994 0.113111
0.180329 0.111515
0.171823 0.109763
0.163486 0.107906
0.155328 0.105988
0.147356 0.104044
0.139565 0.101979
0.131954 0.099795
0.124524 0.097527
0.117278 0.095209
0.110217 0.092873
0.103342 0.090545
0.096653 0.088238
0.090149 0.085897
0.083852 0.083508
0.077781 0.081069
0.071946 0.078576
0.066323 0.076026
0.060921 0.073439
0.055746 0.070835
0.050806 0.068235
0.046089 0.065649
0.041574 0.063075
0.037275 0.060520
0.033205 0.057992
0.029371 0.055498
0.025779 0.053047
0.022369 0.050656
0.019107 0.048317
0.016145 0.045993
0.013593 0.043662
0.011441 0.041304
0.009332 0.038889
0.007334 0.036496
0.005543 0.034200
0.004015 0.032055
0.002771 0.030094
0.001806 0.028342
0.001098 0.026808
0.000611 0.025496
0.000303 0.024403
0.000126 0.023524
0.000041 0.022850
0.000008 0.022376
0.000001 0.022094
0.000000 0.022000
0.000001 0.021906
0.000010 0.021623
0.000051 0.021142
0.000159 0.020454
0.000380 0.019548
0.000766 0.018414
0.001371 0.017052
0.002245 0.015471
0.003426 0.013702
0.004933 0.011797
0.006756 0.009843
0.008849 0.007968
0.011116 0.006351
0.013472 0.005181
0.016382 0.004212
0.019838 0.003378
0.023594 0.002705
0.027396 0.002178
0.031404 0.001679
0.035641 0.001216
0.040098 0.000814
0.044765 0.000500
0.049628 0.000308
0.054683 0.000207
0.059941 0.000119
0.065395 0.000051
0.071042 0.000009
0.076876 0.000003
0.082896 0.000043
0.089099 0.000123
0.095483 0.000225
0.102045 0.000335
0.108781 0.000475
0.115689 0.000651
0.122766 0.000857
0.130008 0.001083
0.137414 0.001319
0.144978 0.001554
0.152700 0.001777
0.160573 0.002010
0.168596 0.002255
0.176765 0.002501
0.185076 0.002739
0.193525 0.002957
0.202110 0.003143
0.210826 0.003323
0.219669 0.003508
0.228635 0.003693
0.237721 0.003875
0.246922 0.004048
0.256234 0.004207
0.265653 0.004347
0.275174 0.004462
0.284794 0.004546
0.294508 0.004593
0.304311 0.004599
0.314200 0.004587
0.324171 0.004563
0.334218 0.004527
0.344337 0.004481
0.354524 0.004426
0.364773 0.004363
0.375081 0.004292
0.385443 0.004215
0.395853 0.004134
0.406308 0.004037
0.416802 0.003883
0.427331 0.003680
0.437890 0.003438
0.448475 0.003170
0.459081 0.002888
0.469704 0.002604
0.480338 0.002331
0.490981 0.002083
0.501625 0.001870
0.512268 0.001659
0.522904 0.001434
0.533528 0.001207
0.544136 0.000985
0.554722 0.000779
0.565283 0.000599
0.575813 0.000453
0.586308 0.000352
0.596763 0.000303
0.607174 0.000301
0.617536 0.000307
0.627845 0.000317
0.638095 0.000331
0.648283 0.000349
0.658403 0.000371
0.668450 0.000397
0.678420 0.000426
0.688308 0.000458
0.698110 0.000493
0.707822 0.000559
0.717440 0.000706
0.726960 0.000925
0.736378 0.001203
0.745688 0.001529
0.754886 0.001894
0.763968 0.002286
0.772929 0.002696
0.781765 0.003117
0.790472 0.003538
0.799045 0.003954
0.807482 0.004382
0.815781 0.004855
0.823937 0.005366
0.831946 0.005910
0.839805 0.006480
0.847509 0.007071
0.855057 0.007677
0.862443 0.008294
0.869664 0.008918
0.876718 0.009545
0.883602 0.010169
0.890311 0.010789
0.896843 0.011402
0.903196 0.012008
0.909367 0.012633
0.915353 0.013273
0.921151 0.013923
0.926759 0.014577
0.932174 0.015230
0.937394 0.015877
0.942416 0.016514
0.947239 0.017138
0.951860 0.017746
0.956278 0.018344
0.960492 0.018930
0.964499 0.019501
0.968299 0.020054
0.971889 0.020588
0.975269 0.021100
0.978436 0.021588
0.981391 0.022049
0.984131 0.022483
0.986656 0.022888
0.988964 0.023262
0.991056 0.023604
0.992929 0.023913
0.994584 0.024188
0.996019 0.024428
0.997235 0.024632
0.998230 0.024800
0.999004 0.024931
0.999557 0.025025
0.999889 0.025081
1.000000 0.025100