nasasc2-0714
1.000000 -0.010400
0.999892 -0.010364
0.999566 -0.010255
0.999024 -0.010074
0.998265 -0.009820
0.997290 -0.009496
0.996099 -0.009101
0.994691 -0.008635
0.993068 -0.008102
0.991230 -0.007500
0.989177 -0.006833
0.986911 -0.006097
0.984432 -0.005299
0.981738 -0.004443
0.978829 -0.003539
0.975703 -0.002593
0.972365 -0.001599
0.968818 -0.000551
0.965064 0.000554
0.961105 0.001712
0.956940 0.002920
0.952571 0.004172
0.947999 0.005464
0.943227 0.006802
0.938257 0.008184
0.933089 0.009604
0.927726 0.011056
0.922168 0.012533
0.916415 0.014026
0.910468 0.015529
0.904331 0.017046
0.898009 0.018581
0.891505 0.020137
0.884821 0.021712
0.877961 0.023299
0.870925 0.024893
0.863716 0.026487
0.856335 0.028076
0.848786 0.029650
0.841072 0.031214
0.833198 0.032773
0.825167 0.034324
0.816983 0.035862
0.808647 0.037377
0.800165 0.038871
0.791541 0.040356
0.782781 0.041831
0.773885 0.043283
0.764858 0.044700
0.755701 0.046077
0.746419 0.047404
0.737017 0.048690
0.727501 0.049943
0.717875 0.051166
0.708144 0.052349
0.698311 0.053493
0.688383 0.054602
0.678363 0.055672
0.668257 0.056722
0.658070 0.057740
0.647804 0.058698
0.637462 0.059591
0.627052 0.060441
0.616581 0.061267
0.606052 0.062063
0.595470 0.062820
0.584841 0.063552
0.574168 0.064245
0.563455 0.064878
0.552708 0.065458
0.541934 0.066020
0.531136 0.066549
0.520319 0.067021
0.509488 0.067457
0.498648 0.067845
0.487804 0.068178
0.476962 0.068487
0.466126 0.068804
0.455302 0.069088
0.444494 0.069300
0.433706 0.069460
0.422944 0.069560
0.412213 0.069631
0.401518 0.069691
0.390864 0.069759
0.380255 0.069800
0.369696 0.069769
0.359192 0.069691
0.348749 0.069586
0.338371 0.069391
0.328062 0.069159
0.317826 0.068942
0.307669 0.068708
0.297596 0.068426
0.287613 0.068057
0.277723 0.067635
0.267929 0.067212
0.258235 0.066792
0.248648 0.066330
0.239173 0.065803
0.229814 0.065230
0.220573 0.064637
0.211455 0.064030
0.202465 0.063387
0.193609 0.062694
0.184889 0.061960
0.176310 0.061192
0.167876 0.060395
0.159591 0.059550
0.151460 0.058664
0.143486 0.057753
0.135669 0.056820
0.128016 0.055861
0.120533 0.054872
0.113221 0.053847
0.106085 0.052775
0.099134 0.051657
0.092363 0.050511
0.085774 0.049339
0.079378 0.048132
0.073184 0.046880
0.067199 0.045570
0.061423 0.044166
0.055855 0.042706
0.050495 0.041238
0.045339 0.039771
0.040414 0.038238
0.035736 0.036596
0.031311 0.034857
0.027151 0.033029
0.023240 0.031113
0.019663 0.029096
0.016356 0.026975
0.013331 0.024777
0.010677 0.022538
0.008392 0.020246
0.006418 0.017874
0.004845 0.015546
0.003567 0.013266
0.002559 0.011078
0.001865 0.009056
0.001306 0.007202
0.000839 0.005530
0.000487 0.004065
0.000249 0.002819
0.000107 0.001801
0.000035 0.001011
0.000007 0.000448
0.000000 0.000112
0.000000 0.000000
0.000000 -0.000112
0.000008 -0.000448
0.000037 -0.001010
0.000113 -0.001798
0.000264 -0.002814
0.000514 -0.004055
0.000880 -0.005516
0.001359 -0.007183
0.001921 -0.009037
0.002605 -0.011073
0.003556 -0.013289
0.004766 -0.015598
0.006296 -0.017939
0.008266 -0.020318
0.010550 -0.022621
0.013190 -0.024872
0.016204 -0.027083
0.019510 -0.029207
0.023090 -0.031207
0.027013 -0.033097
0.031188 -0.034892
0.035629 -0.036583
0.040314 -0.038206
0.045222 -0.039790
0.050361 -0.041301
0.055720 -0.042761
0.061295 -0.044189
0.067079 -0.045558
0.073068 -0.046843
0.079265 -0.048072
0.085663 -0.049256
0.092253 -0.050407
0.099025 -0.051540
0.105975 -0.052652
0.113108 -0.053723
0.120416 -0.054757
0.127895 -0.055768
0.135542 -0.056759
0.143352 -0.057722
0.151322 -0.058650
0.159450 -0.059534
0.167732 -0.060377
0.176162 -0.061195
0.184736 -0.061998
0.193450 -0.062766
0.202302 -0.063476
0.211289 -0.064117
0.220404 -0.064727
0.229641 -0.065346
0.238995 -0.065954
0.248465 -0.066516
0.258047 -0.067017
0.267736 -0.067479
0.277527 -0.067901
0.287415 -0.068283
0.297397 -0.068622
0.307467 -0.068912
0.317621 -0.069155
0.327854 -0.069344
0.338161 -0.069512
0.348537 -0.069598
0.358978 -0.069600
0.369479 -0.069600
0.380034 -0.069532
0.390639 -0.069364
0.401289 -0.069179
0.411979 -0.068985
0.422704 -0.068725
0.433457 -0.068349
0.444233 -0.067877
0.455025 -0.067332
0.465828 -0.066652
0.476641 -0.065920
0.487464 -0.065239
0.498287 -0.064530
0.509090 -0.063617
0.519873 -0.062526
0.530631 -0.061328
0.541355 -0.059982
0.552041 -0.058515
0.562689 -0.056976
0.573296 -0.055360
0.583854 -0.053676
0.594357 -0.051900
0.604794 -0.050022
0.615162 -0.048041
0.625464 -0.046004
0.635702 -0.043952
0.645866 -0.041861
0.655955 -0.039750
0.665967 -0.037624
0.675896 -0.035488
0.685740 -0.033348
0.695494 -0.031198
0.705154 -0.029052
0.714716 -0.026904
0.724181 -0.024784
0.733553 -0.022726
0.742827 -0.020728
0.751995 -0.018775
0.761049 -0.016847
0.769996 -0.015001
0.778832 -0.013236
0.787552 -0.011539
0.796156 -0.009961
0.804644 -0.008534
0.813011 -0.007218
0.821249 -0.006003
0.829349 -0.004886
0.837305 -0.003811
0.845118 -0.002850
0.852792 -0.002197
0.860325 -0.001730
0.867702 -0.001385
0.874909 -0.001128
0.881947 -0.000911
0.888810 -0.000803
0.895495 -0.000835
0.902001 -0.000957
0.908321 -0.001142
0.914450 -0.001368
0.920381 -0.001617
0.926114 -0.002001
0.931646 -0.002542
0.936974 -0.003147
0.942093 -0.003757
0.947001 -0.004445
0.951695 -0.005167
0.956176 -0.005921
0.960444 -0.006680
0.964503 -0.007417
0.968344 -0.008157
0.971958 -0.008929
0.975349 -0.009727
0.978517 -0.010519
0.981462 -0.011288
0.984183 -0.012051
0.986686 -0.012772
0.988978 -0.013420
0.991061 -0.013985
0.992929 -0.014482
0.994581 -0.014915
0.996015 -0.015287
0.997231 -0.015600
0.998227 -0.015853
0.999002 -0.016049
0.999556 -0.016189
0.999889 -0.016272
1.000000 -0.016300