ncambre
1.000000 0.001200
0.999887 0.001217
0.999550 0.001267
0.998987 0.001350
0.998199 0.001467
0.997187 0.001618
0.995951 0.001802
0.994492 0.002019
0.992810 0.002270
0.990905 0.002554
0.988780 0.002871
0.986435 0.003222
0.983870 0.003605
0.981088 0.004022
0.978088 0.004471
0.974874 0.004953
0.971445 0.005469
0.967804 0.006017
0.963953 0.006598
0.959892 0.007210
0.955624 0.007856
0.951151 0.008532
0.946474 0.009238
0.941595 0.009969
0.936516 0.010724
0.931239 0.011507
0.925768 0.012314
0.920102 0.013139
0.914244 0.013974
0.908197 0.014816
0.901962 0.015667
0.895544 0.016532
0.888946 0.017419
0.882172 0.018333
0.875227 0.019285
0.868115 0.020277
0.860835 0.021288
0.853388 0.022295
0.845776 0.023293
0.838004 0.024291
0.830077 0.025295
0.822000 0.026314
0.813776 0.027355
0.805409 0.028414
0.796902 0.029488
0.788260 0.030574
0.779485 0.031669
0.770580 0.032768
0.761551 0.033872
0.752401 0.034983
0.743133 0.036093
0.733751 0.037194
0.724258 0.038282
0.714660 0.039361
0.704961 0.040435
0.695165 0.041507
0.685279 0.042582
0.675305 0.043659
0.665249 0.044732
0.655114 0.045802
0.644905 0.046873
0.634629 0.047953
0.624288 0.049031
0.613885 0.050085
0.603424 0.051098
0.592909 0.052079
0.582346 0.053043
0.571743 0.054006
0.561105 0.054976
0.550434 0.055937
0.539734 0.056867
0.529010 0.057758
0.518266 0.058622
0.507508 0.059455
0.496740 0.060255
0.485968 0.061027
0.475196 0.061774
0.464430 0.062502
0.453675 0.063215
0.442937 0.063923
0.432219 0.064623
0.421526 0.065276
0.410859 0.065854
0.400226 0.066394
0.389631 0.066898
0.379080 0.067355
0.368577 0.067755
0.358127 0.068095
0.347734 0.068392
0.337405 0.068659
0.327143 0.068916
0.316955 0.069162
0.306842 0.069287
0.296811 0.069364
0.286866 0.069389
0.277012 0.069351
0.267254 0.069271
0.257596 0.069168
0.248042 0.069021
0.238597 0.068802
0.229267 0.068535
0.220057 0.068213
0.210969 0.067797
0.202008 0.067323
0.193180 0.066823
0.184487 0.066256
0.175936 0.065637
0.167528 0.064972
0.159271 0.064238
0.151172 0.063408
0.143234 0.062491
0.135460 0.061513
0.127854 0.060465
0.120421 0.059359
0.113164 0.058194
0.106087 0.056962
0.099201 0.055660
0.092510 0.054258
0.086018 0.052785
0.079724 0.051258
0.073633 0.049672
0.067754 0.048026
0.062091 0.046303
0.056656 0.044507
0.051452 0.042629
0.046488 0.040674
0.041771 0.038639
0.037324 0.036514
0.033126 0.034321
0.029178 0.032116
0.025460 0.029914
0.021990 0.027707
0.018791 0.025501
0.015827 0.023305
0.013109 0.021136
0.010657 0.019013
0.008351 0.016955
0.006398 0.014915
0.005000 0.012844
0.003750 0.010764
0.002661 0.008770
0.001773 0.006927
0.001098 0.005279
0.000620 0.003850
0.000310 0.002650
0.000131 0.001681
0.000042 0.000938
0.000008 0.000414
0.000001 0.000103
0.000000 0.000000
0.000001 -0.000103
0.000012 -0.000415
0.000060 -0.000942
0.000184 -0.001691
0.000433 -0.002669
0.000857 -0.003872
0.001500 -0.005285
0.002386 -0.006868
0.003508 -0.008551
0.004817 -0.010220
0.006377 -0.011754
0.008604 -0.013174
0.011109 -0.014413
0.013884 -0.015526
0.016955 -0.016552
0.020243 -0.017520
0.023765 -0.018425
0.027523 -0.019280
0.031491 -0.020113
0.035680 -0.020911
0.040076 -0.021721
0.044670 -0.022576
0.049469 -0.023419
0.054483 -0.024184
0.059692 -0.024973
0.065073 -0.025930
0.070651 -0.026848
0.076449 -0.027571
0.082445 -0.028246
0.088614 -0.029004
0.094959 -0.029821
0.101485 -0.030625
0.108191 -0.031410
0.115071 -0.032187
0.122122 -0.032960
0.129341 -0.033730
0.136725 -0.034491
0.144271 -0.035236
0.151977 -0.035963
0.159836 -0.036691
0.167845 -0.037413
0.176000 -0.038153
0.184292 -0.038949
0.192723 -0.039749
0.201296 -0.040485
0.210002 -0.041197
0.218839 -0.041868
0.227803 -0.042477
0.236890 -0.043038
0.246096 -0.043556
0.255415 -0.044028
0.264843 -0.044462
0.274376 -0.044864
0.284008 -0.045220
0.293736 -0.045535
0.303556 -0.045813
0.313463 -0.045998
0.323452 -0.046119
0.333518 -0.046205
0.343657 -0.046285
0.353863 -0.046349
0.364132 -0.046378
0.374460 -0.046349
0.384842 -0.046257
0.395274 -0.046118
0.405749 -0.045951
0.416263 -0.045770
0.426811 -0.045513
0.437389 -0.045185
0.447993 -0.044838
0.458617 -0.044499
0.469258 -0.044145
0.479910 -0.043774
0.490568 -0.043381
0.501228 -0.042965
0.511884 -0.042516
0.522531 -0.042034
0.533166 -0.041524
0.543782 -0.040984
0.554374 -0.040403
0.564940 -0.039801
0.575475 -0.039200
0.585974 -0.038602
0.596433 -0.037995
0.606845 -0.037363
0.617206 -0.036691
0.627509 -0.035982
0.637754 -0.035256
0.647934 -0.034534
0.658048 -0.033815
0.668088 -0.033093
0.678052 -0.032364
0.687933 -0.031631
0.697729 -0.030897
0.707434 -0.030161
0.717045 -0.029419
0.726556 -0.028667
0.735962 -0.027902
0.745260 -0.027120
0.754446 -0.026328
0.763516 -0.025533
0.772467 -0.024742
0.781293 -0.023950
0.789992 -0.023160
0.798560 -0.022375
0.806994 -0.021597
0.815289 -0.020830
0.823442 -0.020079
0.831451 -0.019342
0.839310 -0.018612
0.847015 -0.017882
0.854561 -0.017146
0.861946 -0.016391
0.869166 -0.015633
0.876221 -0.014894
0.883109 -0.014190
0.889827 -0.013515
0.896370 -0.012860
0.902735 -0.012218
0.908918 -0.011583
0.914916 -0.010951
0.920726 -0.010319
0.926346 -0.009691
0.931775 -0.009076
0.937010 -0.008479
0.942049 -0.007902
0.946890 -0.007342
0.951531 -0.006802
0.955969 -0.006283
0.960204 -0.005789
0.964233 -0.005320
0.968055 -0.004875
0.971667 -0.004455
0.975069 -0.004061
0.978259 -0.003693
0.981235 -0.003350
0.983996 -0.003032
0.986540 -0.002739
0.988868 -0.002472
0.990976 -0.002230
0.992866 -0.002014
0.994535 -0.001823
0.995983 -0.001658
0.997209 -0.001518
0.998213 -0.001403
0.998995 -0.001314
0.999553 -0.001251
0.999888 -0.001213
1.000000 -0.001200