nlf414f
1.000000 0.000196
0.999885 0.000206
0.999542 0.000237
0.998970 0.000289
0.998170 0.000367
0.997142 0.000475
0.995889 0.000618
0.994409 0.000795
0.992705 0.001006
0.990775 0.001244
0.988623 0.001515
0.986248 0.001820
0.983652 0.002162
0.980836 0.002544
0.977803 0.002965
0.974554 0.003428
0.971090 0.003937
0.967414 0.004494
0.963529 0.005103
0.959435 0.005766
0.955136 0.006482
0.950633 0.007251
0.945929 0.008075
0.941026 0.008959
0.935928 0.009906
0.930638 0.010917
0.925159 0.011997
0.919493 0.013149
0.913645 0.014375
0.907619 0.015676
0.901417 0.017059
0.895043 0.018526
0.888502 0.020079
0.881800 0.021719
0.874938 0.023453
0.867920 0.025284
0.860752 0.027213
0.853441 0.029239
0.845991 0.031376
0.838405 0.033626
0.830685 0.035975
0.822832 0.038407
0.814855 0.040939
0.806755 0.043571
0.798531 0.046277
0.790181 0.049040
0.781720 0.051894
0.773139 0.054802
0.764426 0.057707
0.755583 0.060617
0.746620 0.063549
0.737513 0.066380
0.728240 0.069018
0.718812 0.071543
0.709239 0.073899
0.699528 0.076019
0.689673 0.077958
0.679695 0.079740
0.669617 0.081375
0.659438 0.082886
0.649165 0.084282
0.638811 0.085571
0.628383 0.086773
0.617882 0.087889
0.607317 0.088902
0.596694 0.089823
0.586017 0.090671
0.575292 0.091426
0.564527 0.092090
0.553725 0.092694
0.542892 0.093216
0.532035 0.093642
0.521158 0.094028
0.510266 0.094339
0.499366 0.094524
0.488461 0.094646
0.477558 0.094736
0.466663 0.094774
0.455780 0.094731
0.444913 0.094610
0.434070 0.094447
0.423255 0.094247
0.412472 0.093948
0.401727 0.093580
0.391025 0.093179
0.380372 0.092709
0.369771 0.092172
0.359230 0.091589
0.348752 0.090947
0.338342 0.090237
0.328005 0.089478
0.317746 0.088679
0.307570 0.087822
0.297480 0.086915
0.287484 0.085967
0.277585 0.084966
0.267787 0.083914
0.258096 0.082820
0.248516 0.081676
0.239052 0.080482
0.229708 0.079249
0.220488 0.077981
0.211396 0.076669
0.202437 0.075321
0.193616 0.073942
0.184935 0.072525
0.176399 0.071077
0.168012 0.069604
0.159777 0.068104
0.151698 0.066579
0.143779 0.065034
0.136023 0.063477
0.128432 0.061902
0.121013 0.060305
0.113772 0.058683
0.106709 0.057038
0.099829 0.055369
0.093141 0.053676
0.086640 0.051960
0.080335 0.050219
0.074232 0.048454
0.068332 0.046663
0.062637 0.044847
0.057156 0.043010
0.051891 0.041152
0.046839 0.039274
0.042012 0.037378
0.037413 0.035473
0.033029 0.033560
0.028886 0.031629
0.024996 0.029678
0.021324 0.027719
0.017920 0.025733
0.014823 0.023710
0.011951 0.021651
0.009386 0.019561
0.007232 0.017449
0.005341 0.015290
0.003751 0.013138
0.002580 0.011075
0.001757 0.009119
0.001092 0.007267
0.000612 0.005584
0.000316 0.004113
0.000170 0.002871
0.000080 0.001838
0.000028 0.001030
0.000006 0.000455
0.000000 0.000113
0.000000 0.000000
0.000001 -0.000113
0.000014 -0.000453
0.000064 -0.001019
0.000172 -0.001798
0.000357 -0.002780
0.000736 -0.003995
0.001353 -0.005382
0.002195 -0.006795
0.003394 -0.008125
0.005146 -0.009432
0.007225 -0.010678
0.009470 -0.011852
0.012029 -0.012974
0.014852 -0.014056
0.017877 -0.015117
0.021145 -0.016153
0.024650 -0.017162
0.028371 -0.018155
0.032309 -0.019132
0.036470 -0.020091
0.040844 -0.021036
0.045423 -0.021975
0.050210 -0.022904
0.055205 -0.023822
0.060399 -0.024728
0.065792 -0.025624
0.071383 -0.026508
0.077168 -0.027380
0.083142 -0.028240
0.089304 -0.029089
0.095652 -0.029926
0.102182 -0.030748
0.108890 -0.031553
0.115774 -0.032345
0.122831 -0.033120
0.130057 -0.033879
0.137449 -0.034620
0.145003 -0.035345
0.152717 -0.036053
0.160585 -0.036743
0.168605 -0.037418
0.176774 -0.038076
0.185086 -0.038715
0.193539 -0.039334
0.202129 -0.039938
0.210851 -0.040522
0.219703 -0.041082
0.228679 -0.041621
0.237776 -0.042141
0.246990 -0.042639
0.256316 -0.043111
0.265751 -0.043563
0.275289 -0.043995
0.284928 -0.044401
0.294661 -0.044781
0.304485 -0.045143
0.314396 -0.045481
0.324389 -0.045787
0.334460 -0.046071
0.344603 -0.046336
0.354815 -0.046567
0.365091 -0.046753
0.375426 -0.046929
0.385816 -0.047076
0.396255 -0.047163
0.406740 -0.047189
0.417265 -0.047208
0.427825 -0.047219
0.438416 -0.047220
0.449033 -0.047159
0.459670 -0.047035
0.470325 -0.046883
0.480990 -0.046721
0.491662 -0.046514
0.502336 -0.046268
0.513006 -0.045998
0.523669 -0.045697
0.534318 -0.045353
0.544950 -0.044969
0.555558 -0.044548
0.566138 -0.044068
0.576686 -0.043537
0.587195 -0.042964
0.597661 -0.042345
0.608080 -0.041668
0.618445 -0.040932
0.628749 -0.040137
0.638991 -0.039267
0.649163 -0.038318
0.659257 -0.037291
0.669273 -0.036188
0.679207 -0.034988
0.689032 -0.033651
0.698728 -0.032118
0.708292 -0.030281
0.717736 -0.028265
0.727067 -0.026219
0.736272 -0.024100
0.745348 -0.021878
0.754323 -0.019729
0.763224 -0.017812
0.772049 -0.016100
0.780778 -0.014514
0.789400 -0.013044
0.797901 -0.011682
0.806280 -0.010412
0.814535 -0.009228
0.822658 -0.008133
0.830643 -0.007129
0.838486 -0.006204
0.846185 -0.005341
0.853735 -0.004554
0.861131 -0.003854
0.868368 -0.003238
0.875446 -0.002675
0.882359 -0.002174
0.889102 -0.001744
0.895672 -0.001387
0.902066 -0.001074
0.908282 -0.000803
0.914315 -0.000578
0.920161 -0.000402
0.925819 -0.000256
0.931285 -0.000132
0.936558 -0.000034
0.941633 0.000036
0.946510 0.000090
0.951185 0.000136
0.955658 0.000169
0.959924 0.000183
0.963984 0.000183
0.967835 0.000182
0.971474 0.000181
0.974902 0.000180
0.978115 0.000176
0.981113 0.000165
0.983894 0.000149
0.986458 0.000131
0.988802 0.000110
0.990926 0.000081
0.992829 0.000046
0.994510 0.000009
0.995968 -0.000028
0.997202 -0.000070
0.998213 -0.000112
0.998999 -0.000148
0.999561 -0.000174
0.999899 -0.000190
1.000011 -0.000196