nlr7301
1.000000 0.000550
0.999886 0.000573
0.999545 0.000641
0.998976 0.000754
0.998180 0.000914
0.997158 0.001119
0.995909 0.001371
0.994436 0.001669
0.992737 0.002016
0.990815 0.002411
0.988671 0.002856
0.986305 0.003352
0.983720 0.003899
0.980915 0.004497
0.977893 0.005146
0.974655 0.005845
0.971202 0.006595
0.967536 0.007397
0.963659 0.008251
0.959572 0.009156
0.955278 0.010111
0.950778 0.011116
0.946074 0.012171
0.941170 0.013279
0.936066 0.014438
0.930765 0.015645
0.925269 0.016899
0.919581 0.018198
0.913702 0.019545
0.907637 0.020938
0.901386 0.022372
0.894952 0.023849
0.888340 0.025370
0.881552 0.026935
0.874590 0.028538
0.867457 0.030177
0.860155 0.031847
0.852686 0.033544
0.845053 0.035265
0.837262 0.037019
0.829316 0.038802
0.821216 0.040606
0.812966 0.042425
0.804566 0.044251
0.796022 0.046078
0.787337 0.047919
0.778515 0.049769
0.769559 0.051618
0.760471 0.053455
0.751254 0.055268
0.741912 0.057060
0.732450 0.058844
0.722871 0.060608
0.713179 0.062338
0.703377 0.064019
0.693470 0.065648
0.683460 0.067251
0.673353 0.068812
0.663154 0.070315
0.652867 0.071741
0.642495 0.073087
0.632043 0.074382
0.621516 0.075618
0.610921 0.076782
0.600265 0.077864
0.589551 0.078875
0.578783 0.079832
0.567967 0.080729
0.557110 0.081558
0.546218 0.082316
0.535296 0.083026
0.524346 0.083690
0.513377 0.084297
0.502393 0.084841
0.491400 0.085329
0.480402 0.085789
0.469403 0.086204
0.458411 0.086559
0.447431 0.086841
0.436466 0.087103
0.425521 0.087346
0.414603 0.087533
0.403716 0.087632
0.392865 0.087638
0.382055 0.087627
0.371291 0.087608
0.360579 0.087582
0.349922 0.087550
0.339327 0.087454
0.328797 0.087262
0.318338 0.087006
0.307954 0.086716
0.297652 0.086422
0.287434 0.086084
0.277305 0.085689
0.267270 0.085249
0.257335 0.084777
0.247505 0.084281
0.237782 0.083740
0.228171 0.083149
0.218678 0.082516
0.209306 0.081849
0.200062 0.081155
0.190949 0.080423
0.181969 0.079644
0.173128 0.078824
0.164429 0.077974
0.155878 0.077100
0.147478 0.076207
0.139234 0.075261
0.131150 0.074265
0.123232 0.073236
0.115480 0.072172
0.107899 0.071068
0.100496 0.069929
0.093273 0.068748
0.086234 0.067519
0.079387 0.066242
0.072731 0.064915
0.066282 0.063508
0.060047 0.062002
0.054029 0.060392
0.048264 0.058653
0.042733 0.056764
0.037462 0.054744
0.032472 0.052607
0.027755 0.050293
0.023449 0.047734
0.019607 0.044813
0.016242 0.041652
0.013336 0.038350
0.010833 0.034996
0.008699 0.031648
0.006896 0.028358
0.005391 0.025160
0.004141 0.022091
0.003133 0.019171
0.002321 0.016418
0.001684 0.013855
0.001183 0.011488
0.000791 0.009333
0.000509 0.007391
0.000337 0.005667
0.000200 0.004164
0.000104 0.002890
0.000045 0.001848
0.000015 0.001039
0.000003 0.000461
0.000000 0.000115
0.000000 0.000000
0.000000 -0.000115
0.000003 -0.000461
0.000013 -0.001037
0.000040 -0.001842
0.000093 -0.002875
0.000181 -0.004136
0.000311 -0.005620
0.000484 -0.007324
0.000792 -0.009242
0.001282 -0.011356
0.001973 -0.013650
0.002925 -0.016089
0.004154 -0.018650
0.005693 -0.021298
0.007566 -0.023993
0.009812 -0.026677
0.012445 -0.029300
0.015456 -0.031832
0.018822 -0.034253
0.022520 -0.036559
0.026532 -0.038735
0.030835 -0.040822
0.035401 -0.042805
0.040226 -0.044694
0.045304 -0.046512
0.050608 -0.048252
0.056145 -0.049909
0.061910 -0.051490
0.067883 -0.053009
0.074069 -0.054464
0.080458 -0.055857
0.087042 -0.057203
0.093820 -0.058506
0.100785 -0.059757
0.107934 -0.060961
0.115263 -0.062127
0.122767 -0.063255
0.130438 -0.064354
0.138277 -0.065426
0.146280 -0.066446
0.154442 -0.067403
0.162758 -0.068337
0.171226 -0.069249
0.179840 -0.070127
0.188596 -0.070960
0.197489 -0.071735
0.206515 -0.072455
0.215673 -0.073149
0.224958 -0.073806
0.234364 -0.074414
0.243886 -0.074961
0.253518 -0.075438
0.263259 -0.075894
0.273103 -0.076323
0.283046 -0.076698
0.293083 -0.076991
0.303207 -0.077180
0.313415 -0.077332
0.323704 -0.077464
0.334067 -0.077565
0.344500 -0.077622
0.354995 -0.077617
0.365552 -0.077511
0.376163 -0.077319
0.386824 -0.077069
0.397527 -0.076787
0.408268 -0.076452
0.419044 -0.075981
0.429849 -0.075400
0.440674 -0.074735
0.451511 -0.074016
0.462358 -0.073177
0.473210 -0.072192
0.484061 -0.071094
0.494902 -0.069914
0.505726 -0.068666
0.516530 -0.067279
0.527310 -0.065773
0.538062 -0.064187
0.548782 -0.062557
0.559466 -0.060883
0.570109 -0.059131
0.580705 -0.057314
0.591250 -0.055447
0.601739 -0.053541
0.612166 -0.051577
0.622527 -0.049554
0.632820 -0.047491
0.643043 -0.045404
0.653190 -0.043307
0.663255 -0.041175
0.673235 -0.039015
0.683129 -0.036850
0.692936 -0.034700
0.702657 -0.032582
0.712280 -0.030471
0.721803 -0.028370
0.731225 -0.026300
0.740545 -0.024277
0.749762 -0.022320
0.758870 -0.020410
0.767862 -0.018529
0.776736 -0.016702
0.785491 -0.014948
0.794125 -0.013289
0.802637 -0.011736
0.811020 -0.010236
0.819269 -0.008790
0.827379 -0.007422
0.835348 -0.006153
0.843173 -0.005001
0.850849 -0.003983
0.858374 -0.003043
0.865743 -0.002155
0.872952 -0.001332
0.879996 -0.000587
0.886868 0.000069
0.893566 0.000629
0.900084 0.001085
0.906422 0.001485
0.912580 0.001842
0.918550 0.002115
0.924327 0.002271
0.929909 0.002338
0.935294 0.002391
0.940480 0.002430
0.945461 0.002453
0.950235 0.002460
0.954801 0.002408
0.959158 0.002285
0.963302 0.002119
0.967232 0.001932
0.970945 0.001740
0.974440 0.001559
0.977716 0.001375
0.980771 0.001168
0.983603 0.000952
0.986214 0.000739
0.988600 0.000539
0.990761 0.000355
0.992697 0.000181
0.994406 0.000020
0.995889 -0.000126
0.997144 -0.000252
0.998172 -0.000358
0.998971 -0.000441
0.999543 -0.000502
0.999886 -0.000538
1.000000 -0.000550