npl9510
1.000000 0.002440
0.999889 0.002463
0.999558 0.002530
0.999005 0.002643
0.998231 0.002800
0.997236 0.003002
0.996022 0.003248
0.994588 0.003539
0.992935 0.003873
0.991064 0.004251
0.988975 0.004673
0.986669 0.005136
0.984148 0.005642
0.981412 0.006190
0.978463 0.006778
0.975302 0.007408
0.971930 0.008078
0.968348 0.008787
0.964558 0.009533
0.960561 0.010314
0.956359 0.011130
0.951955 0.011981
0.947348 0.012863
0.942541 0.013771
0.937534 0.014699
0.932331 0.015650
0.926932 0.016619
0.921340 0.017603
0.915558 0.018596
0.909586 0.019600
0.903429 0.020612
0.897088 0.021630
0.890566 0.022651
0.883866 0.023679
0.876993 0.024720
0.869950 0.025774
0.862739 0.026832
0.855362 0.027885
0.847822 0.028935
0.840122 0.029980
0.832268 0.031022
0.824260 0.032055
0.816102 0.033059
0.807796 0.034035
0.799348 0.034999
0.790764 0.035960
0.782045 0.036901
0.773195 0.037806
0.764216 0.038679
0.755115 0.039519
0.745894 0.040327
0.736559 0.041106
0.727114 0.041860
0.717562 0.042565
0.707907 0.043218
0.698155 0.043835
0.688311 0.044432
0.678378 0.044971
0.668360 0.045436
0.658263 0.045872
0.648093 0.046302
0.637854 0.046694
0.627550 0.047041
0.617186 0.047360
0.606768 0.047658
0.596299 0.047926
0.585784 0.048170
0.575228 0.048364
0.564636 0.048518
0.554013 0.048666
0.543363 0.048805
0.532692 0.048914
0.522004 0.048999
0.511304 0.049056
0.500597 0.049089
0.489887 0.049097
0.479180 0.049099
0.468480 0.049060
0.457792 0.048994
0.447120 0.048901
0.436471 0.048788
0.425847 0.048652
0.415255 0.048489
0.404700 0.048290
0.394184 0.048074
0.383714 0.047835
0.373295 0.047567
0.362931 0.047269
0.352625 0.046968
0.342383 0.046658
0.332210 0.046329
0.322110 0.045985
0.312087 0.045634
0.302146 0.045272
0.292291 0.044891
0.282528 0.044495
0.272859 0.044096
0.263290 0.043687
0.253825 0.043252
0.244469 0.042794
0.235224 0.042325
0.226097 0.041845
0.217089 0.041362
0.208205 0.040876
0.199450 0.040387
0.190826 0.039900
0.182338 0.039407
0.173990 0.038901
0.165786 0.038385
0.157729 0.037855
0.149824 0.037315
0.142074 0.036759
0.134483 0.036188
0.127054 0.035600
0.119791 0.034997
0.112697 0.034376
0.105774 0.033740
0.099027 0.033101
0.092457 0.032452
0.086070 0.031780
0.079869 0.031088
0.073855 0.030382
0.068032 0.029655
0.062405 0.028904
0.056973 0.028144
0.051740 0.027373
0.046710 0.026582
0.041884 0.025772
0.037268 0.024943
0.032861 0.024097
0.028675 0.023210
0.024717 0.022252
0.020985 0.021250
0.017505 0.020137
0.014306 0.018887
0.011391 0.017475
0.008836 0.015916
0.006580 0.014218
0.004737 0.012462
0.003273 0.010605
0.002163 0.008786
0.001384 0.007041
0.000788 0.005447
0.000426 0.004035
0.000237 0.002819
0.000108 0.001808
0.000037 0.001017
0.000008 0.000452
0.000000 0.000113
0.000000 0.000000
0.000000 -0.000113
0.000007 -0.000452
0.000036 -0.001020
0.000105 -0.001816
0.000229 -0.002837
0.000408 -0.004067
0.000734 -0.005501
0.001274 -0.007127
0.002017 -0.008896
0.003070 -0.010770
0.004382 -0.012756
0.006010 -0.014743
0.008004 -0.016750
0.010289 -0.018740
0.012902 -0.020669
0.015799 -0.022574
0.018959 -0.024461
0.022384 -0.026305
0.026064 -0.028120
0.029982 -0.029919
0.034143 -0.031683
0.038534 -0.033432
0.043150 -0.035154
0.047994 -0.036847
0.053059 -0.038499
0.058346 -0.040107
0.063848 -0.041664
0.069565 -0.043170
0.075487 -0.044632
0.081615 -0.046028
0.087949 -0.047347
0.094474 -0.048629
0.101190 -0.049861
0.108090 -0.051059
0.115170 -0.052218
0.122430 -0.053296
0.129864 -0.054332
0.137468 -0.055338
0.145238 -0.056307
0.153167 -0.057235
0.161250 -0.058114
0.169486 -0.058961
0.177873 -0.059777
0.186405 -0.060549
0.195077 -0.061260
0.203885 -0.061903
0.212827 -0.062519
0.221898 -0.063092
0.231093 -0.063595
0.240407 -0.063996
0.249836 -0.064351
0.259377 -0.064685
0.269023 -0.064939
0.278770 -0.065053
0.288613 -0.065042
0.298548 -0.065004
0.308569 -0.064943
0.318671 -0.064863
0.328847 -0.064691
0.339096 -0.064345
0.349411 -0.063887
0.359784 -0.063381
0.370211 -0.062807
0.380688 -0.062097
0.391209 -0.061293
0.401768 -0.060432
0.412360 -0.059479
0.422980 -0.058423
0.433623 -0.057290
0.444284 -0.056097
0.454957 -0.054813
0.465638 -0.053445
0.476322 -0.052015
0.487004 -0.050530
0.497678 -0.048966
0.508343 -0.047344
0.518994 -0.045689
0.529627 -0.044001
0.540236 -0.042268
0.550820 -0.040509
0.561375 -0.038741
0.571896 -0.036956
0.582378 -0.035156
0.592818 -0.033356
0.603216 -0.031573
0.613564 -0.029794
0.623858 -0.028026
0.634096 -0.026281
0.644275 -0.024571
0.654389 -0.022890
0.664435 -0.021237
0.674406 -0.019613
0.684298 -0.018013
0.694105 -0.016424
0.703824 -0.014866
0.713456 -0.013366
0.722998 -0.011946
0.732445 -0.010581
0.741791 -0.009272
0.751033 -0.008032
0.760166 -0.006872
0.769186 -0.005779
0.778090 -0.004742
0.786871 -0.003770
0.795526 -0.002871
0.804049 -0.002044
0.812437 -0.001243
0.820687 -0.000491
0.828794 0.000178
0.836754 0.000735
0.844565 0.001186
0.852223 0.001625
0.859723 0.002022
0.867062 0.002336
0.874233 0.002533
0.881232 0.002588
0.888058 0.002588
0.894709 0.002588
0.901180 0.002588
0.907467 0.002588
0.913566 0.002588
0.919476 0.002588
0.925192 0.002542
0.930715 0.002402
0.936040 0.002196
0.941166 0.001948
0.946090 0.001677
0.950809 0.001400
0.955321 0.001132
0.959624 0.000880
0.963717 0.000637
0.967599 0.000384
0.971266 0.000124
0.974719 -0.000136
0.977956 -0.000394
0.980976 -0.000646
0.983776 -0.000888
0.986357 -0.001119
0.988717 -0.001336
0.990855 -0.001537
0.992770 -0.001720
0.994462 -0.001885
0.995929 -0.002030
0.997172 -0.002154
0.998190 -0.002256
0.998981 -0.002336
0.999547 -0.002394
0.999887 -0.002428
1.000000 -0.002440