npl9626
1.000000 0.001260
0.999888 0.001277
0.999551 0.001329
0.998989 0.001415
0.998204 0.001536
0.997194 0.001689
0.995961 0.001876
0.994504 0.002095
0.992825 0.002346
0.990924 0.002630
0.988803 0.002947
0.986462 0.003297
0.983901 0.003678
0.981123 0.004091
0.978129 0.004534
0.974919 0.005008
0.971495 0.005513
0.967858 0.006046
0.964011 0.006608
0.959954 0.007197
0.955690 0.007812
0.951220 0.008454
0.946546 0.009121
0.941670 0.009814
0.936595 0.010532
0.931322 0.011274
0.925854 0.012041
0.920194 0.012829
0.914343 0.013638
0.908304 0.014466
0.902081 0.015315
0.895674 0.016182
0.889088 0.017068
0.882326 0.017971
0.875390 0.018893
0.868283 0.019831
0.861008 0.020783
0.853569 0.021748
0.845968 0.022724
0.838209 0.023712
0.830296 0.024710
0.822232 0.025719
0.814020 0.026739
0.805665 0.027770
0.797170 0.028809
0.788538 0.029856
0.779773 0.030907
0.770880 0.031962
0.761861 0.033021
0.752722 0.034084
0.743465 0.035147
0.734096 0.036211
0.724618 0.037274
0.715035 0.038337
0.705352 0.039399
0.695573 0.040457
0.685702 0.041512
0.675744 0.042565
0.665703 0.043614
0.655583 0.044655
0.645389 0.045686
0.635126 0.046707
0.624797 0.047719
0.614407 0.048720
0.603962 0.049708
0.593465 0.050682
0.582922 0.051645
0.572336 0.052594
0.561714 0.053526
0.551058 0.054436
0.540374 0.055325
0.529667 0.056196
0.518941 0.057047
0.508202 0.057873
0.497454 0.058670
0.486701 0.059448
0.475949 0.060203
0.465202 0.060930
0.454465 0.061622
0.443743 0.062279
0.433041 0.062915
0.422363 0.063520
0.411715 0.064087
0.401100 0.064607
0.390525 0.065099
0.379992 0.065566
0.369508 0.065991
0.359078 0.066362
0.348705 0.066691
0.338395 0.067028
0.328151 0.067325
0.317980 0.067529
0.307886 0.067589
0.297873 0.067538
0.287945 0.067421
0.278109 0.067259
0.268370 0.067068
0.258734 0.066831
0.249203 0.066459
0.239783 0.065985
0.230478 0.065450
0.221297 0.064890
0.212239 0.064255
0.203310 0.063529
0.194516 0.062734
0.185862 0.061894
0.177353 0.061008
0.168989 0.060037
0.160776 0.059002
0.152720 0.057922
0.144823 0.056814
0.137088 0.055656
0.129519 0.054446
0.122120 0.053198
0.114896 0.051920
0.107851 0.050609
0.100984 0.049255
0.094301 0.047869
0.087805 0.046464
0.081500 0.045049
0.075380 0.043620
0.069456 0.042170
0.063736 0.040694
0.058228 0.039190
0.052926 0.037649
0.047833 0.036079
0.042955 0.034494
0.038297 0.032906
0.033838 0.031337
0.029587 0.029770
0.025581 0.028171
0.021849 0.026515
0.018399 0.024726
0.015236 0.022844
0.012340 0.020943
0.009747 0.018994
0.007511 0.016951
0.005545 0.014947
0.003901 0.012942
0.002743 0.010884
0.001833 0.008940
0.001168 0.007137
0.000702 0.005504
0.000387 0.004065
0.000205 0.002832
0.000099 0.001814
0.000035 0.001020
0.000007 0.000453
0.000000 0.000113
0.000000 0.000000
0.000001 -0.000113
0.000008 -0.000452
0.000038 -0.001016
0.000107 -0.001804
0.000229 -0.002808
0.000506 -0.004017
0.000952 -0.005411
0.001633 -0.006953
0.002627 -0.008579
0.004041 -0.010172
0.005718 -0.011824
0.007654 -0.013514
0.009999 -0.015023
0.012540 -0.016646
0.015341 -0.018216
0.018471 -0.019640
0.021860 -0.021004
0.025470 -0.022373
0.029309 -0.023748
0.033374 -0.025104
0.037659 -0.026415
0.042168 -0.027674
0.046906 -0.028896
0.051861 -0.030089
0.057021 -0.031266
0.062375 -0.032438
0.067932 -0.033597
0.073689 -0.034738
0.079639 -0.035860
0.085778 -0.036962
0.092106 -0.038049
0.098620 -0.039118
0.105317 -0.040165
0.112191 -0.041184
0.119239 -0.042185
0.126460 -0.043174
0.133850 -0.044133
0.141407 -0.045043
0.149126 -0.045886
0.157007 -0.046691
0.165044 -0.047458
0.173233 -0.048174
0.181568 -0.048827
0.190046 -0.049428
0.198664 -0.049996
0.207417 -0.050519
0.216301 -0.050986
0.225309 -0.051389
0.234439 -0.051771
0.243688 -0.052122
0.253050 -0.052417
0.262520 -0.052625
0.272093 -0.052765
0.281767 -0.052889
0.291537 -0.052988
0.301397 -0.053049
0.311342 -0.053058
0.321369 -0.053010
0.331472 -0.052915
0.341648 -0.052788
0.351891 -0.052644
0.362196 -0.052472
0.372560 -0.052229
0.382977 -0.051936
0.393443 -0.051619
0.403953 -0.051302
0.414503 -0.050979
0.425089 -0.050636
0.435705 -0.050269
0.446345 -0.049876
0.457005 -0.049452
0.467681 -0.048988
0.478367 -0.048489
0.489060 -0.047965
0.499753 -0.047423
0.510443 -0.046858
0.521124 -0.046264
0.531792 -0.045645
0.542443 -0.045008
0.553070 -0.044354
0.563670 -0.043676
0.574238 -0.042976
0.584769 -0.042259
0.595259 -0.041529
0.605702 -0.040788
0.616095 -0.040030
0.626433 -0.039258
0.636711 -0.038475
0.646924 -0.037682
0.657069 -0.036877
0.667139 -0.036060
0.677132 -0.035235
0.687043 -0.034404
0.696867 -0.033570
0.706600 -0.032730
0.716238 -0.031885
0.725776 -0.031036
0.735210 -0.030185
0.744537 -0.029331
0.753751 -0.028475
0.762849 -0.027618
0.771827 -0.026761
0.780680 -0.025906
0.789406 -0.025052
0.798000 -0.024199
0.806457 -0.023351
0.814776 -0.022509
0.822952 -0.021675
0.830981 -0.020848
0.838861 -0.020028
0.846586 -0.019216
0.854154 -0.018412
0.861562 -0.017615
0.868806 -0.016827
0.875883 -0.016050
0.882791 -0.015286
0.889525 -0.014536
0.896084 -0.013800
0.902464 -0.013078
0.908663 -0.012371
0.914677 -0.011679
0.920504 -0.011004
0.926142 -0.010344
0.931587 -0.009702
0.936839 -0.009080
0.941894 -0.008477
0.946750 -0.007896
0.951406 -0.007335
0.955859 -0.006795
0.960107 -0.006277
0.964148 -0.005781
0.967980 -0.005307
0.971602 -0.004857
0.975013 -0.004431
0.978211 -0.004030
0.981194 -0.003655
0.983962 -0.003306
0.986512 -0.002983
0.988845 -0.002687
0.990958 -0.002418
0.992851 -0.002177
0.994524 -0.001964
0.995975 -0.001778
0.997204 -0.001621
0.998210 -0.001491
0.998993 -0.001390
0.999552 -0.001318
0.999888 -0.001274
1.000000 -0.001260