hobie
1.000000 0.000000
0.999889 0.000023
0.999555 0.000092
0.998998 0.000208
0.998220 0.000369
0.997220 0.000577
0.995998 0.000830
0.994555 0.001128
0.992892 0.001471
0.991009 0.001858
0.988907 0.002289
0.986587 0.002764
0.984050 0.003281
0.981297 0.003841
0.978330 0.004442
0.975148 0.005084
0.971754 0.005766
0.968150 0.006487
0.964335 0.007246
0.960313 0.008042
0.956085 0.008874
0.951653 0.009741
0.947018 0.010641
0.942182 0.011575
0.937147 0.012539
0.931916 0.013534
0.926491 0.014557
0.920874 0.015608
0.915067 0.016684
0.909072 0.017785
0.902893 0.018908
0.896531 0.020053
0.889990 0.021217
0.883271 0.022401
0.876377 0.023603
0.869313 0.024821
0.862080 0.026056
0.854682 0.027306
0.847122 0.028570
0.839404 0.029848
0.831532 0.031138
0.823509 0.032441
0.815338 0.033755
0.807024 0.035080
0.798571 0.036415
0.789981 0.037761
0.781257 0.039115
0.772405 0.040476
0.763427 0.041843
0.754327 0.043213
0.745110 0.044585
0.735779 0.045957
0.726339 0.047327
0.716795 0.048694
0.707149 0.050055
0.697407 0.051409
0.687573 0.052775
0.677653 0.054154
0.667649 0.055536
0.657565 0.056911
0.647407 0.058270
0.637176 0.059603
0.626878 0.060899
0.616517 0.062148
0.606095 0.063338
0.595618 0.064463
0.585090 0.065555
0.574515 0.066620
0.563900 0.067653
0.553249 0.068653
0.542568 0.069617
0.531861 0.070540
0.521136 0.071421
0.510396 0.072257
0.499648 0.073045
0.488894 0.073795
0.478138 0.074506
0.467384 0.075161
0.456640 0.075744
0.445910 0.076240
0.435198 0.076674
0.424509 0.077062
0.413850 0.077416
0.403226 0.077744
0.392643 0.078073
0.382105 0.078430
0.371616 0.078760
0.361180 0.079005
0.350804 0.079109
0.340490 0.079073
0.330242 0.078960
0.320068 0.078789
0.309973 0.078580
0.299964 0.078349
0.290042 0.078040
0.280211 0.077602
0.270478 0.077063
0.260853 0.076447
0.251344 0.075778
0.241958 0.074992
0.232696 0.074000
0.223559 0.072880
0.214547 0.071706
0.205659 0.070548
0.196896 0.069467
0.188250 0.068461
0.179735 0.067481
0.171366 0.066485
0.163157 0.065434
0.155122 0.064293
0.147270 0.063031
0.139589 0.061609
0.132080 0.060053
0.124748 0.058395
0.117600 0.056667
0.110641 0.054896
0.103875 0.053107
0.097308 0.051307
0.090950 0.049386
0.084795 0.047385
0.078837 0.045371
0.073070 0.043398
0.067492 0.041452
0.062110 0.039518
0.056931 0.037598
0.051961 0.035691
0.047173 0.033823
0.042490 0.032055
0.037997 0.030329
0.033773 0.028590
0.029877 0.026799
0.026350 0.024932
0.023106 0.022937
0.019764 0.020713
0.016461 0.018370
0.013344 0.016012
0.010515 0.013720
0.008036 0.011552
0.005936 0.009550
0.004219 0.007740
0.002866 0.006133
0.001844 0.004735
0.001109 0.003541
0.000612 0.002543
0.000301 0.001729
0.000125 0.001086
0.000040 0.000602
0.000008 0.000264
0.000001 0.000066
0.000000 0.000000
0.000001 -0.000066
0.000011 -0.000263
0.000057 -0.000596
0.000178 -0.001068
0.000426 -0.001684
0.000865 -0.002448
0.001559 -0.003361
0.002576 -0.004422
0.003975 -0.005622
0.005800 -0.006942
0.008077 -0.008352
0.010798 -0.009810
0.013919 -0.011251
0.017343 -0.012593
0.020915 -0.013725
0.024409 -0.014509
0.027813 -0.014964
0.031531 -0.015365
0.035555 -0.015716
0.039852 -0.016016
0.044379 -0.016267
0.049073 -0.016474
0.053909 -0.016644
0.058943 -0.016782
0.064176 -0.016900
0.069602 -0.017015
0.075218 -0.017146
0.081021 -0.017322
0.087009 -0.017524
0.093180 -0.017697
0.099531 -0.017780
0.106060 -0.017751
0.112764 -0.017660
0.119640 -0.017512
0.126684 -0.017316
0.133893 -0.017083
0.141261 -0.016824
0.148787 -0.016553
0.156465 -0.016253
0.164294 -0.015876
0.172270 -0.015429
0.180388 -0.014925
0.188645 -0.014376
0.197036 -0.013797
0.205557 -0.013174
0.214200 -0.012437
0.222966 -0.011623
0.231852 -0.010785
0.240859 -0.009981
0.249987 -0.009271
0.259233 -0.008675
0.268591 -0.008143
0.278054 -0.007636
0.287614 -0.007114
0.297263 -0.006532
0.306993 -0.005840
0.316801 -0.005034
0.326686 -0.004172
0.336648 -0.003314
0.346686 -0.002524
0.356798 -0.001841
0.366977 -0.001212
0.377218 -0.000619
0.387514 -0.000048
0.397859 0.000514
0.408249 0.001078
0.418678 0.001636
0.429144 0.002179
0.439641 0.002697
0.450166 0.003177
0.460713 0.003622
0.471279 0.004041
0.481857 0.004438
0.492443 0.004818
0.503031 0.005184
0.513617 0.005553
0.524197 0.005922
0.534764 0.006287
0.545316 0.006642
0.555847 0.006982
0.566353 0.007302
0.576828 0.007595
0.587269 0.007858
0.597670 0.008084
0.608027 0.008285
0.618337 0.008487
0.628593 0.008684
0.638791 0.008873
0.648927 0.009046
0.658996 0.009200
0.668993 0.009329
0.678914 0.009428
0.688754 0.009493
0.698509 0.009520
0.708175 0.009504
0.717747 0.009447
0.727222 0.009354
0.736595 0.009233
0.745861 0.009088
0.755017 0.008926
0.764059 0.008751
0.772981 0.008569
0.781781 0.008383
0.790455 0.008199
0.798997 0.008021
0.807406 0.007839
0.815676 0.007641
0.823805 0.007428
0.831790 0.007203
0.839625 0.006967
0.847308 0.006724
0.854835 0.006476
0.862204 0.006223
0.869410 0.005969
0.876451 0.005714
0.883322 0.005461
0.890023 0.005209
0.896548 0.004962
0.902896 0.004718
0.909064 0.004474
0.915049 0.004228
0.920848 0.003983
0.926459 0.003738
0.931879 0.003496
0.937106 0.003257
0.942138 0.003022
0.946972 0.002791
0.951607 0.002566
0.956040 0.002347
0.960269 0.002134
0.964292 0.001929
0.968109 0.001733
0.971716 0.001545
0.975113 0.001365
0.978297 0.001196
0.981268 0.001036
0.984025 0.000887
0.986565 0.000748
0.988888 0.000621
0.990993 0.000504
0.992879 0.000400
0.994545 0.000307
0.995990 0.000226
0.997214 0.000157
0.998217 0.000101
0.998997 0.000057
0.999554 0.000025
0.999888 0.000006
1.000000 0.000000