hq2090sm
1.000000 0.000000
0.999888 0.000015
0.999552 0.000061
0.998991 0.000136
0.998207 0.000243
0.997200 0.000379
0.995969 0.000547
0.994517 0.000745
0.992842 0.000974
0.990947 0.001234
0.988832 0.001526
0.986498 0.001849
0.983946 0.002205
0.981177 0.002592
0.978193 0.003012
0.974995 0.003465
0.971585 0.003952
0.967963 0.004471
0.964133 0.005025
0.960095 0.005612
0.955852 0.006234
0.951406 0.006891
0.946758 0.007586
0.941912 0.008325
0.936870 0.009106
0.931634 0.009929
0.926206 0.010788
0.920588 0.011681
0.914781 0.012602
0.908788 0.013544
0.902609 0.014502
0.896247 0.015468
0.889706 0.016452
0.882989 0.017454
0.876100 0.018475
0.869040 0.019514
0.861815 0.020574
0.854426 0.021654
0.846878 0.022756
0.839175 0.023881
0.831319 0.025027
0.823313 0.026188
0.815160 0.027361
0.806864 0.028539
0.798427 0.029719
0.789854 0.030910
0.781151 0.032120
0.772320 0.033343
0.763365 0.034577
0.754290 0.035816
0.745098 0.037056
0.735793 0.038292
0.726379 0.039519
0.716859 0.040732
0.707238 0.041926
0.697519 0.043096
0.687708 0.044264
0.677808 0.045436
0.667825 0.046603
0.657762 0.047758
0.647623 0.048891
0.637414 0.049995
0.627138 0.051061
0.616800 0.052080
0.606403 0.053042
0.595954 0.053943
0.585454 0.054826
0.574910 0.055694
0.564326 0.056539
0.553708 0.057351
0.543061 0.058121
0.532389 0.058839
0.521699 0.059496
0.510994 0.060082
0.500282 0.060588
0.489565 0.061048
0.478847 0.061500
0.468133 0.061934
0.457429 0.062343
0.446740 0.062715
0.436071 0.063042
0.425427 0.063316
0.414814 0.063526
0.404237 0.063666
0.393701 0.063740
0.383208 0.063801
0.372764 0.063850
0.362374 0.063884
0.352044 0.063900
0.341778 0.063863
0.331579 0.063732
0.321454 0.063531
0.311407 0.063290
0.301444 0.063037
0.291568 0.062755
0.281783 0.062398
0.272094 0.061984
0.262507 0.061530
0.253025 0.061055
0.243653 0.060562
0.234393 0.060028
0.225251 0.059450
0.216231 0.058833
0.207341 0.058177
0.198585 0.057485
0.189963 0.056740
0.181479 0.055937
0.173138 0.055083
0.164948 0.054185
0.156913 0.053248
0.149039 0.052279
0.141321 0.051266
0.133760 0.050204
0.126366 0.049093
0.119147 0.047937
0.112110 0.046739
0.105261 0.045501
0.098607 0.044227
0.092133 0.042899
0.085841 0.041517
0.079739 0.040090
0.073833 0.038628
0.068131 0.037140
0.062637 0.035634
0.057355 0.034120
0.052290 0.032605
0.047440 0.031088
0.042790 0.029525
0.038353 0.027926
0.034143 0.026304
0.030168 0.024674
0.026434 0.023050
0.022934 0.021432
0.019645 0.019791
0.016603 0.018132
0.013837 0.016469
0.011332 0.014817
0.008985 0.013168
0.006945 0.011522
0.005323 0.009890
0.004023 0.008237
0.002815 0.006549
0.001808 0.004967
0.001050 0.003577
0.000536 0.002420
0.000230 0.001506
0.000075 0.000825
0.000015 0.000359
0.000001 0.000089
0.000000 0.000000
0.000002 -0.000088
0.000036 -0.000353
0.000174 -0.000794
0.000518 -0.001408
0.001171 -0.002184
0.002187 -0.003095
0.003528 -0.004092
0.004991 -0.005094
0.006552 -0.006066
0.008439 -0.007037
0.010614 -0.007980
0.012998 -0.008879
0.015603 -0.009752
0.018463 -0.010601
0.021563 -0.011413
0.024880 -0.012174
0.028406 -0.012902
0.032157 -0.013619
0.036129 -0.014318
0.040319 -0.014990
0.044718 -0.015626
0.049319 -0.016218
0.054117 -0.016776
0.059119 -0.017322
0.064323 -0.017854
0.069725 -0.018371
0.075322 -0.018870
0.081111 -0.019350
0.087088 -0.019811
0.093247 -0.020252
0.099585 -0.020673
0.106100 -0.021077
0.112791 -0.021464
0.119657 -0.021834
0.126693 -0.022187
0.133896 -0.022524
0.141261 -0.022846
0.148785 -0.023152
0.156464 -0.023448
0.164295 -0.023735
0.172277 -0.024010
0.180404 -0.024271
0.188672 -0.024512
0.197079 -0.024731
0.205620 -0.024927
0.214292 -0.025114
0.223090 -0.025289
0.232011 -0.025448
0.241051 -0.025587
0.250205 -0.025702
0.259470 -0.025807
0.268841 -0.025909
0.278315 -0.025999
0.287886 -0.026066
0.297551 -0.026098
0.307305 -0.026091
0.317144 -0.026054
0.327064 -0.025993
0.337060 -0.025916
0.347127 -0.025826
0.357260 -0.025717
0.367457 -0.025553
0.377711 -0.025344
0.388018 -0.025103
0.398373 -0.024842
0.408770 -0.024559
0.419208 -0.024234
0.429679 -0.023870
0.440181 -0.023472
0.450707 -0.023045
0.461254 -0.022593
0.471816 -0.022121
0.482389 -0.021633
0.492967 -0.021135
0.503547 -0.020629
0.514123 -0.020095
0.524692 -0.019530
0.535247 -0.018938
0.545785 -0.018322
0.556301 -0.017687
0.566789 -0.017036
0.577247 -0.016373
0.587668 -0.015702
0.598049 -0.015027
0.608384 -0.014337
0.618667 -0.013611
0.628895 -0.012858
0.639064 -0.012089
0.649170 -0.011314
0.659208 -0.010543
0.669176 -0.009787
0.679068 -0.009053
0.688882 -0.008352
0.698614 -0.007691
0.708258 -0.007060
0.717809 -0.006434
0.727263 -0.005818
0.736617 -0.005216
0.745865 -0.004634
0.755004 -0.004075
0.764029 -0.003542
0.772938 -0.003041
0.781725 -0.002573
0.790387 -0.002141
0.798920 -0.001747
0.807321 -0.001387
0.815586 -0.001049
0.823711 -0.000736
0.831693 -0.000451
0.839526 -0.000197
0.847208 0.000026
0.854735 0.000225
0.862103 0.000426
0.869310 0.000619
0.876353 0.000792
0.883227 0.000934
0.889930 0.001036
0.896459 0.001092
0.902811 0.001100
0.908982 0.001100
0.914972 0.001100
0.920776 0.001100
0.926391 0.001100
0.931817 0.001100
0.937049 0.001100
0.942085 0.001100
0.946924 0.001100
0.951562 0.001098
0.955999 0.001077
0.960232 0.001036
0.964259 0.000979
0.968079 0.000910
0.971689 0.000834
0.975089 0.000754
0.978277 0.000672
0.981251 0.000590
0.984010 0.000510
0.986552 0.000433
0.988877 0.000361
0.990984 0.000294
0.992872 0.000234
0.994540 0.000179
0.995986 0.000132
0.997212 0.000092
0.998215 0.000059
0.998996 0.000033
0.999554 0.000015
0.999888 0.000004
1.000000 0.000000