hq259b
1.000000 0.000000
0.999888 0.000020
0.999553 0.000081
0.998995 0.000182
0.998214 0.000323
0.997210 0.000505
0.995983 0.000726
0.994536 0.000988
0.992867 0.001290
0.990978 0.001633
0.988870 0.002015
0.986543 0.002437
0.983999 0.002898
0.981238 0.003398
0.978262 0.003935
0.975072 0.004510
0.971669 0.005123
0.968056 0.005772
0.964233 0.006459
0.960202 0.007181
0.955965 0.007938
0.951524 0.008729
0.946880 0.009553
0.942036 0.010410
0.936993 0.011298
0.931754 0.012217
0.926321 0.013165
0.920697 0.014143
0.914883 0.015150
0.908883 0.016184
0.902698 0.017242
0.896331 0.018321
0.889785 0.019423
0.883063 0.020549
0.876168 0.021697
0.869104 0.022867
0.861872 0.024058
0.854477 0.025269
0.846922 0.026501
0.839210 0.027755
0.831345 0.029028
0.823329 0.030317
0.815167 0.031619
0.806860 0.032930
0.798413 0.034246
0.789829 0.035570
0.781112 0.036902
0.772266 0.038239
0.763294 0.039578
0.754201 0.040915
0.744990 0.042249
0.735665 0.043584
0.726231 0.044916
0.716691 0.046242
0.707050 0.047556
0.697311 0.048857
0.687480 0.050158
0.677560 0.051452
0.667555 0.052724
0.657468 0.053956
0.647302 0.055134
0.637063 0.056284
0.626755 0.057406
0.616382 0.058477
0.605949 0.059474
0.595460 0.060383
0.584919 0.061238
0.574332 0.062040
0.563704 0.062782
0.553042 0.063455
0.542351 0.064060
0.531635 0.064621
0.520898 0.065136
0.510148 0.065604
0.499390 0.066022
0.488628 0.066405
0.477867 0.066760
0.467111 0.067080
0.456367 0.067358
0.445639 0.067592
0.434932 0.067813
0.424250 0.068014
0.413599 0.068177
0.402983 0.068283
0.392408 0.068335
0.381877 0.068377
0.371396 0.068410
0.360970 0.068432
0.350603 0.068440
0.340300 0.068405
0.330065 0.068305
0.319903 0.068158
0.309819 0.067982
0.299819 0.067797
0.289905 0.067574
0.280082 0.067288
0.270356 0.066949
0.260731 0.066568
0.251214 0.066155
0.241808 0.065693
0.232514 0.065149
0.223340 0.064537
0.214291 0.063867
0.205374 0.063153
0.196594 0.062399
0.187949 0.061565
0.179444 0.060650
0.171086 0.059670
0.162881 0.058638
0.154834 0.057568
0.146951 0.056466
0.139225 0.055306
0.131661 0.054085
0.124266 0.052812
0.117049 0.051496
0.110015 0.050143
0.103170 0.048761
0.096514 0.047355
0.090033 0.045911
0.083734 0.044433
0.077626 0.042923
0.071718 0.041385
0.066016 0.039826
0.060527 0.038249
0.055255 0.036660
0.050203 0.035066
0.045358 0.033443
0.040718 0.031769
0.036300 0.030060
0.032118 0.028330
0.028182 0.026591
0.024497 0.024856
0.021040 0.023086
0.017821 0.021280
0.014864 0.019468
0.012178 0.017680
0.009599 0.015931
0.007287 0.014188
0.005487 0.012427
0.004192 0.010608
0.003031 0.008700
0.002050 0.006855
0.001284 0.005177
0.000731 0.003726
0.000368 0.002525
0.000156 0.001577
0.000051 0.000867
0.000010 0.000378
0.000001 0.000094
0.000000 0.000000
0.000002 -0.000093
0.000030 -0.000375
0.000145 -0.000848
0.000436 -0.001514
0.000995 -0.002365
0.001884 -0.003373
0.003101 -0.004476
0.004525 -0.005568
0.006031 -0.006539
0.007913 -0.007466
0.010148 -0.008336
0.012603 -0.009131
0.015242 -0.009873
0.018138 -0.010577
0.021276 -0.011233
0.024629 -0.011838
0.028186 -0.012408
0.031964 -0.012963
0.035960 -0.013499
0.040170 -0.014009
0.044588 -0.014487
0.049207 -0.014930
0.054023 -0.015343
0.059041 -0.015746
0.064258 -0.016136
0.069671 -0.016513
0.075277 -0.016876
0.081074 -0.017224
0.087058 -0.017557
0.093224 -0.017876
0.099569 -0.018180
0.106091 -0.018470
0.112789 -0.018746
0.119660 -0.019008
0.126701 -0.019258
0.133907 -0.019499
0.141275 -0.019733
0.148802 -0.019964
0.156484 -0.020194
0.164318 -0.020421
0.172302 -0.020643
0.180430 -0.020856
0.188700 -0.021056
0.197108 -0.021241
0.205651 -0.021413
0.214323 -0.021585
0.223123 -0.021751
0.232044 -0.021899
0.241085 -0.022020
0.250240 -0.022102
0.259506 -0.022159
0.268878 -0.022211
0.278352 -0.022254
0.287924 -0.022285
0.297590 -0.022299
0.307344 -0.022287
0.317184 -0.022233
0.327105 -0.022147
0.337101 -0.022037
0.347168 -0.021915
0.357302 -0.021773
0.367498 -0.021575
0.377752 -0.021331
0.388059 -0.021050
0.398414 -0.020748
0.408811 -0.020410
0.419246 -0.020012
0.429716 -0.019567
0.440215 -0.019093
0.450738 -0.018606
0.461282 -0.018094
0.471840 -0.017548
0.482409 -0.016976
0.492984 -0.016391
0.503561 -0.015801
0.514136 -0.015201
0.524702 -0.014587
0.535256 -0.013959
0.545793 -0.013320
0.556307 -0.012668
0.566795 -0.012002
0.577251 -0.011323
0.587672 -0.010632
0.598052 -0.009933
0.608386 -0.009218
0.618670 -0.008484
0.628899 -0.007743
0.639071 -0.007006
0.649181 -0.006287
0.659224 -0.005579
0.669196 -0.004873
0.679092 -0.004180
0.688910 -0.003514
0.698644 -0.002885
0.708291 -0.002292
0.717846 -0.001724
0.727305 -0.001182
0.736664 -0.000666
0.745917 -0.000178
0.755060 0.000284
0.764091 0.000725
0.773004 0.001145
0.781796 0.001543
0.790462 0.001915
0.798999 0.002261
0.807403 0.002595
0.815669 0.002931
0.823795 0.003251
0.831777 0.003538
0.839611 0.003776
0.847293 0.003954
0.854822 0.004074
0.862192 0.004182
0.869401 0.004280
0.876445 0.004362
0.883322 0.004428
0.890026 0.004473
0.896556 0.004497
0.902907 0.004490
0.909079 0.004409
0.915068 0.004274
0.920871 0.004115
0.926484 0.003954
0.931906 0.003784
0.937135 0.003582
0.942167 0.003364
0.947002 0.003141
0.951636 0.002922
0.956067 0.002697
0.960295 0.002468
0.964317 0.002240
0.968131 0.002017
0.971737 0.001802
0.975131 0.001597
0.978314 0.001405
0.981283 0.001221
0.984037 0.001045
0.986576 0.000880
0.988897 0.000728
0.991000 0.000590
0.992884 0.000466
0.994549 0.000358
0.995993 0.000263
0.997217 0.000183
0.998218 0.000117
0.998997 0.000066
0.999554 0.000029
0.999889 0.000007
1.000000 0.000000