hq3010
1.000000 0.000000
0.999888 0.000021
0.999552 0.000084
0.998992 0.000189
0.998209 0.000336
0.997202 0.000525
0.995973 0.000755
0.994521 0.001029
0.992848 0.001344
0.990955 0.001701
0.988841 0.002101
0.986509 0.002543
0.983959 0.003028
0.981192 0.003555
0.978210 0.004125
0.975015 0.004737
0.971607 0.005393
0.967989 0.006094
0.964161 0.006838
0.960127 0.007625
0.955886 0.008452
0.951441 0.009319
0.946794 0.010225
0.941948 0.011175
0.936904 0.012164
0.931663 0.013186
0.926227 0.014235
0.920597 0.015303
0.914774 0.016388
0.908764 0.017502
0.902572 0.018656
0.896202 0.019860
0.889657 0.021110
0.882938 0.022401
0.876048 0.023728
0.868990 0.025093
0.861769 0.026498
0.854384 0.027933
0.846839 0.029389
0.839137 0.030871
0.831281 0.032373
0.823273 0.033884
0.815117 0.035410
0.806815 0.036942
0.798368 0.038460
0.789781 0.039973
0.781060 0.041488
0.772207 0.043001
0.763227 0.044510
0.754123 0.046010
0.744900 0.047501
0.735562 0.048986
0.726112 0.050462
0.716554 0.051924
0.706893 0.053366
0.697132 0.054782
0.687276 0.056180
0.677329 0.057557
0.667296 0.058911
0.657181 0.060236
0.646989 0.061528
0.636724 0.062800
0.626391 0.064047
0.615994 0.065259
0.605537 0.066421
0.595026 0.067527
0.584463 0.068599
0.573854 0.069631
0.563205 0.070611
0.552521 0.071525
0.541805 0.072379
0.531063 0.073195
0.520300 0.073961
0.509521 0.074664
0.498732 0.075289
0.487938 0.075866
0.477142 0.076406
0.466350 0.076890
0.455569 0.077301
0.444803 0.077634
0.434057 0.077938
0.423335 0.078208
0.412643 0.078425
0.401987 0.078572
0.391371 0.078660
0.380800 0.078720
0.370279 0.078723
0.359812 0.078669
0.349406 0.078585
0.339064 0.078434
0.328791 0.078211
0.318594 0.077944
0.308476 0.077598
0.298442 0.077207
0.288497 0.076766
0.278646 0.076273
0.268893 0.075740
0.259242 0.075156
0.249698 0.074529
0.240266 0.073860
0.230950 0.073141
0.221756 0.072370
0.212688 0.071539
0.203751 0.070651
0.194950 0.069712
0.186287 0.068711
0.177769 0.067657
0.169401 0.066554
0.161183 0.065395
0.153123 0.064187
0.145224 0.062935
0.137488 0.061635
0.129922 0.060285
0.122534 0.058882
0.115321 0.057423
0.108290 0.055910
0.101452 0.054345
0.094806 0.052729
0.088348 0.051062
0.082093 0.049344
0.076050 0.047578
0.070221 0.045761
0.064596 0.043890
0.059184 0.041984
0.053989 0.040059
0.049017 0.038131
0.044269 0.036157
0.039755 0.034144
0.035480 0.032118
0.031433 0.030080
0.027617 0.028044
0.024040 0.026026
0.020704 0.024000
0.017630 0.021972
0.014801 0.019955
0.012224 0.017970
0.009891 0.016019
0.007861 0.014075
0.006094 0.012159
0.004621 0.010307
0.003378 0.008529
0.002445 0.006857
0.001676 0.005278
0.001019 0.003844
0.000538 0.002624
0.000236 0.001644
0.000079 0.000905
0.000016 0.000395
0.000001 0.000098
0.000000 0.000000
0.000003 -0.000097
0.000048 -0.000391
0.000227 -0.000880
0.000651 -0.001557
0.001382 -0.002383
0.002339 -0.003277
0.003474 -0.004121
0.004957 -0.004946
0.006625 -0.005829
0.008531 -0.006732
0.010673 -0.007637
0.013059 -0.008514
0.015683 -0.009376
0.018544 -0.010188
0.021648 -0.010904
0.024987 -0.011558
0.028541 -0.012187
0.032313 -0.012800
0.036299 -0.013380
0.040495 -0.013916
0.044904 -0.014418
0.049519 -0.014884
0.054335 -0.015326
0.059353 -0.015756
0.064568 -0.016170
0.069977 -0.016568
0.075578 -0.016948
0.081368 -0.017309
0.087346 -0.017654
0.093508 -0.017984
0.099851 -0.018303
0.106371 -0.018612
0.113067 -0.018909
0.119935 -0.019193
0.126971 -0.019464
0.134174 -0.019726
0.141539 -0.019975
0.149063 -0.020204
0.156743 -0.020410
0.164576 -0.020601
0.172558 -0.020772
0.180685 -0.020925
0.188953 -0.021063
0.197360 -0.021186
0.205901 -0.021293
0.214572 -0.021389
0.223369 -0.021468
0.232289 -0.021531
0.241327 -0.021585
0.250479 -0.021610
0.259742 -0.021616
0.269112 -0.021619
0.278583 -0.021618
0.288152 -0.021602
0.297814 -0.021576
0.307566 -0.021547
0.317402 -0.021508
0.327319 -0.021457
0.337312 -0.021386
0.347377 -0.021290
0.357508 -0.021152
0.367701 -0.020953
0.377951 -0.020720
0.388254 -0.020435
0.398604 -0.020106
0.408998 -0.019749
0.419431 -0.019358
0.429898 -0.018938
0.440394 -0.018490
0.450915 -0.018018
0.461455 -0.017511
0.472010 -0.016964
0.482575 -0.016389
0.493146 -0.015793
0.503719 -0.015184
0.514288 -0.014553
0.524848 -0.013898
0.535396 -0.013225
0.545926 -0.012539
0.556434 -0.011840
0.566915 -0.011120
0.577364 -0.010385
0.587778 -0.009643
0.598152 -0.008902
0.608481 -0.008159
0.618760 -0.007408
0.628985 -0.006657
0.639153 -0.005916
0.649259 -0.005192
0.659299 -0.004485
0.669268 -0.003787
0.679162 -0.003103
0.688976 -0.002440
0.698707 -0.001803
0.708350 -0.001186
0.717900 -0.000580
0.727353 0.000005
0.736706 0.000558
0.745955 0.001070
0.755095 0.001538
0.764122 0.001986
0.773033 0.002410
0.781822 0.002801
0.790487 0.003152
0.799022 0.003458
0.807425 0.003723
0.815692 0.003954
0.823818 0.004138
0.831800 0.004290
0.839635 0.004426
0.847317 0.004504
0.854845 0.004507
0.862214 0.004490
0.869421 0.004465
0.876463 0.004432
0.883336 0.004370
0.890038 0.004276
0.896565 0.004164
0.902914 0.004037
0.909081 0.003864
0.915066 0.003664
0.920865 0.003464
0.926476 0.003285
0.931898 0.003128
0.937126 0.002979
0.942159 0.002830
0.946994 0.002675
0.951629 0.002510
0.956061 0.002333
0.960290 0.002150
0.964313 0.001965
0.968128 0.001782
0.971734 0.001604
0.975130 0.001433
0.978313 0.001269
0.981282 0.001110
0.984037 0.000958
0.986575 0.000814
0.988897 0.000680
0.991001 0.000556
0.992885 0.000442
0.994550 0.000341
0.995994 0.000252
0.997217 0.000176
0.998218 0.000113
0.998997 0.000064
0.999554 0.000028
0.999889 0.000007
1.000000 0.000000