ys930
1.000000 0.000000
0.999888 0.000017
0.999553 0.000070
0.998996 0.000165
0.998218 0.000312
0.997222 0.000518
0.996010 0.000786
0.994585 0.001129
0.992947 0.001548
0.991098 0.002037
0.989039 0.002605
0.986772 0.003247
0.984295 0.003958
0.981611 0.004742
0.978718 0.005586
0.975617 0.006490
0.972307 0.007445
0.968784 0.008432
0.965050 0.009454
0.961105 0.010494
0.956947 0.011547
0.952580 0.012616
0.948006 0.013695
0.943226 0.014785
0.938248 0.015904
0.933072 0.017047
0.927702 0.018218
0.922142 0.019422
0.916393 0.020656
0.910459 0.021919
0.904340 0.023209
0.898042 0.024531
0.891567 0.025887
0.884919 0.027273
0.878098 0.028685
0.871108 0.030122
0.863953 0.031586
0.856636 0.033080
0.849161 0.034599
0.841529 0.036139
0.833744 0.037700
0.825810 0.039281
0.817730 0.040884
0.809507 0.042500
0.801143 0.044126
0.792644 0.045760
0.784010 0.047398
0.775248 0.049041
0.766357 0.050674
0.757342 0.052294
0.748207 0.053896
0.738955 0.055485
0.729589 0.057041
0.720108 0.058534
0.710517 0.059966
0.700814 0.061274
0.691004 0.062475
0.681097 0.063572
0.671097 0.064573
0.661012 0.065497
0.650849 0.066358
0.640612 0.067155
0.630307 0.067885
0.619938 0.068557
0.609512 0.069167
0.599032 0.069723
0.588505 0.070221
0.577935 0.070670
0.567327 0.071062
0.556687 0.071403
0.546018 0.071693
0.535327 0.071928
0.524619 0.072121
0.513897 0.072246
0.503168 0.072341
0.492436 0.072369
0.481707 0.072347
0.470985 0.072303
0.460275 0.072209
0.449582 0.072050
0.438912 0.071861
0.428269 0.071615
0.417658 0.071333
0.407083 0.071003
0.396551 0.070632
0.386065 0.070217
0.375630 0.069757
0.365252 0.069259
0.354935 0.068717
0.344684 0.068136
0.334504 0.067511
0.324398 0.066849
0.314373 0.066150
0.304432 0.065413
0.294581 0.064638
0.284823 0.063826
0.275163 0.062982
0.265605 0.062104
0.256155 0.061192
0.246816 0.060241
0.237593 0.059258
0.228490 0.058248
0.219510 0.057207
0.210660 0.056137
0.201941 0.055036
0.193360 0.053908
0.184919 0.052750
0.176622 0.051568
0.168473 0.050367
0.160476 0.049142
0.152636 0.047891
0.144955 0.046616
0.137437 0.045323
0.130085 0.044012
0.122904 0.042683
0.115895 0.041338
0.109064 0.039976
0.102413 0.038600
0.095946 0.037211
0.089665 0.035809
0.083573 0.034396
0.077674 0.032977
0.071969 0.031553
0.066463 0.030123
0.061158 0.028688
0.056056 0.027248
0.051161 0.025808
0.046474 0.024369
0.041999 0.022933
0.037737 0.021502
0.033691 0.020078
0.029863 0.018665
0.026254 0.017264
0.022871 0.015873
0.019710 0.014497
0.016781 0.013139
0.014074 0.011808
0.011605 0.010498
0.009368 0.009216
0.007368 0.007963
0.005621 0.006741
0.004102 0.005562
0.002850 0.004438
0.001769 0.003391
0.000979 0.002429
0.000518 0.001558
0.000204 0.000795
0.000053 0.000239
0.000013 -0.000085
0.000010 -0.000190
0.000014 -0.000295
0.000068 -0.000610
0.000272 -0.001136
0.000692 -0.001847
0.001255 -0.002670
0.002080 -0.003581
0.003190 -0.004556
0.004510 -0.005563
0.006111 -0.006592
0.007941 -0.007645
0.010014 -0.008714
0.012325 -0.009794
0.014866 -0.010882
0.017642 -0.011974
0.020641 -0.013069
0.023870 -0.014163
0.027320 -0.015251
0.030994 -0.016332
0.034886 -0.017400
0.038994 -0.018457
0.043318 -0.019496
0.047853 -0.020514
0.052599 -0.021509
0.057551 -0.022479
0.062708 -0.023425
0.068066 -0.024335
0.073624 -0.025212
0.079379 -0.026050
0.085326 -0.026851
0.091464 -0.027611
0.097789 -0.028313
0.104300 -0.028967
0.110991 -0.029552
0.117860 -0.030093
0.124903 -0.030530
0.132118 -0.030895
0.139500 -0.031141
0.147043 -0.031198
0.154744 -0.031226
0.162596 -0.031208
0.170597 -0.031063
0.178741 -0.030873
0.187026 -0.030641
0.195448 -0.030360
0.204003 -0.030052
0.212687 -0.029704
0.221496 -0.029329
0.230427 -0.028925
0.239475 -0.028495
0.248637 -0.028047
0.257909 -0.027577
0.267286 -0.027090
0.276765 -0.026584
0.286341 -0.026063
0.296011 -0.025530
0.305769 -0.024985
0.315612 -0.024430
0.325535 -0.023864
0.335534 -0.023292
0.345605 -0.022717
0.355743 -0.022136
0.365944 -0.021550
0.376203 -0.020957
0.386515 -0.020362
0.396877 -0.019771
0.407284 -0.019181
0.417730 -0.018590
0.428212 -0.017996
0.438724 -0.017404
0.449263 -0.016817
0.459823 -0.016233
0.470399 -0.015655
0.480988 -0.015082
0.491584 -0.014514
0.502183 -0.013953
0.512780 -0.013398
0.523371 -0.012851
0.533950 -0.012316
0.544513 -0.011790
0.555055 -0.011271
0.565571 -0.010758
0.576058 -0.010256
0.586509 -0.009765
0.596921 -0.009284
0.607290 -0.008815
0.617609 -0.008355
0.627875 -0.007907
0.638083 -0.007471
0.648229 -0.007046
0.658308 -0.006635
0.668316 -0.006238
0.678248 -0.005854
0.688099 -0.005483
0.697866 -0.005125
0.707544 -0.004781
0.717129 -0.004451
0.726616 -0.004133
0.736001 -0.003829
0.745280 -0.003537
0.754449 -0.003259
0.763503 -0.002995
0.772440 -0.002743
0.781254 -0.002504
0.789942 -0.002278
0.798499 -0.002065
0.806923 -0.001866
0.815209 -0.001680
0.823354 -0.001506
0.831354 -0.001344
0.839205 -0.001193
0.846904 -0.001054
0.854447 -0.000926
0.861832 -0.000809
0.869054 -0.000705
0.876111 -0.000613
0.883000 -0.000530
0.889716 -0.000454
0.896258 -0.000383
0.902623 -0.000322
0.908807 -0.000271
0.914807 -0.000227
0.920622 -0.000188
0.926249 -0.000153
0.931684 -0.000120
0.936926 -0.000090
0.941973 -0.000061
0.946821 -0.000029
0.951469 0.000009
0.955915 0.000052
0.960157 0.000099
0.964192 0.000152
0.968020 0.000206
0.971638 0.000262
0.975045 0.000320
0.978239 0.000362
0.981219 0.000393
0.983984 0.000415
0.986533 0.000419
0.988864 0.000411
0.990975 0.000397
0.992867 0.000375
0.994538 0.000328
0.995987 0.000274
0.997214 0.000217
0.998217 0.000153
0.998998 0.000096
0.999555 0.000046
0.999889 0.000012
1.000000 -0.000000