v13009
1.000000 0.000550
0.999888 0.000564
0.999550 0.000606
0.998989 0.000675
0.998202 0.000773
0.997192 0.000897
0.995958 0.001050
0.994501 0.001229
0.992821 0.001435
0.990920 0.001668
0.988798 0.001927
0.986456 0.002211
0.983894 0.002522
0.981115 0.002856
0.978119 0.003216
0.974908 0.003598
0.971482 0.004005
0.967844 0.004433
0.963995 0.004883
0.959937 0.005355
0.955671 0.005846
0.951199 0.006357
0.946523 0.006886
0.941645 0.007432
0.936567 0.007994
0.931292 0.008573
0.925821 0.009167
0.920158 0.009777
0.914304 0.010404
0.908263 0.011047
0.902037 0.011708
0.895630 0.012385
0.889043 0.013078
0.882280 0.013785
0.875343 0.014506
0.868236 0.015241
0.860962 0.015991
0.853524 0.016753
0.845926 0.017530
0.838171 0.018320
0.830262 0.019124
0.822203 0.019942
0.813997 0.020774
0.805649 0.021619
0.797162 0.022480
0.788541 0.023357
0.779788 0.024248
0.770907 0.025153
0.761903 0.026069
0.752779 0.026994
0.743539 0.027925
0.734188 0.028862
0.724728 0.029800
0.715164 0.030738
0.705501 0.031672
0.695741 0.032603
0.685891 0.033538
0.675955 0.034478
0.665936 0.035418
0.655840 0.036357
0.645670 0.037290
0.635431 0.038214
0.625127 0.039125
0.614763 0.040021
0.604343 0.040898
0.593872 0.041755
0.583354 0.042604
0.572795 0.043443
0.562198 0.044270
0.551569 0.045083
0.540912 0.045878
0.530233 0.046653
0.519536 0.047406
0.508826 0.048134
0.498107 0.048835
0.487384 0.049526
0.476663 0.050209
0.465947 0.050878
0.455242 0.051528
0.444553 0.052153
0.433883 0.052750
0.423239 0.053312
0.412624 0.053834
0.402043 0.054313
0.391501 0.054750
0.381002 0.055155
0.370550 0.055525
0.360152 0.055862
0.349813 0.056164
0.339536 0.056462
0.329327 0.056753
0.319190 0.057007
0.309130 0.057196
0.299151 0.057294
0.289257 0.057351
0.279453 0.057398
0.269744 0.057434
0.260134 0.057456
0.250628 0.057463
0.241230 0.057411
0.231943 0.057278
0.222773 0.057086
0.213724 0.056855
0.204802 0.056605
0.196012 0.056332
0.187353 0.055966
0.178832 0.055519
0.170454 0.055012
0.162222 0.054468
0.154142 0.053904
0.146215 0.053332
0.138438 0.052727
0.130818 0.052080
0.123364 0.051385
0.116086 0.050637
0.108990 0.049833
0.102082 0.048971
0.095366 0.047988
0.088842 0.046817
0.082516 0.045535
0.076395 0.044216
0.070468 0.042882
0.064733 0.041493
0.059212 0.040043
0.053925 0.038529
0.048882 0.036949
0.044041 0.035295
0.039413 0.033576
0.035022 0.031807
0.030888 0.030001
0.027023 0.028175
0.023417 0.026321
0.020030 0.024383
0.016914 0.022392
0.014109 0.020386
0.011606 0.018386
0.009289 0.016356
0.007279 0.014334
0.005667 0.012361
0.004395 0.010446
0.003209 0.008568
0.002186 0.006802
0.001376 0.005203
0.000787 0.003805
0.000398 0.002625
0.000169 0.001667
0.000055 0.000931
0.000011 0.000412
0.000001 0.000103
0.000000 0.000000
0.000001 -0.000103
0.000013 -0.000413
0.000062 -0.000940
0.000191 -0.001692
0.000449 -0.002675
0.000885 -0.003888
0.001540 -0.005308
0.002432 -0.006887
0.003543 -0.008534
0.004803 -0.010105
0.006426 -0.011554
0.008651 -0.012947
0.011255 -0.014247
0.013972 -0.015448
0.016965 -0.016608
0.020238 -0.017696
0.023749 -0.018667
0.027466 -0.019514
0.031424 -0.020319
0.035618 -0.021079
0.040040 -0.021787
0.044674 -0.022438
0.049504 -0.023028
0.054531 -0.023557
0.059767 -0.024035
0.065206 -0.024477
0.070839 -0.024902
0.076657 -0.025334
0.082661 -0.025769
0.088851 -0.026191
0.095223 -0.026588
0.101775 -0.026947
0.108504 -0.027284
0.115407 -0.027608
0.122480 -0.027918
0.129721 -0.028217
0.137124 -0.028506
0.144687 -0.028787
0.152407 -0.029063
0.160279 -0.029328
0.168301 -0.029583
0.176470 -0.029830
0.184781 -0.030072
0.193230 -0.030314
0.201814 -0.030558
0.210528 -0.030809
0.219370 -0.031061
0.228334 -0.031308
0.237418 -0.031544
0.246617 -0.031761
0.255928 -0.031958
0.265345 -0.032146
0.274866 -0.032323
0.284485 -0.032486
0.294198 -0.032633
0.304001 -0.032765
0.313890 -0.032902
0.323860 -0.033034
0.333906 -0.033141
0.344025 -0.033205
0.354211 -0.033215
0.364461 -0.033214
0.374769 -0.033213
0.385131 -0.033211
0.395542 -0.033208
0.405997 -0.033189
0.416492 -0.033102
0.427022 -0.032951
0.437582 -0.032746
0.448168 -0.032497
0.458775 -0.032215
0.469398 -0.031912
0.480032 -0.031597
0.490673 -0.031282
0.501314 -0.030977
0.511954 -0.030656
0.522585 -0.030302
0.533204 -0.029920
0.543806 -0.029513
0.554386 -0.029086
0.564939 -0.028640
0.575461 -0.028182
0.585947 -0.027713
0.596392 -0.027237
0.606791 -0.026752
0.617140 -0.026243
0.627434 -0.025712
0.637669 -0.025162
0.647840 -0.024598
0.657943 -0.024024
0.667974 -0.023442
0.677928 -0.022857
0.687800 -0.022271
0.697587 -0.021689
0.707283 -0.021106
0.716885 -0.020515
0.726388 -0.019918
0.735788 -0.019317
0.745082 -0.018714
0.754264 -0.018113
0.763331 -0.017514
0.772280 -0.016921
0.781105 -0.016335
0.789804 -0.015758
0.798373 -0.015191
0.806807 -0.014636
0.815103 -0.014090
0.823258 -0.013553
0.831267 -0.013024
0.839127 -0.012504
0.846834 -0.011992
0.854385 -0.011488
0.861777 -0.010991
0.869007 -0.010503
0.876070 -0.010023
0.882964 -0.009550
0.889686 -0.009086
0.896233 -0.008630
0.902602 -0.008182
0.908790 -0.007745
0.914795 -0.007319
0.920613 -0.006902
0.926243 -0.006495
0.931681 -0.006097
0.936925 -0.005708
0.941973 -0.005328
0.946823 -0.004957
0.951471 -0.004597
0.955918 -0.004247
0.960159 -0.003909
0.964195 -0.003584
0.968022 -0.003272
0.971639 -0.002975
0.975046 -0.002692
0.978239 -0.002425
0.981218 -0.002174
0.983982 -0.001939
0.986529 -0.001722
0.988859 -0.001522
0.990969 -0.001340
0.992860 -0.001176
0.994531 -0.001030
0.995980 -0.000903
0.997207 -0.000796
0.998212 -0.000708
0.998994 -0.000639
0.999553 -0.000589
0.999888 -0.000560
1.000000 -0.000550