a63a108c
1.000000 0.007000
0.999887 0.007000
0.999549 0.007000
0.998985 0.007000
0.998196 0.007000
0.997182 0.007000
0.995944 0.007000
0.994482 0.007002
0.992797 0.007030
0.990890 0.007080
0.988761 0.007124
0.986412 0.007168
0.983843 0.007217
0.981056 0.007276
0.978052 0.007350
0.974832 0.007442
0.971398 0.007553
0.967752 0.007679
0.963895 0.007827
0.959831 0.008008
0.955561 0.008250
0.951087 0.008534
0.946408 0.008812
0.941528 0.009095
0.936448 0.009389
0.931172 0.009705
0.925703 0.010053
0.920044 0.010445
0.914198 0.010880
0.908165 0.011349
0.901950 0.011844
0.895553 0.012358
0.888979 0.012901
0.882231 0.013472
0.875311 0.014073
0.868224 0.014708
0.860972 0.015379
0.853558 0.016071
0.845984 0.016771
0.838253 0.017487
0.830369 0.018213
0.822335 0.018939
0.814153 0.019661
0.805828 0.020389
0.797365 0.021132
0.788768 0.021894
0.780040 0.022663
0.771183 0.023427
0.762201 0.024188
0.753100 0.024945
0.743882 0.025700
0.734552 0.026451
0.725113 0.027191
0.715570 0.027915
0.705927 0.028628
0.696189 0.029337
0.686361 0.030051
0.676447 0.030765
0.666451 0.031470
0.656376 0.032159
0.646228 0.032824
0.636010 0.033472
0.625728 0.034104
0.615385 0.034719
0.604987 0.035314
0.594539 0.035887
0.584045 0.036442
0.573509 0.036980
0.562936 0.037498
0.552332 0.037994
0.541701 0.038470
0.531048 0.038929
0.520377 0.039370
0.509694 0.039790
0.499002 0.040186
0.488308 0.040564
0.477615 0.040925
0.466928 0.041267
0.456253 0.041586
0.445594 0.041879
0.434956 0.042158
0.424344 0.042422
0.413761 0.042662
0.403214 0.042872
0.392707 0.043056
0.382244 0.043229
0.371830 0.043386
0.361470 0.043516
0.351169 0.043612
0.340931 0.043682
0.330761 0.043746
0.320663 0.043799
0.310642 0.043835
0.300702 0.043850
0.290848 0.043834
0.281084 0.043786
0.271415 0.043714
0.261845 0.043627
0.252378 0.043534
0.243019 0.043428
0.233771 0.043287
0.224639 0.043116
0.215628 0.042923
0.206740 0.042716
0.197981 0.042498
0.189354 0.042241
0.180863 0.041948
0.172512 0.041635
0.164306 0.041296
0.156246 0.040929
0.148339 0.040534
0.140587 0.040104
0.132994 0.039641
0.125564 0.039149
0.118301 0.038624
0.111207 0.038063
0.104286 0.037474
0.097542 0.036858
0.090980 0.036185
0.084602 0.035479
0.078412 0.034732
0.072413 0.033939
0.066610 0.033104
0.061005 0.032226
0.055604 0.031298
0.050410 0.030321
0.045425 0.029299
0.040655 0.028226
0.036106 0.027099
0.031779 0.025916
0.027689 0.024674
0.023821 0.023376
0.020218 0.022009
0.016864 0.020568
0.013751 0.019065
0.010931 0.017513
0.008418 0.015901
0.006195 0.014192
0.004305 0.012455
0.002806 0.010647
0.001676 0.008845
0.000884 0.007108
0.000401 0.005494
0.000168 0.004055
0.000084 0.002820
0.000036 0.001804
0.000012 0.001014
0.000002 0.000450
0.000000 0.000112
0.000000 0.000000
0.000000 -0.000112
0.000007 -0.000449
0.000034 -0.001010
0.000096 -0.001794
0.000203 -0.002795
0.000460 -0.003998
0.001016 -0.005341
0.001920 -0.006754
0.003199 -0.008152
0.004844 -0.009486
0.006838 -0.010705
0.009117 -0.011883
0.011653 -0.012959
0.014463 -0.013986
0.017527 -0.014969
0.020810 -0.015914
0.024324 -0.016812
0.028071 -0.017667
0.032031 -0.018497
0.036210 -0.019293
0.040602 -0.020062
0.045204 -0.020805
0.050013 -0.021522
0.055025 -0.022217
0.060238 -0.022890
0.065650 -0.023540
0.071257 -0.024167
0.077057 -0.024769
0.083046 -0.025351
0.089222 -0.025912
0.095581 -0.026451
0.102122 -0.026960
0.108839 -0.027450
0.115731 -0.027926
0.122793 -0.028384
0.130022 -0.028820
0.137416 -0.029240
0.144971 -0.029640
0.152683 -0.030018
0.160549 -0.030376
0.168565 -0.030716
0.176728 -0.031036
0.185033 -0.031344
0.193478 -0.031633
0.202058 -0.031888
0.210769 -0.032126
0.219608 -0.032354
0.228570 -0.032567
0.237651 -0.032759
0.246848 -0.032922
0.256156 -0.033061
0.265571 -0.033199
0.275088 -0.033327
0.284705 -0.033429
0.294415 -0.033490
0.304215 -0.033499
0.314100 -0.033491
0.324067 -0.033474
0.334110 -0.033450
0.344225 -0.033420
0.354407 -0.033378
0.364652 -0.033283
0.374956 -0.033138
0.385312 -0.032961
0.395718 -0.032769
0.406167 -0.032569
0.416657 -0.032332
0.427181 -0.032061
0.437735 -0.031765
0.448314 -0.031451
0.458913 -0.031117
0.469528 -0.030750
0.480155 -0.030356
0.490787 -0.029941
0.501422 -0.029512
0.512052 -0.029062
0.522675 -0.028587
0.533286 -0.028092
0.543878 -0.027581
0.554449 -0.027058
0.564993 -0.026515
0.575505 -0.025954
0.585981 -0.025379
0.596417 -0.024793
0.606807 -0.024199
0.617147 -0.023589
0.627432 -0.022969
0.637659 -0.022340
0.647821 -0.021707
0.657916 -0.021068
0.667938 -0.020421
0.677883 -0.019769
0.687747 -0.019116
0.697526 -0.018465
0.707215 -0.017816
0.716809 -0.017165
0.726306 -0.016522
0.735700 -0.015885
0.744988 -0.015256
0.754166 -0.014642
0.763229 -0.014041
0.772174 -0.013454
0.780997 -0.012880
0.789693 -0.012319
0.798260 -0.011778
0.806694 -0.011262
0.814990 -0.010768
0.823145 -0.010289
0.831154 -0.009822
0.839015 -0.009371
0.846724 -0.008929
0.854277 -0.008493
0.861670 -0.008064
0.868901 -0.007644
0.875966 -0.007234
0.882862 -0.006834
0.889586 -0.006445
0.896135 -0.006065
0.902507 -0.005694
0.908697 -0.005333
0.914704 -0.004982
0.920526 -0.004641
0.926158 -0.004312
0.931599 -0.003994
0.936847 -0.003687
0.941898 -0.003392
0.946752 -0.003109
0.951405 -0.002838
0.955856 -0.002580
0.960102 -0.002334
0.964142 -0.002100
0.967974 -0.001878
0.971597 -0.001666
0.975007 -0.001465
0.978205 -0.001275
0.981188 -0.001101
0.983957 -0.000941
0.986508 -0.000794
0.988841 -0.000658
0.990955 -0.000533
0.992848 -0.000419
0.994521 -0.000318
0.995973 -0.000233
0.997202 -0.000161
0.998209 -0.000103
0.998992 -0.000058
0.999552 -0.000026
0.999888 -0.000006
1.000000 -0.000000