ag12
1.000000 0.000471
0.999888 0.000482
0.999552 0.000514
0.998993 0.000569
0.998210 0.000645
0.997203 0.000743
0.995975 0.000863
0.994524 0.001005
0.992851 0.001169
0.990959 0.001356
0.988846 0.001566
0.986514 0.001797
0.983965 0.002049
0.981198 0.002320
0.978215 0.002609
0.975019 0.002917
0.971609 0.003244
0.967987 0.003590
0.964156 0.003953
0.960117 0.004335
0.955871 0.004733
0.951420 0.005148
0.946767 0.005578
0.941913 0.006023
0.936860 0.006482
0.931611 0.006956
0.926168 0.007444
0.920534 0.007947
0.914711 0.008463
0.908701 0.008992
0.902507 0.009533
0.896133 0.010087
0.889580 0.010654
0.882852 0.011233
0.875951 0.011823
0.868881 0.012426
0.861646 0.013040
0.854247 0.013666
0.846689 0.014303
0.838975 0.014951
0.831108 0.015610
0.823091 0.016280
0.814930 0.016960
0.806625 0.017648
0.798183 0.018346
0.789606 0.019053
0.780898 0.019768
0.772063 0.020490
0.763105 0.021218
0.754028 0.021953
0.744835 0.022692
0.735531 0.023435
0.726121 0.024181
0.716607 0.024931
0.706995 0.025683
0.697288 0.026436
0.687491 0.027189
0.677609 0.027943
0.667645 0.028696
0.657604 0.029447
0.647490 0.030194
0.637308 0.030938
0.627063 0.031679
0.616758 0.032413
0.606399 0.033142
0.595989 0.033865
0.585535 0.034579
0.575039 0.035284
0.564508 0.035979
0.553945 0.036665
0.543355 0.037338
0.532742 0.037999
0.522113 0.038647
0.511471 0.039280
0.500820 0.039898
0.490167 0.040499
0.479515 0.041082
0.468868 0.041648
0.458233 0.042192
0.447613 0.042716
0.437014 0.043219
0.426439 0.043698
0.415895 0.044152
0.405384 0.044582
0.394913 0.044986
0.384486 0.045362
0.374107 0.045711
0.363781 0.046029
0.353512 0.046317
0.343307 0.046575
0.333168 0.046802
0.323101 0.046993
0.313109 0.047148
0.303199 0.047269
0.293373 0.047357
0.283638 0.047400
0.273996 0.047411
0.264453 0.047379
0.255013 0.047311
0.245680 0.047200
0.236460 0.047046
0.227355 0.046850
0.218370 0.046613
0.209510 0.046331
0.200779 0.046007
0.192181 0.045637
0.183720 0.045220
0.175400 0.044760
0.167225 0.044255
0.159200 0.043703
0.151328 0.043107
0.143613 0.042465
0.136059 0.041779
0.128670 0.041046
0.121450 0.040268
0.114403 0.039445
0.107532 0.038578
0.100840 0.037665
0.094333 0.036709
0.088013 0.035708
0.081884 0.034665
0.075949 0.033578
0.070213 0.032450
0.064677 0.031281
0.059348 0.030074
0.054226 0.028827
0.049318 0.027546
0.044623 0.026231
0.040147 0.024884
0.035896 0.023507
0.031866 0.022101
0.028070 0.020671
0.024506 0.019219
0.021173 0.017749
0.018088 0.016270
0.015239 0.014780
0.012636 0.013290
0.010285 0.011813
0.008178 0.010346
0.006328 0.008913
0.004724 0.007516
0.003376 0.006175
0.002276 0.004905
0.001405 0.003730
0.000774 0.002669
0.000341 0.001748
0.000139 0.000994
0.000032 0.000435
0.000002 0.000100
0.000000 -0.000011
0.000002 -0.000122
0.000037 -0.000457
0.000158 -0.001014
0.000402 -0.001735
0.000979 -0.002579
0.001830 -0.003449
0.003000 -0.004317
0.004434 -0.005171
0.006123 -0.006011
0.008064 -0.006839
0.010243 -0.007643
0.012664 -0.008430
0.015315 -0.009183
0.018200 -0.009915
0.021310 -0.010613
0.024642 -0.011277
0.028198 -0.011914
0.031969 -0.012511
0.035955 -0.013071
0.040156 -0.013598
0.044564 -0.014087
0.049178 -0.014544
0.053997 -0.014968
0.059016 -0.015353
0.064234 -0.015707
0.069648 -0.016022
0.075253 -0.016304
0.081049 -0.016553
0.087032 -0.016765
0.093199 -0.016948
0.099546 -0.017095
0.106071 -0.017217
0.112772 -0.017301
0.119644 -0.017364
0.126684 -0.017376
0.133890 -0.017378
0.141257 -0.017363
0.148783 -0.017298
0.156465 -0.017215
0.164297 -0.017102
0.172278 -0.016962
0.180403 -0.016796
0.188669 -0.016604
0.197072 -0.016389
0.205608 -0.016149
0.214274 -0.015887
0.223065 -0.015602
0.231978 -0.015297
0.241009 -0.014971
0.250153 -0.014626
0.259408 -0.014263
0.268767 -0.013883
0.278228 -0.013487
0.287786 -0.013078
0.297438 -0.012658
0.307178 -0.012226
0.317003 -0.011783
0.326908 -0.011331
0.336888 -0.010873
0.346941 -0.010408
0.357060 -0.009937
0.367242 -0.009462
0.377481 -0.008985
0.387775 -0.008505
0.398117 -0.008026
0.408504 -0.007545
0.418931 -0.007067
0.429393 -0.006591
0.439886 -0.006117
0.450405 -0.005649
0.460945 -0.005186
0.471502 -0.004730
0.482071 -0.004282
0.492648 -0.003843
0.503227 -0.003415
0.513805 -0.002996
0.524376 -0.002589
0.534935 -0.002195
0.545479 -0.001813
0.556002 -0.001445
0.566499 -0.001090
0.576967 -0.000751
0.587400 -0.000428
0.597793 -0.000120
0.608143 0.000171
0.618443 0.000447
0.628691 0.000707
0.638881 0.000949
0.649009 0.001176
0.659069 0.001387
0.669059 0.001581
0.678972 0.001758
0.688806 0.001919
0.698554 0.002064
0.708214 0.002194
0.717781 0.002308
0.727249 0.002407
0.736616 0.002490
0.745877 0.002560
0.755028 0.002616
0.764064 0.002657
0.772982 0.002686
0.781778 0.002702
0.790448 0.002707
0.798988 0.002699
0.807393 0.002683
0.815662 0.002654
0.823788 0.002616
0.831770 0.002569
0.839603 0.002514
0.847285 0.002451
0.854811 0.002379
0.862178 0.002302
0.869383 0.002219
0.876423 0.002132
0.883295 0.002039
0.889995 0.001943
0.896520 0.001841
0.902869 0.001737
0.909037 0.001629
0.915023 0.001521
0.920822 0.001412
0.926434 0.001303
0.931856 0.001194
0.937084 0.001086
0.942117 0.000977
0.946953 0.000869
0.951588 0.000762
0.956022 0.000658
0.960253 0.000556
0.964278 0.000458
0.968095 0.000363
0.971704 0.000271
0.975102 0.000183
0.978287 0.000099
0.981260 0.000021
0.984017 -0.000053
0.986558 -0.000121
0.988883 -0.000184
0.990988 -0.000240
0.992875 -0.000290
0.994542 -0.000334
0.995988 -0.000371
0.997213 -0.000402
0.998216 -0.000427
0.998996 -0.000446
0.999554 -0.000460
0.999888 -0.000468
1.000000 -0.000471