ag17
0.999985 0.000254
0.999873 0.000266
0.999537 0.000301
0.998977 0.000359
0.998194 0.000442
0.997188 0.000547
0.995959 0.000676
0.994508 0.000830
0.992835 0.001007
0.990942 0.001209
0.988829 0.001436
0.986497 0.001686
0.983948 0.001959
0.981181 0.002251
0.978198 0.002564
0.975001 0.002898
0.971590 0.003252
0.967968 0.003627
0.964137 0.004024
0.960097 0.004441
0.955851 0.004877
0.951400 0.005332
0.946747 0.005804
0.941892 0.006295
0.936840 0.006805
0.931591 0.007332
0.926149 0.007877
0.920515 0.008438
0.914692 0.009017
0.908683 0.009613
0.902490 0.010226
0.896117 0.010855
0.889565 0.011499
0.882838 0.012159
0.875939 0.012833
0.868870 0.013521
0.861636 0.014222
0.854238 0.014936
0.846681 0.015663
0.838968 0.016400
0.831101 0.017148
0.823086 0.017906
0.814924 0.018672
0.806620 0.019448
0.798177 0.020230
0.789599 0.021020
0.780890 0.021815
0.772054 0.022615
0.763094 0.023420
0.754014 0.024231
0.744820 0.025044
0.735514 0.025861
0.726100 0.026680
0.716584 0.027500
0.706968 0.028323
0.697258 0.029147
0.687458 0.029969
0.677572 0.030789
0.667604 0.031607
0.657558 0.032421
0.647440 0.033230
0.637253 0.034030
0.627002 0.034822
0.616691 0.035604
0.606325 0.036377
0.595909 0.037139
0.585447 0.037888
0.574944 0.038625
0.564405 0.039347
0.553833 0.040053
0.543234 0.040743
0.532613 0.041415
0.521974 0.042069
0.511322 0.042703
0.500662 0.043315
0.489998 0.043906
0.479335 0.044476
0.468678 0.045022
0.458032 0.045543
0.447401 0.046039
0.436790 0.046510
0.426205 0.046954
0.415649 0.047370
0.405127 0.047757
0.394644 0.048115
0.384206 0.048443
0.373815 0.048740
0.363478 0.049005
0.353199 0.049238
0.342983 0.049438
0.332834 0.049605
0.322756 0.049736
0.312755 0.049830
0.302835 0.049888
0.293000 0.049909
0.283255 0.049898
0.273605 0.049845
0.264053 0.049750
0.254605 0.049619
0.245265 0.049447
0.236037 0.049233
0.226925 0.048979
0.217934 0.048682
0.209068 0.048342
0.200331 0.047959
0.191728 0.047532
0.183262 0.047060
0.174937 0.046544
0.166759 0.045983
0.158730 0.045375
0.150856 0.044721
0.143138 0.044021
0.135583 0.043276
0.128194 0.042483
0.120974 0.041645
0.113927 0.040761
0.107058 0.039832
0.100369 0.038857
0.093865 0.037837
0.087549 0.036772
0.081426 0.035665
0.075497 0.034513
0.069769 0.033321
0.064242 0.032088
0.058923 0.030817
0.053811 0.029507
0.048915 0.028162
0.044233 0.026786
0.039771 0.025378
0.035536 0.023942
0.031522 0.022478
0.027742 0.020993
0.024198 0.019489
0.020884 0.017967
0.017818 0.016440
0.014991 0.014906
0.012408 0.013373
0.010080 0.011857
0.007996 0.010353
0.006169 0.008887
0.004588 0.007461
0.003264 0.006095
0.002186 0.004803
0.001338 0.003611
0.000724 0.002538
0.000305 0.001609
0.000122 0.000851
0.000028 0.000288
0.000002 -0.000048
0.000000 -0.000158
0.000003 -0.000268
0.000043 -0.000603
0.000185 -0.001156
0.000459 -0.001868
0.001056 -0.002694
0.001924 -0.003551
0.003102 -0.004409
0.004535 -0.005262
0.006224 -0.006102
0.008164 -0.006932
0.010342 -0.007742
0.012760 -0.008537
0.015408 -0.009300
0.018289 -0.010043
0.021397 -0.010756
0.024725 -0.011434
0.028278 -0.012087
0.032047 -0.012702
0.036031 -0.013276
0.040229 -0.013816
0.044636 -0.014320
0.049249 -0.014791
0.054066 -0.015230
0.059084 -0.015631
0.064301 -0.016001
0.069713 -0.016334
0.075318 -0.016630
0.081113 -0.016893
0.087095 -0.017120
0.093261 -0.017318
0.099608 -0.017477
0.106133 -0.017609
0.112833 -0.017705
0.119705 -0.017779
0.126746 -0.017803
0.133951 -0.017811
0.141319 -0.017799
0.148845 -0.017743
0.156526 -0.017665
0.164358 -0.017554
0.172339 -0.017415
0.180464 -0.017248
0.188730 -0.017053
0.197133 -0.016833
0.205669 -0.016587
0.214334 -0.016317
0.223125 -0.016023
0.232037 -0.015706
0.241067 -0.015367
0.250211 -0.015007
0.259464 -0.014628
0.268823 -0.014230
0.278283 -0.013817
0.287841 -0.013389
0.297491 -0.012950
0.307230 -0.012498
0.317054 -0.012034
0.326958 -0.011561
0.336937 -0.011080
0.346988 -0.010592
0.357106 -0.010098
0.367286 -0.009598
0.377525 -0.009097
0.387817 -0.008594
0.398158 -0.008088
0.408544 -0.007583
0.418970 -0.007080
0.429430 -0.006580
0.439922 -0.006083
0.450440 -0.005590
0.460979 -0.005103
0.471535 -0.004626
0.482103 -0.004157
0.492679 -0.003699
0.503257 -0.003250
0.513833 -0.002812
0.524404 -0.002388
0.534962 -0.001976
0.545505 -0.001578
0.556027 -0.001194
0.566524 -0.000825
0.576991 -0.000473
0.587423 -0.000136
0.597816 0.000185
0.608165 0.000489
0.618466 0.000777
0.628713 0.001048
0.638903 0.001300
0.649030 0.001536
0.659090 0.001754
0.669079 0.001955
0.678993 0.002139
0.688826 0.002305
0.698574 0.002454
0.708234 0.002586
0.717800 0.002702
0.727269 0.002801
0.736636 0.002884
0.745896 0.002952
0.755047 0.003007
0.764083 0.003045
0.773001 0.003069
0.781797 0.003078
0.790467 0.003079
0.799006 0.003064
0.807412 0.003039
0.815680 0.003000
0.823806 0.002951
0.831788 0.002893
0.839621 0.002825
0.847302 0.002749
0.854828 0.002664
0.862195 0.002572
0.869400 0.002474
0.876440 0.002372
0.883311 0.002263
0.890011 0.002150
0.896536 0.002031
0.902884 0.001909
0.909052 0.001784
0.915037 0.001658
0.920836 0.001531
0.926448 0.001404
0.931869 0.001277
0.937096 0.001151
0.942129 0.001025
0.946964 0.000899
0.951599 0.000775
0.956033 0.000653
0.960263 0.000535
0.964287 0.000420
0.968104 0.000308
0.971712 0.000201
0.975110 0.000097
0.978295 -0.000001
0.981267 -0.000094
0.984024 -0.000180
0.986565 -0.000261
0.988888 -0.000336
0.990994 -0.000404
0.992880 -0.000464
0.994547 -0.000516
0.995993 -0.000561
0.997217 -0.000599
0.998220 -0.000630
0.999000 -0.000654
0.999558 -0.000671
0.999892 -0.000682
1.000004 -0.000685