ag27
1.000000 0.000283
0.999888 0.000296
0.999552 0.000335
0.998992 0.000401
0.998209 0.000492
0.997202 0.000610
0.995973 0.000755
0.994522 0.000926
0.992849 0.001125
0.990956 0.001351
0.988843 0.001604
0.986511 0.001885
0.983961 0.002192
0.981194 0.002526
0.978212 0.002886
0.975016 0.003274
0.971607 0.003687
0.967987 0.004126
0.964157 0.004590
0.960119 0.005079
0.955875 0.005591
0.951426 0.006124
0.946774 0.006677
0.941921 0.007252
0.936870 0.007846
0.931623 0.008460
0.926182 0.009093
0.920549 0.009744
0.914727 0.010415
0.908718 0.011104
0.902526 0.011811
0.896153 0.012535
0.889601 0.013277
0.882874 0.014036
0.875975 0.014813
0.868907 0.015606
0.861672 0.016415
0.854275 0.017240
0.846718 0.018079
0.839005 0.018932
0.831138 0.019796
0.823122 0.020672
0.814960 0.021558
0.806655 0.022453
0.798211 0.023356
0.789632 0.024265
0.780921 0.025181
0.772082 0.026100
0.763120 0.027023
0.754038 0.027948
0.744840 0.028874
0.735529 0.029801
0.726111 0.030727
0.716590 0.031651
0.706969 0.032572
0.697252 0.033490
0.687445 0.034403
0.677551 0.035311
0.667574 0.036211
0.657520 0.037104
0.647392 0.037988
0.637196 0.038862
0.626935 0.039725
0.616613 0.040575
0.606237 0.041412
0.595809 0.042235
0.585336 0.043041
0.574820 0.043829
0.564268 0.044600
0.553683 0.045351
0.543071 0.046081
0.532436 0.046788
0.521782 0.047472
0.511116 0.048132
0.500440 0.048767
0.489761 0.049374
0.479082 0.049954
0.468409 0.050505
0.457746 0.051027
0.447099 0.051516
0.436472 0.051975
0.425869 0.052400
0.415296 0.052792
0.404757 0.053151
0.394257 0.053474
0.383801 0.053760
0.373394 0.054010
0.363040 0.054224
0.352744 0.054400
0.342511 0.054536
0.332345 0.054636
0.322251 0.054698
0.312235 0.054706
0.302299 0.054694
0.292449 0.054629
0.282690 0.054527
0.273026 0.054383
0.263462 0.054194
0.254001 0.053963
0.244649 0.053691
0.235409 0.053374
0.226287 0.053014
0.217287 0.052612
0.208412 0.052165
0.199667 0.051675
0.191056 0.051142
0.182583 0.050564
0.174254 0.049944
0.166070 0.049281
0.158037 0.048576
0.150159 0.047829
0.142438 0.047039
0.134880 0.046208
0.127488 0.045335
0.120267 0.044421
0.113218 0.043464
0.106348 0.042465
0.099659 0.041424
0.093154 0.040341
0.086840 0.039216
0.080717 0.038049
0.074792 0.036838
0.069067 0.035584
0.063546 0.034286
0.058234 0.032949
0.053132 0.031570
0.048250 0.030153
0.043583 0.028696
0.039143 0.027204
0.034930 0.025676
0.030945 0.024117
0.027204 0.022532
0.023694 0.020919
0.020429 0.019291
0.017414 0.017655
0.014639 0.016010
0.012122 0.014379
0.009849 0.012759
0.007832 0.011169
0.006067 0.009617
0.004554 0.008122
0.003278 0.006700
0.002247 0.005370
0.001436 0.004150
0.000840 0.003064
0.000435 0.002133
0.000197 0.001379
0.000062 0.000825
0.000023 0.000492
0.000020 0.000381
0.000021 0.000270
0.000035 -0.000068
0.000088 -0.000632
0.000224 -0.001379
0.000723 -0.002277
0.001524 -0.003186
0.002690 -0.004059
0.004153 -0.004872
0.005876 -0.005639
0.007856 -0.006362
0.010078 -0.007050
0.012537 -0.007691
0.015230 -0.008294
0.018151 -0.008854
0.021295 -0.009362
0.024662 -0.009839
0.028246 -0.010269
0.032044 -0.010659
0.036055 -0.011018
0.040274 -0.011332
0.044700 -0.011612
0.049331 -0.011859
0.054163 -0.012061
0.059194 -0.012234
0.064421 -0.012371
0.069842 -0.012468
0.075454 -0.012544
0.081254 -0.012562
0.087240 -0.012557
0.093409 -0.012548
0.099757 -0.012492
0.106282 -0.012400
0.112981 -0.012288
0.119851 -0.012146
0.126889 -0.011980
0.134091 -0.011789
0.141455 -0.011573
0.148977 -0.011335
0.156653 -0.011073
0.164481 -0.010790
0.172456 -0.010483
0.180576 -0.010158
0.188836 -0.009812
0.197233 -0.009447
0.205763 -0.009064
0.214422 -0.008664
0.223208 -0.008249
0.232114 -0.007820
0.241139 -0.007376
0.250278 -0.006921
0.259526 -0.006454
0.268881 -0.005979
0.278336 -0.005496
0.287890 -0.005005
0.297537 -0.004509
0.307273 -0.004010
0.317094 -0.003510
0.326995 -0.003010
0.336973 -0.002510
0.347022 -0.002012
0.357139 -0.001517
0.367320 -0.001029
0.377558 -0.000546
0.387850 -0.000068
0.398192 0.000403
0.408579 0.000864
0.419006 0.001316
0.429469 0.001757
0.439962 0.002188
0.450482 0.002607
0.461024 0.003011
0.471582 0.003396
0.482154 0.003763
0.492733 0.004112
0.503314 0.004443
0.513894 0.004754
0.524468 0.005047
0.535030 0.005320
0.545576 0.005574
0.556102 0.005809
0.566602 0.006025
0.577072 0.006220
0.587508 0.006397
0.597903 0.006554
0.608255 0.006693
0.618558 0.006814
0.628807 0.006915
0.638999 0.006996
0.649127 0.007060
0.659189 0.007107
0.669180 0.007134
0.679094 0.007143
0.688927 0.007136
0.698676 0.007113
0.708335 0.007072
0.717901 0.007015
0.727369 0.006943
0.736735 0.006857
0.745995 0.006757
0.755144 0.006644
0.764179 0.006518
0.773095 0.006381
0.781889 0.006233
0.790556 0.006076
0.799093 0.005911
0.807497 0.005738
0.815762 0.005556
0.823886 0.005370
0.831865 0.005178
0.839695 0.004981
0.847373 0.004781
0.854896 0.004577
0.862260 0.004370
0.869462 0.004162
0.876498 0.003952
0.883366 0.003741
0.890063 0.003531
0.896586 0.003321
0.902931 0.003111
0.909096 0.002903
0.915078 0.002696
0.920875 0.002491
0.926484 0.002288
0.931902 0.002089
0.937127 0.001892
0.942157 0.001698
0.946989 0.001509
0.951622 0.001325
0.956053 0.001145
0.960281 0.000970
0.964303 0.000801
0.968118 0.000638
0.971724 0.000481
0.975119 0.000331
0.978303 0.000189
0.981273 0.000057
0.984028 -0.000066
0.986567 -0.000180
0.988890 -0.000284
0.990994 -0.000378
0.992880 -0.000460
0.994545 -0.000531
0.995991 -0.000591
0.997214 -0.000641
0.998217 -0.000681
0.998997 -0.000712
0.999554 -0.000734
0.999888 -0.000748
1.000000 -0.000752