ag46c03
1.000090 0.015848
0.999978 0.015854
0.999640 0.015872
0.999078 0.015901
0.998292 0.015943
0.997282 0.015997
0.996048 0.016064
0.994591 0.016144
0.992912 0.016239
0.991012 0.016349
0.988891 0.016474
0.986550 0.016614
0.983990 0.016767
0.981213 0.016933
0.978219 0.017112
0.975011 0.017305
0.971589 0.017510
0.967954 0.017725
0.964109 0.017948
0.960055 0.018181
0.955794 0.018426
0.951328 0.018685
0.946659 0.018957
0.941788 0.019240
0.936719 0.019536
0.931454 0.019843
0.925994 0.020160
0.920342 0.020486
0.914501 0.020822
0.908472 0.021166
0.902260 0.021518
0.895866 0.021877
0.889294 0.022244
0.882545 0.022616
0.875624 0.022993
0.868533 0.023375
0.861276 0.023763
0.853855 0.024153
0.846274 0.024545
0.838536 0.024942
0.830645 0.025342
0.822605 0.025742
0.814417 0.026141
0.806088 0.026543
0.797619 0.026943
0.789015 0.027343
0.780280 0.027742
0.771417 0.028139
0.762430 0.028533
0.753324 0.028924
0.744102 0.029310
0.734769 0.029690
0.725329 0.030064
0.715785 0.030431
0.706142 0.030790
0.696420 0.031394
0.686623 0.032248
0.676740 0.033097
0.666775 0.033937
0.656732 0.034768
0.646616 0.035593
0.636431 0.036407
0.626181 0.037208
0.615872 0.037996
0.605507 0.038772
0.595093 0.039534
0.584631 0.040279
0.574129 0.041007
0.563589 0.041718
0.553018 0.042411
0.542419 0.043084
0.531798 0.043737
0.521159 0.044369
0.510506 0.044977
0.499845 0.045565
0.489181 0.046128
0.478518 0.046666
0.467860 0.047179
0.457213 0.047665
0.446582 0.048126
0.435970 0.048559
0.425384 0.048963
0.414828 0.049340
0.404305 0.049685
0.393823 0.050000
0.383384 0.050284
0.372993 0.050536
0.362656 0.050757
0.352377 0.050944
0.342161 0.051097
0.332012 0.051216
0.321935 0.051301
0.311934 0.051344
0.302015 0.051359
0.292181 0.051330
0.282437 0.051269
0.272788 0.051166
0.263239 0.051024
0.253792 0.050843
0.244454 0.050623
0.235228 0.050360
0.226118 0.050059
0.217130 0.049717
0.208266 0.049333
0.199532 0.048908
0.190932 0.048443
0.182468 0.047935
0.174147 0.047386
0.165971 0.046795
0.157946 0.046163
0.150073 0.045490
0.142358 0.044775
0.134805 0.044020
0.127416 0.043223
0.120197 0.042385
0.113151 0.041505
0.106281 0.040586
0.099590 0.039625
0.093084 0.038623
0.086766 0.037579
0.080639 0.036494
0.074706 0.035366
0.068974 0.034197
0.063442 0.032985
0.058121 0.031729
0.053007 0.030430
0.048110 0.029090
0.043430 0.027711
0.038970 0.026293
0.034742 0.024840
0.030737 0.023353
0.026969 0.021837
0.023442 0.020296
0.020147 0.018731
0.017106 0.017154
0.014310 0.015565
0.011764 0.013971
0.009481 0.012391
0.007447 0.010817
0.005683 0.009279
0.004170 0.007778
0.002927 0.006340
0.001936 0.004977
0.001195 0.003716
0.000702 0.002587
0.000385 0.001616
0.000290 0.000841
0.000258 0.000275
0.000250 -0.000062
0.000249 -0.000173
0.000253 -0.000284
0.000300 -0.000617
0.000459 -0.001162
0.000761 -0.001867
0.001366 -0.002687
0.002268 -0.003502
0.003482 -0.004294
0.004974 -0.005050
0.006713 -0.005772
0.008705 -0.006464
0.010931 -0.007122
0.013396 -0.007750
0.016086 -0.008336
0.019007 -0.008894
0.022148 -0.009413
0.025509 -0.009899
0.029088 -0.010355
0.032881 -0.010770
0.036885 -0.011153
0.041100 -0.011504
0.045520 -0.011812
0.050145 -0.012090
0.054972 -0.012334
0.059997 -0.012539
0.065219 -0.012718
0.070635 -0.012858
0.076242 -0.012973
0.082038 -0.013056
0.088019 -0.013103
0.094183 -0.013133
0.100527 -0.013129
0.107048 -0.013101
0.113742 -0.013055
0.120608 -0.012974
0.127642 -0.012876
0.134840 -0.012752
0.142200 -0.012609
0.149718 -0.012445
0.157391 -0.012262
0.165215 -0.012060
0.173188 -0.011840
0.181304 -0.011604
0.189561 -0.011352
0.197956 -0.011090
0.206484 -0.010819
0.215142 -0.010542
0.223925 -0.010260
0.232831 -0.009973
0.241855 -0.009680
0.250994 -0.009381
0.260242 -0.009077
0.269596 -0.008768
0.279052 -0.008454
0.288605 -0.008134
0.298252 -0.007810
0.307988 -0.007481
0.317809 -0.007148
0.327710 -0.006810
0.337687 -0.006468
0.347735 -0.006122
0.357850 -0.005772
0.368028 -0.005418
0.378264 -0.005061
0.388554 -0.004701
0.398892 -0.004338
0.409275 -0.003972
0.419697 -0.003603
0.430155 -0.003232
0.440642 -0.002859
0.451156 -0.002484
0.461691 -0.002107
0.472242 -0.001729
0.482805 -0.001350
0.493374 -0.000969
0.503947 -0.000589
0.514516 -0.000207
0.525079 0.000175
0.535630 0.000556
0.546164 0.000938
0.556678 0.001319
0.567165 0.001700
0.577623 0.002079
0.588045 0.002457
0.598427 0.002833
0.608765 0.003208
0.619054 0.003581
0.629289 0.003952
0.639467 0.004320
0.649582 0.004686
0.659629 0.005048
0.669606 0.005408
0.679506 0.005764
0.689326 0.006118
0.699061 0.006466
0.708707 0.006812
0.718260 0.007154
0.727715 0.007490
0.737068 0.007822
0.746316 0.008151
0.755453 0.008474
0.764476 0.008792
0.773381 0.009105
0.782164 0.009413
0.790821 0.009716
0.799348 0.010013
0.807742 0.010305
0.815998 0.010590
0.824113 0.010868
0.832084 0.011135
0.839907 0.011389
0.847578 0.011636
0.855094 0.011874
0.862451 0.012101
0.869648 0.012317
0.876679 0.012525
0.883542 0.012724
0.890235 0.012910
0.896753 0.013085
0.903095 0.013251
0.909257 0.013408
0.915237 0.013555
0.921031 0.013695
0.926638 0.013824
0.932054 0.013944
0.937278 0.014055
0.942307 0.014158
0.947138 0.014253
0.951770 0.014340
0.956201 0.014421
0.960429 0.014496
0.964451 0.014564
0.968266 0.014625
0.971872 0.014680
0.975268 0.014728
0.978451 0.014772
0.981422 0.014813
0.984178 0.014852
0.986717 0.014888
0.989040 0.014921
0.991145 0.014950
0.993031 0.014974
0.994696 0.014995
0.996142 0.015012
0.997366 0.015025
0.998368 0.015036
0.999148 0.015045
0.999705 0.015050
1.000039 0.015054
1.000151 0.015055