ah21-7
1.000000 0.000000
0.999891 0.000031
0.999564 0.000124
0.999018 0.000279
0.998255 0.000495
0.997275 0.000772
0.996076 0.001110
0.994662 0.001508
0.993031 0.001966
0.991184 0.002482
0.989122 0.003056
0.986845 0.003685
0.984354 0.004369
0.981650 0.005107
0.978735 0.005898
0.975608 0.006738
0.972270 0.007623
0.968722 0.008554
0.964967 0.009530
0.961005 0.010548
0.956837 0.011603
0.952464 0.012690
0.947888 0.013810
0.943110 0.014963
0.938133 0.016144
0.932958 0.017350
0.927587 0.018573
0.922021 0.019814
0.916263 0.021076
0.910316 0.022352
0.904181 0.023638
0.897861 0.024929
0.891358 0.026226
0.884675 0.027529
0.877815 0.028835
0.870782 0.030139
0.863577 0.031436
0.856204 0.032728
0.848666 0.034016
0.840966 0.035296
0.833108 0.036563
0.825096 0.037814
0.816933 0.039053
0.808621 0.040278
0.800166 0.041487
0.791571 0.042676
0.782841 0.043840
0.773978 0.044985
0.764986 0.046111
0.755870 0.047214
0.746635 0.048289
0.737285 0.049335
0.727822 0.050358
0.718253 0.051357
0.708580 0.052327
0.698810 0.053264
0.688946 0.054167
0.678992 0.055046
0.668953 0.055896
0.658834 0.056714
0.648640 0.057493
0.638375 0.058237
0.628044 0.058956
0.617650 0.059644
0.607200 0.060294
0.596699 0.060901
0.586150 0.061476
0.575559 0.062025
0.564930 0.062539
0.554269 0.063011
0.543580 0.063436
0.532868 0.063837
0.522137 0.064211
0.511394 0.064546
0.500642 0.064829
0.489888 0.065068
0.479134 0.065305
0.468387 0.065513
0.457652 0.065663
0.446933 0.065722
0.436235 0.065724
0.425563 0.065725
0.414922 0.065726
0.404317 0.065727
0.393753 0.065720
0.383234 0.065630
0.372765 0.065460
0.362351 0.065243
0.351998 0.065010
0.341709 0.064768
0.331489 0.064470
0.321342 0.064126
0.311275 0.063749
0.301291 0.063353
0.291395 0.062919
0.281591 0.062439
0.271883 0.061922
0.262278 0.061377
0.252778 0.060805
0.243389 0.060191
0.234113 0.059538
0.224957 0.058853
0.215924 0.058142
0.207019 0.057397
0.198244 0.056612
0.189606 0.055794
0.181107 0.054946
0.172754 0.054071
0.164546 0.053160
0.156491 0.052213
0.148591 0.051236
0.140853 0.050233
0.133276 0.049197
0.125866 0.048128
0.118626 0.047026
0.111563 0.045898
0.104679 0.044741
0.097974 0.043552
0.091453 0.042331
0.085124 0.041082
0.078991 0.039806
0.073048 0.038500
0.067303 0.037163
0.061764 0.035796
0.056439 0.034402
0.051319 0.032981
0.046406 0.031529
0.041716 0.030046
0.037259 0.028536
0.033026 0.026999
0.029004 0.025432
0.025226 0.023835
0.021714 0.022210
0.018446 0.020560
0.015383 0.018882
0.012597 0.017180
0.010137 0.015463
0.007956 0.013734
0.005922 0.011980
0.004210 0.010246
0.002924 0.008574
0.002066 0.006986
0.001365 0.005420
0.000809 0.003971
0.000420 0.002724
0.000182 0.001713
0.000060 0.000946
0.000012 0.000414
0.000001 0.000102
0.000000 0.000000
0.000002 -0.000102
0.000026 -0.000412
0.000125 -0.000936
0.000374 -0.001678
0.000846 -0.002628
0.001585 -0.003744
0.002565 -0.004935
0.003668 -0.006046
0.005083 -0.007111
0.006928 -0.008165
0.009148 -0.009186
0.011615 -0.010164
0.014191 -0.011105
0.017018 -0.012016
0.020104 -0.012892
0.023428 -0.013730
0.026958 -0.014532
0.030697 -0.015308
0.034662 -0.016058
0.038847 -0.016777
0.043242 -0.017463
0.047839 -0.018116
0.052642 -0.018746
0.057651 -0.019352
0.062861 -0.019930
0.068267 -0.020476
0.073865 -0.020992
0.079656 -0.021487
0.085636 -0.021960
0.091802 -0.022405
0.098150 -0.022818
0.104676 -0.023204
0.111379 -0.023573
0.118256 -0.023919
0.125303 -0.024238
0.132517 -0.024524
0.139893 -0.024787
0.147429 -0.025035
0.155122 -0.025263
0.162968 -0.025462
0.170963 -0.025623
0.179103 -0.025773
0.187386 -0.025915
0.195807 -0.026035
0.204362 -0.026117
0.213048 -0.026143
0.221860 -0.026150
0.230795 -0.026156
0.239848 -0.026160
0.249016 -0.026162
0.258295 -0.026159
0.267679 -0.026112
0.277166 -0.026022
0.286750 -0.025903
0.296428 -0.025772
0.306195 -0.025641
0.316047 -0.025487
0.325979 -0.025308
0.335987 -0.025108
0.346066 -0.024896
0.356213 -0.024674
0.366422 -0.024432
0.376688 -0.024170
0.387008 -0.023892
0.397377 -0.023601
0.407790 -0.023300
0.418243 -0.022982
0.428730 -0.022647
0.439247 -0.022299
0.449790 -0.021940
0.460354 -0.021572
0.470933 -0.021189
0.481524 -0.020793
0.492122 -0.020387
0.502722 -0.019971
0.513318 -0.019547
0.523908 -0.019113
0.534485 -0.018668
0.545046 -0.018215
0.555584 -0.017755
0.566097 -0.017290
0.576579 -0.016816
0.587025 -0.016336
0.597431 -0.015850
0.607792 -0.015360
0.618104 -0.014867
0.628362 -0.014368
0.638562 -0.013866
0.648698 -0.013362
0.658767 -0.012856
0.668764 -0.012351
0.678685 -0.011843
0.688525 -0.011334
0.698280 -0.010827
0.707945 -0.010321
0.717516 -0.009819
0.726990 -0.009318
0.736362 -0.008819
0.745627 -0.008325
0.754782 -0.007836
0.763822 -0.007354
0.772744 -0.006877
0.781544 -0.006405
0.790217 -0.005941
0.798761 -0.005486
0.807170 -0.005042
0.815442 -0.004606
0.823573 -0.004179
0.831559 -0.003763
0.839397 -0.003360
0.847083 -0.002972
0.854614 -0.002597
0.861986 -0.002232
0.869197 -0.001882
0.876243 -0.001548
0.883120 -0.001234
0.889827 -0.000940
0.896360 -0.000656
0.902715 -0.000387
0.908891 -0.000139
0.914884 0.000085
0.920693 0.000281
0.926313 0.000469
0.931743 0.000646
0.936981 0.000800
0.942023 0.000921
0.946867 0.001002
0.951512 0.001054
0.955956 0.001100
0.960196 0.001135
0.964229 0.001160
0.968055 0.001173
0.971671 0.001170
0.975076 0.001131
0.978269 0.001065
0.981247 0.000987
0.984010 0.000904
0.986555 0.000823
0.988882 0.000732
0.990990 0.000625
0.992878 0.000514
0.994546 0.000408
0.995992 0.000313
0.997216 0.000229
0.998218 0.000151
0.998997 0.000086
0.999554 0.000038
0.999889 0.000010
1.000000 -0.000000