ah79k132
1.000000 0.000000
0.999893 0.000042
0.999571 0.000167
0.999034 0.000372
0.998278 0.000648
0.997304 0.000995
0.996108 0.001397
0.994684 0.001834
0.993030 0.002303
0.991150 0.002804
0.989046 0.003337
0.986716 0.003894
0.984162 0.004479
0.981388 0.005101
0.978395 0.005754
0.975182 0.006435
0.971751 0.007141
0.968103 0.007868
0.964240 0.008619
0.960165 0.009397
0.955878 0.010197
0.951383 0.011022
0.946682 0.011881
0.941779 0.012772
0.936673 0.013690
0.931366 0.014629
0.925861 0.015584
0.920160 0.016561
0.914268 0.017571
0.908189 0.018619
0.901923 0.019692
0.895469 0.020769
0.888829 0.021835
0.882008 0.022912
0.875017 0.024038
0.867859 0.025220
0.860536 0.026448
0.853052 0.027726
0.845408 0.029040
0.837610 0.030407
0.829673 0.031869
0.821592 0.033422
0.813377 0.035080
0.805066 0.036927
0.796686 0.039078
0.788224 0.041513
0.779658 0.044076
0.770980 0.046687
0.762205 0.049421
0.753313 0.052189
0.744288 0.054922
0.735144 0.057655
0.725883 0.060378
0.716508 0.063084
0.707028 0.065797
0.697435 0.068458
0.687717 0.070998
0.677881 0.073444
0.667935 0.075793
0.657886 0.078026
0.647738 0.080164
0.637496 0.082198
0.627169 0.084100
0.616757 0.085882
0.606269 0.087559
0.595718 0.089136
0.585107 0.090628
0.574442 0.092033
0.563730 0.093340
0.552976 0.094565
0.542185 0.095708
0.531364 0.096753
0.520517 0.097718
0.509651 0.098604
0.498772 0.099394
0.487885 0.100112
0.476994 0.100757
0.466107 0.101293
0.455228 0.101761
0.444362 0.102157
0.433516 0.102423
0.422694 0.102612
0.411902 0.102753
0.401146 0.102799
0.390431 0.102735
0.379762 0.102598
0.369146 0.102424
0.358586 0.102141
0.348089 0.101741
0.337660 0.101287
0.327305 0.100745
0.317028 0.100103
0.306835 0.099399
0.296732 0.098608
0.286722 0.097727
0.276813 0.096778
0.267009 0.095740
0.257314 0.094618
0.247736 0.093433
0.238276 0.092171
0.228940 0.090834
0.219734 0.089436
0.210662 0.087967
0.201728 0.086429
0.192939 0.084835
0.184296 0.083174
0.175806 0.081450
0.167476 0.079669
0.159306 0.077822
0.151303 0.075918
0.143471 0.073968
0.135811 0.071966
0.128330 0.069916
0.121034 0.067825
0.113921 0.065687
0.107000 0.063508
0.100274 0.061296
0.093744 0.059047
0.087415 0.056768
0.081290 0.054473
0.075362 0.052164
0.069653 0.049824
0.064183 0.047427
0.058948 0.044966
0.053928 0.042502
0.049112 0.040086
0.044502 0.037705
0.040104 0.035358
0.035917 0.033056
0.031930 0.030810
0.028179 0.028585
0.024690 0.026352
0.021437 0.024127
0.018433 0.021926
0.015686 0.019766
0.013170 0.017644
0.010895 0.015584
0.008861 0.013608
0.007029 0.011721
0.005427 0.009930
0.004076 0.008245
0.002881 0.006679
0.001902 0.005242
0.001205 0.003943
0.000722 0.002786
0.000345 0.001785
0.000121 0.000997
0.000026 0.000439
0.000002 0.000109
0.000000 0.000000
0.000002 -0.000109
0.000026 -0.000438
0.000122 -0.000994
0.000349 -0.001769
0.000737 -0.002730
0.001258 -0.003793
0.002111 -0.004954
0.003340 -0.006177
0.004789 -0.007381
0.006541 -0.008557
0.008603 -0.009711
0.010878 -0.010856
0.013408 -0.011997
0.016192 -0.013091
0.019215 -0.014103
0.022496 -0.015060
0.026013 -0.015950
0.029751 -0.016770
0.033722 -0.017535
0.037910 -0.018246
0.042309 -0.018919
0.046922 -0.019551
0.051743 -0.020109
0.056770 -0.020580
0.062002 -0.021002
0.067428 -0.021425
0.073044 -0.021868
0.078848 -0.022308
0.084841 -0.022728
0.091018 -0.023129
0.097379 -0.023514
0.103918 -0.023871
0.110634 -0.024199
0.117523 -0.024506
0.124582 -0.024800
0.131808 -0.025086
0.139196 -0.025360
0.146744 -0.025620
0.154448 -0.025864
0.162306 -0.026097
0.170313 -0.026320
0.178465 -0.026536
0.186759 -0.026744
0.195192 -0.026940
0.203760 -0.027124
0.212458 -0.027297
0.221283 -0.027463
0.230231 -0.027625
0.239297 -0.027782
0.248479 -0.027928
0.257772 -0.028059
0.267171 -0.028180
0.276672 -0.028294
0.286272 -0.028406
0.295966 -0.028513
0.305749 -0.028612
0.315618 -0.028703
0.325567 -0.028787
0.335593 -0.028864
0.345691 -0.028934
0.355856 -0.029000
0.366084 -0.029058
0.376371 -0.029107
0.386711 -0.029152
0.397101 -0.029188
0.407535 -0.029209
0.418009 -0.029227
0.428519 -0.029238
0.439059 -0.029238
0.449625 -0.029216
0.460212 -0.029179
0.470816 -0.029134
0.481431 -0.029063
0.492054 -0.028969
0.502678 -0.028862
0.513300 -0.028729
0.523914 -0.028572
0.534517 -0.028400
0.545102 -0.028207
0.555666 -0.027992
0.566204 -0.027758
0.576710 -0.027502
0.587180 -0.027221
0.597610 -0.026918
0.607995 -0.026589
0.618329 -0.026234
0.628609 -0.025860
0.638830 -0.025472
0.648988 -0.025065
0.659077 -0.024633
0.669092 -0.024167
0.679029 -0.023668
0.688885 -0.023150
0.698654 -0.022629
0.708334 -0.022097
0.717918 -0.021538
0.727401 -0.020938
0.736780 -0.020298
0.746049 -0.019626
0.755205 -0.018927
0.764243 -0.018191
0.773161 -0.017436
0.781956 -0.016685
0.790625 -0.015944
0.799160 -0.015176
0.807552 -0.014342
0.815797 -0.013420
0.823897 -0.012459
0.831851 -0.011511
0.839655 -0.010572
0.847306 -0.009634
0.854801 -0.008704
0.862136 -0.007774
0.869308 -0.006856
0.876317 -0.005970
0.883159 -0.005102
0.889832 -0.004266
0.896336 -0.003508
0.902671 -0.002833
0.908832 -0.002219
0.914815 -0.001670
0.920615 -0.001176
0.926230 -0.000730
0.931658 -0.000346
0.936895 -0.000022
0.941940 0.000263
0.946788 0.000489
0.951438 0.000657
0.955887 0.000804
0.960133 0.000890
0.964173 0.000896
0.968005 0.000877
0.971627 0.000847
0.975038 0.000812
0.978236 0.000755
0.981218 0.000681
0.983984 0.000593
0.986532 0.000467
0.988862 0.000326
0.990971 0.000189
0.992860 0.000017
0.994529 -0.000114
0.995978 -0.000150
0.997208 -0.000139
0.998215 -0.000119
0.998997 -0.000098
0.999554 -0.000051
0.999889 -0.000013
1.000000 -0.000000