ah80140
1.000000 0.000000
0.999922 0.000095
0.999680 0.000378
0.999250 0.000786
0.998572 0.001093
0.997568 0.001321
0.996261 0.001522
0.994767 0.001776
0.993054 0.002056
0.991111 0.002353
0.988940 0.002668
0.986541 0.002993
0.983917 0.003341
0.981071 0.003729
0.978004 0.004154
0.974716 0.004603
0.971208 0.005066
0.967479 0.005541
0.963535 0.006043
0.959378 0.006589
0.955012 0.007177
0.950435 0.007794
0.945648 0.008427
0.940654 0.009076
0.935456 0.009754
0.930060 0.010480
0.924467 0.011253
0.918678 0.012060
0.912695 0.012889
0.906520 0.013737
0.900157 0.014619
0.893612 0.015550
0.886887 0.016533
0.879986 0.017556
0.872908 0.018607
0.865656 0.019684
0.858237 0.020800
0.850655 0.021972
0.842916 0.023202
0.835020 0.024479
0.826969 0.025790
0.818767 0.027130
0.810418 0.028512
0.801930 0.029949
0.793307 0.031446
0.784550 0.032993
0.775664 0.034581
0.766650 0.036203
0.757515 0.037871
0.748265 0.039597
0.738907 0.041390
0.729442 0.043237
0.719872 0.045120
0.710199 0.047030
0.700430 0.048978
0.690571 0.050977
0.680631 0.053037
0.670610 0.055145
0.660510 0.057285
0.650333 0.059445
0.640087 0.061637
0.629778 0.063870
0.619414 0.066158
0.608998 0.068489
0.598528 0.070832
0.588003 0.073170
0.577433 0.075514
0.566824 0.077872
0.556182 0.080253
0.545511 0.082652
0.534810 0.085035
0.524080 0.087388
0.513327 0.089721
0.502555 0.092021
0.491770 0.094298
0.480977 0.096556
0.470170 0.098721
0.459346 0.100761
0.448515 0.102716
0.437678 0.104518
0.426839 0.106146
0.416001 0.107660
0.405175 0.108965
0.394364 0.110035
0.383573 0.110964
0.372816 0.111712
0.362105 0.112325
0.351440 0.112870
0.340831 0.113145
0.330285 0.113147
0.319805 0.113138
0.309402 0.113121
0.299081 0.112946
0.288846 0.112515
0.278708 0.111992
0.268671 0.111342
0.258741 0.110504
0.248925 0.109575
0.239227 0.108532
0.229653 0.107352
0.220215 0.106068
0.210915 0.104635
0.201757 0.103076
0.192745 0.101454
0.183877 0.099752
0.175166 0.097959
0.166623 0.096074
0.158248 0.094072
0.150043 0.091990
0.142010 0.089866
0.134146 0.087685
0.126471 0.085432
0.118998 0.083087
0.111721 0.080647
0.104645 0.078149
0.097766 0.075617
0.091088 0.073034
0.084632 0.070393
0.078406 0.067677
0.072401 0.064901
0.066617 0.062107
0.061043 0.059313
0.055692 0.056501
0.050593 0.053655
0.045747 0.050759
0.041138 0.047850
0.036756 0.044976
0.032584 0.042146
0.028652 0.039338
0.024990 0.036537
0.021576 0.033744
0.018409 0.030991
0.015477 0.028308
0.012751 0.025699
0.010310 0.023139
0.008167 0.020616
0.006258 0.018148
0.004664 0.015762
0.003344 0.013472
0.002195 0.011287
0.001373 0.009249
0.000917 0.007383
0.000589 0.005677
0.000342 0.004167
0.000175 0.002881
0.000075 0.001833
0.000025 0.001025
0.000005 0.000453
0.000000 0.000113
0.000000 0.000000
0.000001 -0.000113
0.000009 -0.000452
0.000043 -0.001020
0.000130 -0.001817
0.000297 -0.002835
0.000567 -0.004057
0.000942 -0.005441
0.001510 -0.006949
0.002545 -0.008589
0.003936 -0.010263
0.005564 -0.011890
0.007613 -0.013495
0.009967 -0.014961
0.012643 -0.016277
0.015647 -0.017484
0.018877 -0.018593
0.022368 -0.019635
0.026104 -0.020558
0.030073 -0.021334
0.034283 -0.022020
0.038704 -0.022661
0.043330 -0.023291
0.048165 -0.023879
0.053206 -0.024380
0.058452 -0.024806
0.063899 -0.025192
0.069536 -0.025571
0.075364 -0.025953
0.081380 -0.026301
0.087583 -0.026578
0.093971 -0.026809
0.100538 -0.027016
0.107280 -0.027222
0.114195 -0.027431
0.121280 -0.027608
0.128532 -0.027727
0.135948 -0.027816
0.143524 -0.027892
0.151256 -0.027971
0.159142 -0.028057
0.167176 -0.028114
0.175357 -0.028115
0.183680 -0.028091
0.192142 -0.028055
0.200738 -0.028016
0.209465 -0.027967
0.218319 -0.027903
0.227296 -0.027816
0.236392 -0.027689
0.245602 -0.027545
0.254924 -0.027413
0.264353 -0.027289
0.273884 -0.027156
0.283513 -0.027001
0.293236 -0.026815
0.303049 -0.026618
0.312947 -0.026431
0.322927 -0.026255
0.332983 -0.026073
0.343110 -0.025869
0.353305 -0.025636
0.363563 -0.025392
0.373879 -0.025158
0.384250 -0.024938
0.394670 -0.024717
0.405134 -0.024475
0.415638 -0.024206
0.426176 -0.023922
0.436746 -0.023636
0.447341 -0.023355
0.457958 -0.023067
0.468591 -0.022762
0.479234 -0.022431
0.489885 -0.022083
0.500537 -0.021732
0.511188 -0.021387
0.521831 -0.021036
0.532462 -0.020669
0.543075 -0.020270
0.553666 -0.019851
0.564230 -0.019430
0.574765 -0.019021
0.585264 -0.018614
0.595723 -0.018195
0.606136 -0.017753
0.616499 -0.017294
0.626808 -0.016834
0.637059 -0.016389
0.647247 -0.015952
0.657367 -0.015510
0.667414 -0.015053
0.677384 -0.014583
0.687273 -0.014112
0.697076 -0.013652
0.706791 -0.013200
0.716410 -0.012747
0.725931 -0.012285
0.735349 -0.011812
0.744660 -0.011340
0.753860 -0.010876
0.762945 -0.010421
0.771911 -0.009970
0.780754 -0.009517
0.789469 -0.009059
0.798053 -0.008606
0.806504 -0.008173
0.814817 -0.007761
0.822988 -0.007361
0.831013 -0.006963
0.838888 -0.006560
0.846611 -0.006164
0.854178 -0.005790
0.861586 -0.005443
0.868832 -0.005114
0.875912 -0.004790
0.882822 -0.004463
0.889560 -0.004142
0.896123 -0.003844
0.902508 -0.003578
0.908714 -0.003333
0.914735 -0.003099
0.920570 -0.002866
0.926216 -0.002640
0.931671 -0.002436
0.936932 -0.002265
0.941997 -0.002117
0.946864 -0.001977
0.951530 -0.001834
0.955993 -0.001690
0.960250 -0.001564
0.964302 -0.001465
0.968145 -0.001386
0.971778 -0.001315
0.975199 -0.001242
0.978406 -0.001166
0.981399 -0.001104
0.984175 -0.001066
0.986734 -0.001044
0.989074 -0.001024
0.991195 -0.001001
0.993095 -0.000977
0.994773 -0.000950
0.996237 -0.000919
0.997514 -0.000886
0.998511 -0.000835
0.999208 -0.000711
0.999659 -0.000353
0.999916 -0.000087
1.000000 0.000000