ah81k144
1.000000 0.000000
0.999931 0.000104
0.999713 0.000411
0.999319 0.000863
0.998689 0.001223
0.997714 0.001468
0.996405 0.001678
0.994916 0.001965
0.993223 0.002309
0.991305 0.002692
0.989162 0.003103
0.986793 0.003537
0.984201 0.004008
0.981393 0.004539
0.978369 0.005125
0.975130 0.005762
0.971675 0.006445
0.968008 0.007177
0.964129 0.007958
0.960041 0.008785
0.955745 0.009659
0.951244 0.010581
0.946539 0.011554
0.941634 0.012579
0.936531 0.013654
0.931231 0.014779
0.925738 0.015956
0.920054 0.017183
0.914180 0.018457
0.908121 0.019780
0.901878 0.021150
0.895453 0.022559
0.888848 0.024005
0.882067 0.025491
0.875113 0.027017
0.867987 0.028576
0.860695 0.030176
0.853246 0.031839
0.845642 0.033564
0.837887 0.035353
0.829992 0.037232
0.821964 0.039213
0.813804 0.041292
0.805520 0.043474
0.797121 0.045769
0.788608 0.048181
0.779982 0.050686
0.771247 0.053280
0.762410 0.055976
0.753464 0.058740
0.744409 0.061546
0.735253 0.064416
0.725992 0.067316
0.716620 0.070216
0.707148 0.073137
0.697571 0.076045
0.687883 0.078899
0.678091 0.081722
0.668197 0.084488
0.658196 0.087148
0.648093 0.089728
0.637893 0.092211
0.627598 0.094548
0.617211 0.096764
0.606738 0.098856
0.596190 0.100789
0.585568 0.102586
0.574880 0.104256
0.564138 0.105770
0.553345 0.107157
0.542507 0.108424
0.531636 0.109542
0.520734 0.110546
0.509809 0.111441
0.498869 0.112190
0.487918 0.112842
0.476963 0.113399
0.466012 0.113798
0.455069 0.114116
0.444140 0.114360
0.433232 0.114439
0.422350 0.114399
0.411500 0.114310
0.400688 0.114186
0.389919 0.113911
0.379199 0.113490
0.368534 0.113016
0.357929 0.112445
0.347390 0.111765
0.336923 0.111015
0.326532 0.110162
0.316223 0.109209
0.306003 0.108187
0.295875 0.107071
0.285844 0.105867
0.275918 0.104594
0.266100 0.103235
0.256395 0.101794
0.246809 0.100290
0.237345 0.098707
0.228008 0.097051
0.218807 0.095335
0.209741 0.093545
0.200818 0.091690
0.192043 0.089781
0.183417 0.087811
0.174946 0.085783
0.166638 0.083705
0.158493 0.081568
0.150515 0.079385
0.142710 0.077166
0.135078 0.074907
0.127625 0.072612
0.120356 0.070289
0.113271 0.067933
0.106375 0.065552
0.099673 0.063154
0.093165 0.060735
0.086855 0.058302
0.080748 0.055862
0.074843 0.053413
0.069145 0.050961
0.063658 0.048512
0.058380 0.046067
0.053318 0.043629
0.048475 0.041204
0.043847 0.038794
0.039443 0.036403
0.035264 0.034036
0.031303 0.031699
0.027576 0.029390
0.024084 0.027114
0.020816 0.024875
0.017787 0.022682
0.014987 0.020547
0.012406 0.018474
0.010086 0.016452
0.008013 0.014484
0.006161 0.012584
0.004604 0.010755
0.003299 0.009004
0.002183 0.007349
0.001372 0.005825
0.000870 0.004451
0.000484 0.003220
0.000220 0.002186
0.000075 0.001383
0.000016 0.000816
0.000001 0.000481
0.000000 0.000370
0.000001 0.000259
0.000018 -0.000076
0.000089 -0.000640
0.000259 -0.001431
0.000567 -0.002424
0.001012 -0.003547
0.001717 -0.004735
0.002902 -0.005993
0.004375 -0.007247
0.006082 -0.008463
0.008123 -0.009655
0.010390 -0.010835
0.012903 -0.012008
0.015671 -0.013156
0.018666 -0.014271
0.021907 -0.015359
0.025383 -0.016408
0.029082 -0.017409
0.033014 -0.018372
0.037167 -0.019293
0.041533 -0.020176
0.046115 -0.021025
0.050908 -0.021835
0.055905 -0.022609
0.061108 -0.023351
0.066511 -0.024051
0.072110 -0.024712
0.077906 -0.025339
0.083892 -0.025925
0.090065 -0.026473
0.096424 -0.026988
0.102964 -0.027466
0.109681 -0.027907
0.116574 -0.028320
0.123637 -0.028698
0.130868 -0.029044
0.138263 -0.029364
0.145819 -0.029657
0.153532 -0.029928
0.161398 -0.030179
0.169415 -0.030406
0.177577 -0.030612
0.185882 -0.030802
0.194325 -0.030967
0.202904 -0.031110
0.211613 -0.031238
0.220450 -0.031343
0.229409 -0.031428
0.238488 -0.031503
0.247682 -0.031553
0.256986 -0.031575
0.266397 -0.031591
0.275911 -0.031599
0.285523 -0.031593
0.295229 -0.031561
0.305024 -0.031517
0.314905 -0.031466
0.324866 -0.031395
0.334904 -0.031309
0.345013 -0.031215
0.355190 -0.031103
0.365430 -0.030977
0.375728 -0.030840
0.386080 -0.030688
0.396481 -0.030521
0.406926 -0.030341
0.417411 -0.030145
0.427931 -0.029933
0.438481 -0.029710
0.449057 -0.029472
0.459654 -0.029220
0.470267 -0.028954
0.480892 -0.028672
0.491523 -0.028374
0.502156 -0.028067
0.512787 -0.027749
0.523410 -0.027419
0.534021 -0.027077
0.544615 -0.026721
0.555187 -0.026353
0.565733 -0.025973
0.576248 -0.025580
0.586727 -0.025174
0.597165 -0.024756
0.607558 -0.024323
0.617901 -0.023876
0.628190 -0.023416
0.638420 -0.022943
0.648586 -0.022456
0.658683 -0.021954
0.668708 -0.021435
0.678655 -0.020900
0.688520 -0.020344
0.698299 -0.019765
0.707986 -0.019162
0.717577 -0.018533
0.727068 -0.017874
0.736454 -0.017184
0.745731 -0.016464
0.754894 -0.015714
0.763939 -0.014929
0.772862 -0.014115
0.781659 -0.013275
0.790325 -0.012399
0.798858 -0.011505
0.807256 -0.010612
0.815513 -0.009707
0.823629 -0.008808
0.831601 -0.007942
0.839426 -0.007097
0.847101 -0.006284
0.854624 -0.005524
0.861992 -0.004809
0.869200 -0.004140
0.876247 -0.003533
0.883130 -0.002982
0.889844 -0.002479
0.896385 -0.002029
0.902751 -0.001625
0.908939 -0.001261
0.914945 -0.000947
0.920767 -0.000679
0.926402 -0.000443
0.931846 -0.000254
0.937098 -0.000104
0.942155 0.000026
0.947013 0.000108
0.951672 0.000139
0.956128 0.000159
0.960380 0.000169
0.964424 0.000159
0.968261 0.000108
0.971887 0.000040
0.975301 -0.000028
0.978502 -0.000109
0.981488 -0.000200
0.984257 -0.000301
0.986808 -0.000422
0.989142 -0.000536
0.991256 -0.000624
0.993151 -0.000694
0.994826 -0.000751
0.996289 -0.000799
0.997570 -0.000844
0.998560 -0.000867
0.999239 -0.000776
0.999674 -0.000385
0.999920 -0.000095
1.000000 -0.000000