ah88k130
1.000000 0.000000
0.999897 0.000051
0.999587 0.000203
0.999065 0.000443
0.998322 0.000745
0.997353 0.001105
0.996158 0.001515
0.994742 0.001973
0.993097 0.002468
0.991228 0.003004
0.989139 0.003589
0.986827 0.004213
0.984295 0.004880
0.981547 0.005598
0.978582 0.006362
0.975401 0.007171
0.972008 0.008029
0.968402 0.008932
0.964586 0.009881
0.960562 0.010883
0.956333 0.011935
0.951901 0.013037
0.947267 0.014193
0.942435 0.015402
0.937407 0.016663
0.932185 0.017978
0.926770 0.019344
0.921167 0.020764
0.915381 0.022250
0.909419 0.023816
0.903279 0.025450
0.896959 0.027127
0.890457 0.028828
0.883779 0.030566
0.876933 0.032362
0.869927 0.034226
0.862761 0.036152
0.855438 0.038136
0.847961 0.040179
0.840335 0.042283
0.832561 0.044438
0.824641 0.046636
0.816578 0.048878
0.808377 0.051168
0.800044 0.053513
0.791585 0.055916
0.782997 0.058358
0.774280 0.060820
0.765441 0.063315
0.756479 0.065824
0.747394 0.068325
0.738196 0.070857
0.728878 0.073358
0.719422 0.075724
0.709828 0.077966
0.700108 0.080105
0.690274 0.082121
0.680327 0.084021
0.670273 0.085819
0.660125 0.087516
0.649887 0.089117
0.639564 0.090633
0.629167 0.092073
0.618701 0.093454
0.608170 0.094770
0.597579 0.095997
0.586932 0.097138
0.576235 0.098207
0.565495 0.099190
0.554717 0.100099
0.543905 0.100942
0.533067 0.101687
0.522205 0.102358
0.511326 0.102962
0.500436 0.103435
0.489539 0.103821
0.478641 0.104146
0.467748 0.104290
0.456867 0.104266
0.446001 0.104199
0.435159 0.104104
0.424344 0.103918
0.413562 0.103600
0.402820 0.103223
0.392122 0.102778
0.381473 0.102228
0.370878 0.101617
0.360344 0.100943
0.349873 0.100185
0.339474 0.099366
0.329149 0.098478
0.318905 0.097513
0.308745 0.096489
0.298677 0.095401
0.288702 0.094244
0.278827 0.093036
0.269056 0.091777
0.259393 0.090459
0.249845 0.089087
0.240416 0.087654
0.231111 0.086160
0.221933 0.084623
0.212886 0.083041
0.203975 0.081412
0.195205 0.079739
0.186581 0.078020
0.178105 0.076256
0.169782 0.074460
0.161614 0.072637
0.153605 0.070780
0.145766 0.068881
0.138100 0.066929
0.130609 0.064937
0.123292 0.062932
0.116148 0.060922
0.109185 0.058895
0.102415 0.056840
0.095839 0.054747
0.089458 0.052632
0.083272 0.050515
0.077278 0.048406
0.071485 0.046292
0.065908 0.044157
0.060549 0.041992
0.055402 0.039820
0.050466 0.037669
0.045729 0.035554
0.041212 0.033449
0.036940 0.031328
0.032915 0.029171
0.029114 0.027032
0.025516 0.024970
0.022093 0.023013
0.018909 0.021091
0.016019 0.019142
0.013399 0.017161
0.011024 0.015215
0.008876 0.013359
0.006919 0.011600
0.005210 0.009917
0.003771 0.008306
0.002475 0.006783
0.001498 0.005359
0.000922 0.004048
0.000513 0.002832
0.000233 0.001797
0.000080 0.000994
0.000017 0.000434
0.000001 0.000107
0.000000 0.000000
0.000003 -0.000107
0.000045 -0.000433
0.000208 -0.000980
0.000565 -0.001722
0.001098 -0.002560
0.001897 -0.003419
0.003105 -0.004308
0.004554 -0.005191
0.006220 -0.006072
0.008168 -0.006930
0.010351 -0.007721
0.012786 -0.008452
0.015472 -0.009141
0.018372 -0.009808
0.021498 -0.010444
0.024846 -0.011070
0.028401 -0.011730
0.032162 -0.012428
0.036136 -0.013104
0.040328 -0.013690
0.044739 -0.014204
0.049357 -0.014700
0.054171 -0.015234
0.059180 -0.015799
0.064386 -0.016356
0.069791 -0.016865
0.075390 -0.017338
0.081181 -0.017793
0.087158 -0.018250
0.093318 -0.018706
0.099659 -0.019150
0.106180 -0.019568
0.112877 -0.019962
0.119748 -0.020344
0.126786 -0.020728
0.133990 -0.021117
0.141357 -0.021497
0.148884 -0.021849
0.156568 -0.022175
0.164405 -0.022485
0.172392 -0.022787
0.180523 -0.023082
0.188796 -0.023368
0.197208 -0.023640
0.205754 -0.023902
0.214431 -0.024152
0.223234 -0.024386
0.232161 -0.024608
0.241206 -0.024818
0.250366 -0.025007
0.259637 -0.025176
0.269015 -0.025330
0.278494 -0.025475
0.288072 -0.025617
0.297744 -0.025753
0.307505 -0.025868
0.317351 -0.025965
0.327278 -0.026051
0.337281 -0.026112
0.347356 -0.026147
0.357499 -0.026175
0.367704 -0.026189
0.377968 -0.026187
0.388285 -0.026172
0.398651 -0.026150
0.409062 -0.026113
0.419512 -0.026040
0.429998 -0.025945
0.440513 -0.025842
0.451055 -0.025719
0.461617 -0.025575
0.472196 -0.025411
0.482786 -0.025214
0.493382 -0.024990
0.503980 -0.024746
0.514576 -0.024473
0.525163 -0.024168
0.535737 -0.023828
0.546293 -0.023431
0.556826 -0.022996
0.567333 -0.022553
0.577809 -0.022102
0.588250 -0.021635
0.598649 -0.021147
0.609002 -0.020633
0.619306 -0.020097
0.629555 -0.019552
0.639746 -0.019005
0.649873 -0.018448
0.659931 -0.017867
0.669916 -0.017253
0.679822 -0.016610
0.689647 -0.015954
0.699387 -0.015299
0.709037 -0.014636
0.718590 -0.013938
0.728041 -0.013184
0.737386 -0.012379
0.746618 -0.011516
0.755730 -0.010573
0.764718 -0.009531
0.773582 -0.008447
0.782322 -0.007363
0.790930 -0.006241
0.799408 -0.005138
0.807761 -0.004113
0.815983 -0.003142
0.824068 -0.002226
0.832014 -0.001373
0.839816 -0.000567
0.847471 0.000181
0.854976 0.000852
0.862328 0.001447
0.869522 0.001991
0.876553 0.002507
0.883414 0.003057
0.890106 0.003566
0.896629 0.003898
0.902981 0.004067
0.909158 0.004187
0.915152 0.004281
0.920960 0.004375
0.926579 0.004457
0.932008 0.004499
0.937244 0.004485
0.942284 0.004437
0.947126 0.004370
0.951768 0.004278
0.956207 0.004129
0.960440 0.003954
0.964467 0.003772
0.968285 0.003562
0.971892 0.003335
0.975287 0.003101
0.978468 0.002850
0.981434 0.002591
0.984183 0.002332
0.986715 0.002069
0.989029 0.001810
0.991123 0.001563
0.993000 0.001334
0.994655 0.001112
0.996085 0.000891
0.997294 0.000675
0.998279 0.000472
0.999038 0.000293
0.999574 0.000137
0.999894 0.000035
1.000000 -0.000000