ah93w215
1.000000 -0.000870
0.999895 -0.000815
0.999581 -0.000652
0.999059 -0.000378
0.998330 0.000010
0.997396 0.000515
0.996254 0.001125
0.994889 0.001816
0.993303 0.002587
0.991495 0.003435
0.989467 0.004358
0.987220 0.005360
0.984746 0.006416
0.982034 0.007483
0.979079 0.008556
0.975884 0.009641
0.972461 0.010736
0.968805 0.011831
0.964918 0.012934
0.960814 0.014070
0.956492 0.015231
0.951952 0.016417
0.947202 0.017636
0.942242 0.018886
0.937073 0.020165
0.931701 0.021479
0.926125 0.022822
0.920350 0.024197
0.914380 0.025609
0.908216 0.027055
0.901862 0.028536
0.895320 0.030055
0.888595 0.031609
0.881689 0.033200
0.874607 0.034833
0.867351 0.036509
0.859926 0.038225
0.852335 0.039981
0.844580 0.041779
0.836666 0.043615
0.828596 0.045489
0.820373 0.047398
0.812001 0.049342
0.803485 0.051329
0.794829 0.053358
0.786038 0.055427
0.777115 0.057540
0.768066 0.059697
0.758894 0.061896
0.749603 0.064136
0.740197 0.066418
0.730682 0.068740
0.721060 0.071100
0.711336 0.073497
0.701514 0.075930
0.691599 0.078395
0.681595 0.080895
0.671506 0.083426
0.661335 0.085976
0.651085 0.088545
0.640761 0.091133
0.630365 0.093723
0.619901 0.096316
0.609375 0.098910
0.598785 0.101484
0.588135 0.104031
0.577431 0.106556
0.566673 0.109031
0.555864 0.111453
0.545011 0.113827
0.534113 0.116113
0.523172 0.118303
0.512195 0.120413
0.501186 0.122404
0.490149 0.124280
0.479089 0.126055
0.468013 0.127682
0.456925 0.129169
0.445830 0.130539
0.434738 0.131740
0.423653 0.132803
0.412580 0.133745
0.401531 0.134494
0.390509 0.135137
0.379521 0.135658
0.368576 0.135916
0.357679 0.136037
0.346836 0.136113
0.336057 0.136114
0.325345 0.135873
0.314707 0.135459
0.304153 0.134985
0.293685 0.134327
0.283312 0.133522
0.273043 0.132624
0.262879 0.131558
0.252829 0.130364
0.242902 0.129064
0.233098 0.127613
0.223429 0.126046
0.213900 0.124363
0.204514 0.122543
0.195281 0.120617
0.186205 0.118577
0.177290 0.116415
0.168548 0.114159
0.159977 0.111793
0.151585 0.109322
0.143382 0.106767
0.135365 0.104114
0.127544 0.101372
0.119928 0.098554
0.112513 0.095648
0.105310 0.092670
0.098325 0.089631
0.091554 0.086522
0.085010 0.083358
0.078697 0.080143
0.072611 0.076874
0.066767 0.073571
0.061159 0.070236
0.055788 0.066871
0.050673 0.063491
0.045801 0.060095
0.041177 0.056694
0.036814 0.053303
0.032690 0.049927
0.028822 0.046570
0.025232 0.043241
0.021887 0.039942
0.018803 0.036689
0.015998 0.033498
0.013424 0.030374
0.011105 0.027330
0.009063 0.024385
0.007230 0.021543
0.005630 0.018820
0.004305 0.016234
0.003166 0.013791
0.002189 0.011503
0.001457 0.009393
0.000995 0.007479
0.000655 0.005748
0.000387 0.004223
0.000200 0.002925
0.000087 0.001864
0.000029 0.001044
0.000006 0.000462
0.000000 0.000115
0.000000 0.000000
0.000000 -0.000115
0.000005 -0.000461
0.000027 -0.001037
0.000081 -0.001843
0.000189 -0.002875
0.000366 -0.004131
0.000624 -0.005599
0.000957 -0.007266
0.001405 -0.009118
0.002140 -0.011161
0.003148 -0.013365
0.004345 -0.015682
0.005792 -0.018101
0.007581 -0.020610
0.009640 -0.023155
0.011991 -0.025717
0.014690 -0.028291
0.017666 -0.030833
0.020951 -0.033343
0.024550 -0.035806
0.028413 -0.038193
0.032577 -0.040515
0.037015 -0.042760
0.041699 -0.044923
0.046653 -0.047014
0.051847 -0.049016
0.057278 -0.050934
0.062949 -0.052772
0.068836 -0.054523
0.074945 -0.056199
0.081268 -0.057797
0.087791 -0.059313
0.094518 -0.060759
0.101440 -0.062128
0.108549 -0.063420
0.115845 -0.064646
0.123321 -0.065799
0.130969 -0.066881
0.138790 -0.067903
0.146775 -0.068857
0.154919 -0.069753
0.163220 -0.070593
0.171672 -0.071368
0.180271 -0.072087
0.189012 -0.072753
0.197891 -0.073358
0.206903 -0.073917
0.216045 -0.074427
0.225310 -0.074872
0.234695 -0.075280
0.244196 -0.075634
0.253807 -0.075914
0.263525 -0.076166
0.273345 -0.076355
0.283261 -0.076434
0.293269 -0.076480
0.303365 -0.076506
0.313543 -0.076493
0.323799 -0.076369
0.334128 -0.076174
0.344524 -0.075950
0.354983 -0.075632
0.365499 -0.075242
0.376068 -0.074808
0.386684 -0.074291
0.397342 -0.073706
0.408038 -0.073069
0.418765 -0.072355
0.429520 -0.071575
0.440296 -0.070745
0.451089 -0.069846
0.461895 -0.068887
0.472707 -0.067879
0.483520 -0.066806
0.494332 -0.065683
0.505136 -0.064524
0.515929 -0.063320
0.526705 -0.062076
0.537460 -0.060802
0.548189 -0.059491
0.558887 -0.058150
0.569552 -0.056789
0.580176 -0.055401
0.590757 -0.053994
0.601290 -0.052574
0.611770 -0.051138
0.622193 -0.049691
0.632555 -0.048237
0.642851 -0.046776
0.653076 -0.045308
0.663226 -0.043835
0.673296 -0.042355
0.683283 -0.040873
0.693181 -0.039394
0.702988 -0.037919
0.712698 -0.036448
0.722307 -0.034981
0.731811 -0.033517
0.741206 -0.032060
0.750487 -0.030614
0.759652 -0.029180
0.768696 -0.027759
0.777616 -0.026357
0.786408 -0.024974
0.795067 -0.023610
0.803592 -0.022273
0.811978 -0.020964
0.820221 -0.019683
0.828320 -0.018436
0.836270 -0.017227
0.844067 -0.016053
0.851710 -0.014920
0.859194 -0.013828
0.866515 -0.012776
0.873672 -0.011770
0.880661 -0.010812
0.887479 -0.009896
0.894123 -0.009032
0.900590 -0.008226
0.906878 -0.007467
0.912983 -0.006763
0.918902 -0.006119
0.924634 -0.005524
0.930174 -0.004982
0.935520 -0.004494
0.940669 -0.004046
0.945618 -0.003651
0.950366 -0.003321
0.954910 -0.003031
0.959248 -0.002791
0.963377 -0.002615
0.967295 -0.002488
0.970999 -0.002382
0.974487 -0.002279
0.977757 -0.002182
0.980808 -0.002092
0.983638 -0.002011
0.986248 -0.001949
0.988634 -0.001885
0.990793 -0.001800
0.992725 -0.001658
0.994430 -0.001492
0.995907 -0.001341
0.997156 -0.001194
0.998178 -0.001067
0.998974 -0.000975
0.999544 -0.000916
0.999886 -0.000881
1.000000 -0.000870