ah93w300
1.000000 0.000400
0.999888 0.000446
0.999551 0.000583
0.998991 0.000814
0.998211 0.001146
0.997212 0.001581
0.995992 0.002113
0.994549 0.002735
0.992885 0.003454
0.990993 0.004241
0.988859 0.005061
0.986482 0.005916
0.983873 0.006823
0.981042 0.007804
0.977985 0.008847
0.974700 0.009940
0.971186 0.011069
0.967442 0.012233
0.963474 0.013444
0.959289 0.014712
0.954886 0.016029
0.950267 0.017399
0.945437 0.018827
0.940397 0.020309
0.935149 0.021845
0.929696 0.023436
0.924041 0.025080
0.918185 0.026778
0.912134 0.028533
0.905889 0.030345
0.899453 0.032209
0.892827 0.034121
0.886014 0.036082
0.879019 0.038091
0.871844 0.040149
0.864493 0.042256
0.856967 0.044406
0.849271 0.046597
0.841406 0.048826
0.833376 0.051095
0.825187 0.053403
0.816841 0.055750
0.808341 0.058132
0.799692 0.060549
0.790896 0.062998
0.781958 0.065478
0.772881 0.067984
0.763669 0.070516
0.754326 0.073072
0.744855 0.075649
0.735261 0.078248
0.725547 0.080862
0.715716 0.083483
0.705773 0.086114
0.695721 0.088749
0.685565 0.091387
0.675310 0.094027
0.664958 0.096662
0.654512 0.099285
0.643980 0.101900
0.633362 0.104496
0.622664 0.107066
0.611890 0.109614
0.601043 0.112131
0.590129 0.114610
0.579152 0.117056
0.568116 0.119458
0.557027 0.121814
0.545888 0.124128
0.534705 0.126384
0.523481 0.128579
0.512222 0.130718
0.500932 0.132783
0.489616 0.134774
0.478279 0.136694
0.466926 0.138529
0.455563 0.140284
0.444194 0.141961
0.432827 0.143538
0.421465 0.145035
0.410113 0.146440
0.398778 0.147724
0.387465 0.148920
0.376178 0.150002
0.364924 0.150938
0.353708 0.151789
0.342537 0.152487
0.331417 0.153030
0.320352 0.153507
0.309352 0.153729
0.298423 0.153725
0.287569 0.153710
0.276802 0.153676
0.266124 0.153362
0.255543 0.152813
0.245071 0.152197
0.234708 0.151385
0.224466 0.150418
0.214355 0.149313
0.204376 0.148007
0.194544 0.146566
0.184859 0.144961
0.175332 0.143186
0.165975 0.141280
0.156786 0.139201
0.147780 0.136973
0.138965 0.134604
0.130343 0.132069
0.121934 0.129399
0.113734 0.126572
0.105759 0.123595
0.098025 0.120479
0.090525 0.117204
0.083286 0.113803
0.076300 0.110266
0.069582 0.106599
0.063152 0.102823
0.056992 0.098924
0.051145 0.094925
0.045593 0.090825
0.040357 0.086627
0.035473 0.082351
0.030893 0.077992
0.026712 0.073565
0.022907 0.069070
0.019452 0.064525
0.016446 0.059988
0.013787 0.055449
0.011452 0.050954
0.009482 0.046572
0.007791 0.042308
0.006318 0.038169
0.005077 0.034197
0.004068 0.030421
0.003189 0.026836
0.002424 0.023445
0.001800 0.020265
0.001329 0.017305
0.001008 0.014573
0.000750 0.012064
0.000528 0.009780
0.000350 0.007729
0.000216 0.005917
0.000122 0.004345
0.000061 0.003015
0.000026 0.001929
0.000008 0.001084
0.000002 0.000482
0.000000 0.000120
0.000000 0.000000
0.000000 -0.000120
0.000001 -0.000481
0.000007 -0.001083
0.000022 -0.001925
0.000052 -0.003006
0.000105 -0.004327
0.000187 -0.005885
0.000306 -0.007679
0.000467 -0.009705
0.000671 -0.011961
0.000917 -0.014442
0.001215 -0.017142
0.001689 -0.020068
0.002362 -0.023210
0.003213 -0.026550
0.004198 -0.030066
0.005371 -0.033751
0.006847 -0.037606
0.008594 -0.041588
0.010583 -0.045653
0.012947 -0.049813
0.015664 -0.054022
0.018685 -0.058227
0.022119 -0.062435
0.025907 -0.066608
0.030024 -0.070717
0.034524 -0.074768
0.039321 -0.078748
0.044439 -0.082659
0.049865 -0.086494
0.055559 -0.090248
0.061547 -0.093925
0.067792 -0.097519
0.074290 -0.101041
0.081044 -0.104477
0.088035 -0.107806
0.095273 -0.111044
0.102741 -0.114167
0.110433 -0.117174
0.118349 -0.120072
0.126473 -0.122832
0.134806 -0.125480
0.143340 -0.127991
0.152063 -0.130341
0.160980 -0.132564
0.170074 -0.134616
0.179341 -0.136507
0.188778 -0.138252
0.198367 -0.139802
0.208110 -0.141214
0.217995 -0.142456
0.228012 -0.143490
0.238159 -0.144410
0.248424 -0.145111
0.258799 -0.145605
0.269280 -0.146004
0.279855 -0.146149
0.290518 -0.146081
0.301264 -0.145922
0.312080 -0.145690
0.322963 -0.145176
0.333905 -0.144445
0.344895 -0.143625
0.355932 -0.142600
0.367005 -0.141414
0.378108 -0.140107
0.389236 -0.138616
0.400382 -0.136991
0.411541 -0.135252
0.422708 -0.133362
0.433876 -0.131359
0.445040 -0.129240
0.456194 -0.126993
0.467335 -0.124653
0.478456 -0.122214
0.489555 -0.119676
0.500632 -0.117081
0.511681 -0.114429
0.522699 -0.111718
0.533685 -0.108973
0.544633 -0.106194
0.555539 -0.103382
0.566402 -0.100551
0.577214 -0.097700
0.587973 -0.094833
0.598678 -0.091968
0.609324 -0.089106
0.619906 -0.086248
0.630423 -0.083406
0.640870 -0.080581
0.651242 -0.077775
0.661537 -0.075000
0.671752 -0.072259
0.681882 -0.069551
0.691923 -0.066886
0.701871 -0.064263
0.711723 -0.061683
0.721474 -0.059154
0.731120 -0.056674
0.740656 -0.054246
0.750082 -0.051880
0.759392 -0.049577
0.768582 -0.047335
0.777647 -0.045154
0.786582 -0.043032
0.795383 -0.040969
0.804048 -0.038976
0.812573 -0.037050
0.820954 -0.035191
0.829186 -0.033404
0.837266 -0.031687
0.845191 -0.030038
0.852957 -0.028468
0.860560 -0.026974
0.867998 -0.025552
0.875265 -0.024209
0.882358 -0.022940
0.889275 -0.021742
0.896011 -0.020627
0.902564 -0.019594
0.908931 -0.018633
0.915107 -0.017755
0.921089 -0.016954
0.926875 -0.016222
0.932461 -0.015570
0.937844 -0.014991
0.943020 -0.014473
0.947988 -0.014036
0.952743 -0.013667
0.957284 -0.013352
0.961607 -0.013115
0.965709 -0.012930
0.969590 -0.012782
0.973244 -0.012720
0.976671 -0.012728
0.979869 -0.012750
0.982835 -0.012779
0.985569 -0.012824
0.988069 -0.012895
0.990332 -0.012978
0.992357 -0.013097
0.994145 -0.013242
0.995696 -0.013368
0.997010 -0.013472
0.998085 -0.013557
0.998922 -0.013619
0.999521 -0.013660
0.999880 -0.013683
1.000000 -0.013690