ah94145
1.000200 -0.001610
1.000086 -0.001585
0.999744 -0.001508
0.999173 -0.001380
0.998376 -0.001201
0.997351 -0.000969
0.996100 -0.000683
0.994623 -0.000342
0.992923 0.000056
0.991000 0.000513
0.988855 0.001032
0.986491 0.001617
0.983909 0.002267
0.981109 0.002981
0.978093 0.003756
0.974859 0.004586
0.971412 0.005476
0.967753 0.006429
0.963883 0.007441
0.959805 0.008512
0.955518 0.009639
0.951026 0.010824
0.946330 0.012066
0.941434 0.013367
0.936339 0.014725
0.931047 0.016141
0.925562 0.017615
0.919886 0.019146
0.914020 0.020731
0.907968 0.022371
0.901732 0.024065
0.895315 0.025812
0.888720 0.027610
0.881949 0.029460
0.875006 0.031360
0.867894 0.033310
0.860616 0.035309
0.853175 0.037355
0.845575 0.039448
0.837818 0.041586
0.829909 0.043768
0.821849 0.045991
0.813643 0.048254
0.805295 0.050558
0.796808 0.052902
0.788186 0.055285
0.779434 0.057707
0.770555 0.060165
0.761552 0.062656
0.752428 0.065175
0.743189 0.067726
0.733839 0.070313
0.724383 0.072930
0.714822 0.075568
0.705161 0.078229
0.695403 0.080907
0.685552 0.083603
0.675612 0.086304
0.665585 0.089009
0.655472 0.091704
0.645279 0.094387
0.635005 0.097037
0.624652 0.099648
0.614222 0.102196
0.603716 0.104673
0.593138 0.107062
0.582491 0.109362
0.571778 0.111540
0.561002 0.113597
0.550169 0.115514
0.539284 0.117293
0.528356 0.118939
0.517390 0.120432
0.506391 0.121784
0.495368 0.122981
0.484328 0.124037
0.473278 0.124957
0.462224 0.125722
0.451173 0.126350
0.440132 0.126828
0.429108 0.127181
0.418108 0.127350
0.407139 0.127419
0.396206 0.127322
0.385316 0.127130
0.374477 0.126774
0.363694 0.126311
0.352972 0.125712
0.342319 0.125013
0.331739 0.124195
0.321239 0.123275
0.310824 0.122249
0.300500 0.121123
0.290271 0.119904
0.280143 0.118592
0.270121 0.117193
0.260211 0.115705
0.250418 0.114136
0.240746 0.112484
0.231201 0.110755
0.221788 0.108944
0.212511 0.107066
0.203373 0.105123
0.194383 0.103113
0.185543 0.101032
0.176858 0.098891
0.168331 0.096695
0.159969 0.094443
0.151776 0.092133
0.143755 0.089770
0.135911 0.087365
0.128245 0.084916
0.120769 0.082420
0.113481 0.079878
0.106388 0.077299
0.099491 0.074688
0.092795 0.072045
0.086304 0.069375
0.080020 0.066679
0.073954 0.063957
0.068102 0.061211
0.062474 0.058448
0.057069 0.055672
0.051890 0.052884
0.046951 0.050085
0.042244 0.047276
0.037783 0.044466
0.033565 0.041659
0.029593 0.038860
0.025873 0.036080
0.022400 0.033319
0.019193 0.030586
0.016241 0.027881
0.013554 0.025224
0.011124 0.022617
0.008970 0.020069
0.007079 0.017593
0.005441 0.015211
0.004059 0.012937
0.002916 0.010784
0.002002 0.008775
0.001300 0.006928
0.000772 0.005259
0.000419 0.003787
0.000185 0.002522
0.000086 0.001477
0.000031 0.000655
0.000007 0.000071
0.000000 -0.000276
0.000000 -0.000390
0.000001 -0.000504
0.000012 -0.000844
0.000058 -0.001406
0.000158 -0.002183
0.000323 -0.003169
0.000667 -0.004359
0.001201 -0.005705
0.002025 -0.007176
0.003159 -0.008693
0.004648 -0.010193
0.006500 -0.011625
0.008683 -0.012957
0.011162 -0.014195
0.013921 -0.015340
0.016945 -0.016400
0.020215 -0.017387
0.023727 -0.018292
0.027475 -0.019124
0.031449 -0.019870
0.035649 -0.020554
0.040065 -0.021139
0.044697 -0.021656
0.049539 -0.022099
0.054582 -0.022458
0.059829 -0.022772
0.065272 -0.023031
0.070908 -0.023236
0.076734 -0.023413
0.082748 -0.023560
0.088946 -0.023683
0.095325 -0.023796
0.101883 -0.023887
0.108615 -0.023940
0.115520 -0.023976
0.122595 -0.024002
0.129835 -0.024010
0.137238 -0.023990
0.144801 -0.023948
0.152519 -0.023899
0.160390 -0.023829
0.168410 -0.023739
0.176576 -0.023642
0.184883 -0.023533
0.193329 -0.023410
0.201908 -0.023273
0.210618 -0.023119
0.219455 -0.022953
0.228415 -0.022776
0.237493 -0.022587
0.246686 -0.022388
0.255989 -0.022178
0.265399 -0.021956
0.274911 -0.021722
0.284521 -0.021478
0.294225 -0.021227
0.304019 -0.020968
0.313897 -0.020701
0.323856 -0.020425
0.333892 -0.020143
0.343999 -0.019856
0.354174 -0.019560
0.364411 -0.019251
0.374707 -0.018934
0.385056 -0.018613
0.395454 -0.018285
0.405897 -0.017953
0.416380 -0.017614
0.426898 -0.017264
0.437446 -0.016903
0.448019 -0.016538
0.458614 -0.016169
0.469225 -0.015790
0.479848 -0.015400
0.490477 -0.015005
0.501109 -0.014606
0.511738 -0.014201
0.522360 -0.013790
0.532969 -0.013371
0.543562 -0.012943
0.554133 -0.012507
0.564678 -0.012067
0.575192 -0.011621
0.585671 -0.011169
0.596109 -0.010714
0.606502 -0.010259
0.616847 -0.009804
0.627137 -0.009352
0.637369 -0.008902
0.647539 -0.008457
0.657641 -0.008016
0.667671 -0.007585
0.677625 -0.007163
0.687498 -0.006751
0.697287 -0.006348
0.706986 -0.005955
0.716592 -0.005573
0.726099 -0.005201
0.735505 -0.004834
0.744803 -0.004475
0.753992 -0.004121
0.763065 -0.003771
0.772020 -0.003425
0.780851 -0.003077
0.789555 -0.002726
0.798129 -0.002374
0.806568 -0.002024
0.814869 -0.001675
0.823028 -0.001334
0.831041 -0.001003
0.838906 -0.000682
0.846619 -0.000373
0.854175 -0.000074
0.861573 0.000211
0.868809 0.000470
0.875879 0.000714
0.882781 0.000934
0.889511 0.001117
0.896067 0.001286
0.902446 0.001427
0.908644 0.001511
0.914659 0.001557
0.920488 0.001592
0.926128 0.001609
0.931577 0.001592
0.936831 0.001515
0.941889 0.001402
0.946747 0.001280
0.951404 0.001125
0.955857 0.000927
0.960104 0.000705
0.964142 0.000476
0.967971 0.000224
0.971588 -0.000050
0.974993 -0.000337
0.978181 -0.000625
0.981154 -0.000918
0.983910 -0.001218
0.986448 -0.001518
0.988766 -0.001812
0.990863 -0.002094
0.992738 -0.002367
0.994393 -0.002627
0.995828 -0.002864
0.997041 -0.003073
0.998034 -0.003248
0.998807 -0.003388
0.999359 -0.003488
0.999690 -0.003550
0.999800 -0.003570