amsoil2
1.000000 0.002240
0.999887 0.002254
0.999548 0.002295
0.998984 0.002364
0.998195 0.002461
0.997180 0.002586
0.995941 0.002739
0.994478 0.002921
0.992792 0.003132
0.990884 0.003374
0.988755 0.003647
0.986406 0.003950
0.983837 0.004285
0.981050 0.004650
0.978046 0.005048
0.974827 0.005477
0.971394 0.005940
0.967750 0.006436
0.963895 0.006968
0.959832 0.007535
0.955563 0.008140
0.951090 0.008786
0.946414 0.009470
0.941539 0.010194
0.936466 0.010956
0.931197 0.011755
0.925735 0.012590
0.920083 0.013468
0.914244 0.014386
0.908219 0.015342
0.902011 0.016333
0.895623 0.017359
0.889058 0.018423
0.882320 0.019524
0.875409 0.020658
0.868330 0.021821
0.861085 0.023015
0.853678 0.024241
0.846112 0.025493
0.838388 0.026764
0.830511 0.028054
0.822483 0.029365
0.814310 0.030695
0.805993 0.032044
0.797538 0.033415
0.788947 0.034801
0.780223 0.036194
0.771370 0.037592
0.762391 0.038997
0.753290 0.040398
0.744069 0.041783
0.734732 0.043156
0.725285 0.044519
0.715732 0.045879
0.706078 0.047237
0.696326 0.048581
0.686479 0.049895
0.676540 0.051185
0.666515 0.052446
0.656408 0.053666
0.646222 0.054849
0.635963 0.055994
0.625635 0.057096
0.615244 0.058161
0.604793 0.059183
0.594288 0.060160
0.583734 0.061101
0.573134 0.061986
0.562494 0.062794
0.551817 0.063544
0.541110 0.064239
0.530378 0.064890
0.519627 0.065498
0.508862 0.066038
0.498086 0.066526
0.487304 0.066959
0.476524 0.067302
0.465747 0.067589
0.454982 0.067817
0.444232 0.067975
0.433503 0.068109
0.422801 0.068185
0.412129 0.068175
0.401492 0.068116
0.390897 0.068030
0.380348 0.067895
0.369849 0.067681
0.359407 0.067431
0.349024 0.067138
0.338707 0.066789
0.328460 0.066410
0.318288 0.065996
0.308194 0.065543
0.298184 0.065060
0.288263 0.064540
0.278434 0.063984
0.268703 0.063402
0.259073 0.062790
0.249549 0.062148
0.240135 0.061481
0.230837 0.060788
0.221657 0.060066
0.212599 0.059327
0.203667 0.058578
0.194866 0.057814
0.186199 0.057035
0.177670 0.056242
0.169283 0.055437
0.161042 0.054618
0.152952 0.053784
0.145015 0.052933
0.137234 0.052072
0.129615 0.051193
0.122162 0.050291
0.114879 0.049366
0.107764 0.048424
0.100827 0.047458
0.094073 0.046457
0.087507 0.045418
0.081119 0.044354
0.074920 0.043258
0.068922 0.042117
0.063138 0.040922
0.057569 0.039672
0.052173 0.038382
0.046974 0.037043
0.042004 0.035647
0.037288 0.034188
0.032845 0.032664
0.028681 0.031073
0.024720 0.029345
0.020990 0.027499
0.017544 0.025578
0.014415 0.023622
0.011622 0.021664
0.009138 0.019603
0.006975 0.017426
0.005170 0.015281
0.003627 0.013140
0.002634 0.011054
0.001888 0.009055
0.001269 0.007192
0.000790 0.005512
0.000448 0.004041
0.000225 0.002796
0.000095 0.001781
0.000031 0.000998
0.000006 0.000442
0.000000 0.000110
0.000000 0.000000
0.000000 -0.000110
0.000006 -0.000442
0.000032 -0.000997
0.000097 -0.001780
0.000230 -0.002794
0.000457 -0.004036
0.000806 -0.005500
0.001294 -0.007169
0.001927 -0.009012
0.002687 -0.010979
0.003744 -0.013020
0.005365 -0.015093
0.007246 -0.017155
0.009502 -0.019223
0.012079 -0.021093
0.014984 -0.022853
0.018232 -0.024586
0.021799 -0.026252
0.025639 -0.027806
0.029689 -0.029199
0.033945 -0.030453
0.038475 -0.031644
0.043264 -0.032767
0.048295 -0.033817
0.053544 -0.034793
0.058979 -0.035697
0.064594 -0.036533
0.070422 -0.037307
0.076454 -0.038025
0.082681 -0.038698
0.089090 -0.039338
0.095676 -0.039950
0.102446 -0.040528
0.109393 -0.041074
0.116513 -0.041593
0.123801 -0.042090
0.131255 -0.042563
0.138873 -0.043013
0.146649 -0.043445
0.154580 -0.043865
0.162662 -0.044268
0.170892 -0.044656
0.179267 -0.045033
0.187781 -0.045399
0.196431 -0.045753
0.205214 -0.046095
0.214126 -0.046427
0.223162 -0.046749
0.232318 -0.047059
0.241591 -0.047355
0.250976 -0.047639
0.260469 -0.047911
0.270066 -0.048166
0.279762 -0.048410
0.289554 -0.048639
0.299436 -0.048843
0.309405 -0.049022
0.319457 -0.049183
0.329585 -0.049318
0.339787 -0.049445
0.350057 -0.049556
0.360390 -0.049600
0.370783 -0.049600
0.381230 -0.049600
0.391727 -0.049598
0.402269 -0.049533
0.412851 -0.049409
0.423467 -0.049269
0.434115 -0.049084
0.444787 -0.048855
0.455480 -0.048593
0.466189 -0.048275
0.476908 -0.047917
0.487633 -0.047530
0.498359 -0.047100
0.509082 -0.046636
0.519795 -0.046140
0.530495 -0.045604
0.541176 -0.045024
0.551831 -0.044384
0.562458 -0.043697
0.573053 -0.042990
0.583610 -0.042262
0.594125 -0.041503
0.604591 -0.040703
0.615003 -0.039857
0.625359 -0.038977
0.635653 -0.038074
0.645881 -0.037142
0.656039 -0.036187
0.666122 -0.035216
0.676125 -0.034224
0.686045 -0.033219
0.695878 -0.032205
0.705618 -0.031179
0.715262 -0.030149
0.724808 -0.029121
0.734249 -0.028097
0.743582 -0.027071
0.752802 -0.026039
0.761904 -0.024996
0.770886 -0.023955
0.779744 -0.022931
0.788476 -0.021924
0.797077 -0.020933
0.805543 -0.019959
0.813872 -0.019007
0.822058 -0.018073
0.830099 -0.017160
0.837991 -0.016273
0.845731 -0.015412
0.853315 -0.014575
0.860741 -0.013764
0.868004 -0.012982
0.875102 -0.012226
0.882030 -0.011492
0.888787 -0.010788
0.895370 -0.010119
0.901776 -0.009490
0.908002 -0.008892
0.914045 -0.008325
0.919902 -0.007790
0.925571 -0.007288
0.931048 -0.006820
0.936331 -0.006376
0.941418 -0.005958
0.946307 -0.005568
0.950994 -0.005207
0.955478 -0.004875
0.959758 -0.004573
0.963830 -0.004297
0.967693 -0.004043
0.971345 -0.003809
0.974785 -0.003596
0.978010 -0.003401
0.981020 -0.003224
0.983812 -0.003064
0.986385 -0.002921
0.988739 -0.002793
0.990871 -0.002680
0.992782 -0.002583
0.994471 -0.002499
0.995936 -0.002429
0.997176 -0.002370
0.998192 -0.002323
0.998983 -0.002287
0.999548 -0.002261
0.999887 -0.002245
1.000000 -0.002240