amsoil1
1.000000 0.002210
0.999887 0.002225
0.999548 0.002272
0.998982 0.002348
0.998191 0.002456
0.997175 0.002595
0.995933 0.002766
0.994468 0.002969
0.992779 0.003205
0.990867 0.003476
0.988735 0.003782
0.986381 0.004124
0.983809 0.004501
0.981018 0.004914
0.978010 0.005363
0.974787 0.005849
0.971350 0.006373
0.967701 0.006935
0.963842 0.007536
0.959774 0.008176
0.955500 0.008857
0.951022 0.009583
0.946342 0.010352
0.941462 0.011163
0.936384 0.012017
0.931111 0.012911
0.925644 0.013846
0.919988 0.014828
0.914144 0.015854
0.908115 0.016922
0.901903 0.018030
0.895511 0.019176
0.888943 0.020366
0.882201 0.021598
0.875288 0.022867
0.868206 0.024171
0.860959 0.025512
0.853551 0.026891
0.845984 0.028303
0.838261 0.029745
0.830386 0.031222
0.822363 0.032731
0.814192 0.034261
0.805878 0.035803
0.797423 0.037364
0.788832 0.038939
0.780107 0.040521
0.771252 0.042108
0.762271 0.043701
0.753167 0.045298
0.743946 0.046900
0.734611 0.048508
0.725165 0.050110
0.715610 0.051693
0.705952 0.053264
0.696194 0.054816
0.686340 0.056342
0.676394 0.057846
0.666360 0.059322
0.656243 0.060757
0.646046 0.062157
0.635775 0.063518
0.625433 0.064836
0.615027 0.066118
0.604560 0.067353
0.594037 0.068531
0.583462 0.069663
0.572840 0.070736
0.562176 0.071744
0.551475 0.072698
0.540742 0.073582
0.529982 0.074398
0.519200 0.075154
0.508403 0.075836
0.497593 0.076465
0.486778 0.077028
0.475962 0.077493
0.465149 0.077894
0.454346 0.078224
0.443558 0.078480
0.432791 0.078711
0.422049 0.078836
0.411337 0.078836
0.400661 0.078823
0.390027 0.078800
0.379438 0.078684
0.368900 0.078448
0.358419 0.078180
0.347999 0.077863
0.337644 0.077481
0.327361 0.077057
0.317154 0.076571
0.307027 0.076025
0.296985 0.075439
0.287034 0.074794
0.277177 0.074100
0.267419 0.073375
0.257764 0.072615
0.248216 0.071815
0.238781 0.070979
0.229464 0.070098
0.220267 0.069176
0.211195 0.068227
0.202251 0.067255
0.193440 0.066255
0.184766 0.065230
0.176233 0.064184
0.167843 0.063117
0.159602 0.062028
0.151515 0.060914
0.143585 0.059776
0.135813 0.058617
0.128206 0.057432
0.120770 0.056219
0.113505 0.054981
0.106413 0.053720
0.099501 0.052431
0.092777 0.051108
0.086243 0.049755
0.079887 0.048387
0.073724 0.046988
0.067769 0.045546
0.062036 0.044051
0.056514 0.042506
0.051153 0.040936
0.045997 0.039325
0.041086 0.037660
0.036450 0.035930
0.032115 0.034134
0.028070 0.032261
0.024200 0.030274
0.020545 0.028199
0.017160 0.026072
0.014082 0.023925
0.011331 0.021786
0.008915 0.019683
0.006831 0.017593
0.005075 0.015347
0.003651 0.013158
0.002463 0.011065
0.001726 0.009078
0.001183 0.007224
0.000748 0.005545
0.000429 0.004071
0.000218 0.002819
0.000093 0.001797
0.000030 0.001007
0.000006 0.000446
0.000000 0.000111
0.000000 0.000000
0.000000 -0.000111
0.000006 -0.000446
0.000031 -0.001006
0.000097 -0.001794
0.000227 -0.002809
0.000449 -0.004049
0.000782 -0.005503
0.001238 -0.007149
0.001809 -0.008949
0.002665 -0.010862
0.003994 -0.012829
0.005618 -0.014880
0.007617 -0.016799
0.009966 -0.018451
0.012678 -0.020116
0.015748 -0.021760
0.019153 -0.023341
0.022853 -0.024811
0.026785 -0.026113
0.030868 -0.027187
0.035179 -0.028134
0.039767 -0.029011
0.044617 -0.029812
0.049705 -0.030531
0.055000 -0.031165
0.060463 -0.031713
0.066107 -0.032196
0.071955 -0.032632
0.077999 -0.033020
0.084232 -0.033365
0.090644 -0.033669
0.097235 -0.033941
0.104004 -0.034186
0.110948 -0.034406
0.118063 -0.034601
0.125344 -0.034774
0.132790 -0.034928
0.140396 -0.035068
0.148160 -0.035200
0.156078 -0.035326
0.164145 -0.035444
0.172359 -0.035557
0.180716 -0.035670
0.189212 -0.035784
0.197844 -0.035897
0.206607 -0.036008
0.215497 -0.036117
0.224511 -0.036222
0.233645 -0.036327
0.242895 -0.036433
0.252255 -0.036541
0.261724 -0.036649
0.271295 -0.036754
0.280965 -0.036859
0.290730 -0.036961
0.300585 -0.037055
0.310525 -0.037146
0.320548 -0.037230
0.330647 -0.037293
0.340819 -0.037340
0.351059 -0.037377
0.361362 -0.037403
0.371724 -0.037422
0.382140 -0.037436
0.392606 -0.037438
0.403116 -0.037389
0.413667 -0.037304
0.424253 -0.037213
0.434870 -0.037100
0.445512 -0.036964
0.456176 -0.036803
0.466855 -0.036603
0.477546 -0.036375
0.488243 -0.036120
0.498942 -0.035829
0.509638 -0.035511
0.520326 -0.035170
0.531001 -0.034798
0.541658 -0.034395
0.552292 -0.033952
0.562899 -0.033474
0.573473 -0.032973
0.584011 -0.032447
0.594507 -0.031892
0.604956 -0.031308
0.615354 -0.030688
0.625696 -0.030044
0.635978 -0.029384
0.646196 -0.028706
0.656344 -0.028008
0.666418 -0.027287
0.676413 -0.026543
0.686325 -0.025784
0.696151 -0.025021
0.705885 -0.024248
0.715524 -0.023468
0.725064 -0.022678
0.734498 -0.021878
0.743825 -0.021074
0.753041 -0.020277
0.762141 -0.019483
0.771121 -0.018694
0.779978 -0.017912
0.788707 -0.017134
0.797305 -0.016363
0.805767 -0.015606
0.814093 -0.014868
0.822276 -0.014147
0.830313 -0.013442
0.838202 -0.012756
0.845938 -0.012086
0.853517 -0.011431
0.860938 -0.010797
0.868196 -0.010189
0.875289 -0.009607
0.882213 -0.009047
0.888965 -0.008512
0.895543 -0.008004
0.901943 -0.007527
0.908163 -0.007073
0.914199 -0.006644
0.920049 -0.006239
0.925710 -0.005859
0.931179 -0.005504
0.936455 -0.005168
0.941534 -0.004848
0.946414 -0.004551
0.951093 -0.004277
0.955570 -0.004029
0.959841 -0.003808
0.963906 -0.003609
0.967762 -0.003428
0.971407 -0.003262
0.974839 -0.003112
0.978058 -0.002976
0.981061 -0.002855
0.983847 -0.002746
0.986415 -0.002649
0.988764 -0.002564
0.990892 -0.002489
0.992799 -0.002426
0.994483 -0.002372
0.995945 -0.002328
0.997183 -0.002291
0.998196 -0.002261
0.998985 -0.002239
0.999549 -0.002223
0.999887 -0.002213
1.000000 -0.002210