apex16
1.000000 -0.000093
0.999891 -0.000060
0.999562 0.000039
0.999016 0.000204
0.998250 0.000435
0.997267 0.000731
0.996065 0.001092
0.994646 0.001517
0.993011 0.002006
0.991158 0.002558
0.989091 0.003172
0.986808 0.003847
0.984311 0.004582
0.981601 0.005376
0.978679 0.006228
0.975545 0.007137
0.972202 0.008100
0.968650 0.009118
0.964890 0.010188
0.960925 0.011308
0.956754 0.012478
0.952381 0.013694
0.947807 0.014957
0.943033 0.016262
0.938061 0.017610
0.932893 0.018997
0.927532 0.020423
0.921978 0.021884
0.916236 0.023378
0.910305 0.024905
0.904189 0.026463
0.897887 0.028049
0.891404 0.029661
0.884742 0.031294
0.877904 0.032946
0.870892 0.034611
0.863709 0.036287
0.856359 0.037969
0.848844 0.039651
0.841168 0.041332
0.833331 0.043014
0.825337 0.044697
0.817191 0.046378
0.808895 0.048056
0.800455 0.049729
0.791875 0.051397
0.783159 0.053057
0.774313 0.054711
0.765338 0.056367
0.756237 0.058020
0.747015 0.059662
0.737675 0.061284
0.728221 0.062878
0.718657 0.064435
0.708986 0.065944
0.699213 0.067428
0.689342 0.068892
0.679377 0.070326
0.669322 0.071719
0.659183 0.073058
0.648965 0.074331
0.638672 0.075529
0.628307 0.076677
0.617873 0.077784
0.607378 0.078844
0.596827 0.079852
0.586227 0.080804
0.575584 0.081695
0.564902 0.082545
0.554183 0.083385
0.543434 0.084193
0.532660 0.084943
0.521865 0.085610
0.511055 0.086168
0.500236 0.086610
0.489409 0.087030
0.478581 0.087428
0.467757 0.087780
0.456944 0.088058
0.446148 0.088240
0.435374 0.088300
0.424626 0.088270
0.413907 0.088193
0.403224 0.088077
0.392581 0.087928
0.381987 0.087754
0.371445 0.087563
0.360961 0.087331
0.350537 0.086971
0.340177 0.086502
0.329889 0.085948
0.319679 0.085333
0.309551 0.084681
0.299512 0.084016
0.289564 0.083304
0.279708 0.082501
0.269952 0.081622
0.260302 0.080678
0.250763 0.079682
0.241342 0.078643
0.232044 0.077575
0.222870 0.076455
0.213819 0.075260
0.204900 0.074000
0.196117 0.072683
0.187479 0.071319
0.178989 0.069914
0.170654 0.068479
0.162478 0.067017
0.154450 0.065510
0.146575 0.063956
0.138862 0.062357
0.131321 0.060717
0.123960 0.059039
0.116784 0.057327
0.109801 0.055584
0.103015 0.053816
0.096412 0.052018
0.089976 0.050186
0.083721 0.048322
0.077661 0.046429
0.071809 0.044510
0.066173 0.042571
0.060762 0.040616
0.055581 0.038650
0.050635 0.036681
0.045927 0.034713
0.041414 0.032729
0.037084 0.030718
0.032965 0.028693
0.029078 0.026665
0.025438 0.024647
0.022053 0.022652
0.018929 0.020691
0.016065 0.018778
0.013458 0.016923
0.010966 0.015107
0.008624 0.013317
0.006557 0.011568
0.004836 0.009878
0.003483 0.008264
0.002488 0.006748
0.001705 0.005287
0.001036 0.003891
0.000547 0.002662
0.000241 0.001651
0.000081 0.000875
0.000017 0.000332
0.000002 0.000012
0.000001 -0.000093
0.000002 -0.000199
0.000019 -0.000521
0.000088 -0.001076
0.000265 -0.001877
0.000605 -0.002920
0.001155 -0.004164
0.001924 -0.005498
0.002857 -0.006707
0.004043 -0.007711
0.005754 -0.008709
0.007979 -0.009668
0.010632 -0.010548
0.013530 -0.011309
0.016436 -0.011929
0.019527 -0.012504
0.022860 -0.013048
0.026434 -0.013560
0.030246 -0.014039
0.034290 -0.014490
0.038556 -0.014921
0.043033 -0.015346
0.047705 -0.015782
0.052550 -0.016256
0.057579 -0.016745
0.062808 -0.017220
0.068232 -0.017685
0.073851 -0.018142
0.079660 -0.018595
0.085656 -0.019051
0.091835 -0.019517
0.098195 -0.020003
0.104730 -0.020517
0.111437 -0.021074
0.118310 -0.021687
0.125346 -0.022362
0.132546 -0.023082
0.139905 -0.023847
0.147421 -0.024655
0.155089 -0.025506
0.162907 -0.026398
0.170869 -0.027330
0.178973 -0.028300
0.187214 -0.029305
0.195583 -0.030409
0.204075 -0.031660
0.212689 -0.033005
0.221427 -0.034382
0.230289 -0.035724
0.239277 -0.036959
0.248393 -0.038009
0.257639 -0.038820
0.267009 -0.039592
0.276496 -0.040345
0.286090 -0.041035
0.295786 -0.041617
0.305573 -0.042041
0.315445 -0.042257
0.325395 -0.042264
0.335426 -0.042211
0.345533 -0.042119
0.355709 -0.041992
0.365947 -0.041836
0.376241 -0.041658
0.386586 -0.041463
0.396975 -0.041182
0.407408 -0.040766
0.417878 -0.040243
0.428382 -0.039645
0.438914 -0.039004
0.449470 -0.038351
0.460045 -0.037710
0.470634 -0.037026
0.481232 -0.036291
0.491835 -0.035516
0.502438 -0.034709
0.513037 -0.033882
0.523628 -0.033043
0.534204 -0.032191
0.544762 -0.031306
0.555297 -0.030396
0.565804 -0.029466
0.576280 -0.028524
0.586719 -0.027577
0.597118 -0.026631
0.607472 -0.025677
0.617775 -0.024711
0.628023 -0.023738
0.638213 -0.022764
0.648339 -0.021792
0.658399 -0.020829
0.668388 -0.019880
0.678300 -0.018933
0.688131 -0.017985
0.697877 -0.017043
0.707534 -0.016115
0.717098 -0.015206
0.726566 -0.014322
0.735934 -0.013470
0.745198 -0.012650
0.754353 -0.011851
0.763394 -0.011074
0.772319 -0.010319
0.781122 -0.009586
0.789799 -0.008875
0.798347 -0.008187
0.806762 -0.007520
0.815040 -0.006860
0.823175 -0.006175
0.831166 -0.005488
0.839009 -0.004820
0.846701 -0.004189
0.854238 -0.003613
0.861619 -0.003105
0.868840 -0.002679
0.875897 -0.002344
0.882788 -0.002094
0.889511 -0.001875
0.896061 -0.001678
0.902434 -0.001501
0.908628 -0.001343
0.914640 -0.001202
0.920466 -0.001077
0.926103 -0.000965
0.931549 -0.000865
0.936801 -0.000776
0.941857 -0.000697
0.946714 -0.000628
0.951370 -0.000564
0.955823 -0.000504
0.960072 -0.000450
0.964115 -0.000400
0.967950 -0.000354
0.971574 -0.000314
0.974988 -0.000278
0.978188 -0.000246
0.981174 -0.000218
0.983944 -0.000194
0.986497 -0.000173
0.988831 -0.000156
0.990947 -0.000141
0.992843 -0.000129
0.994517 -0.000120
0.995970 -0.000112
0.997200 -0.000105
0.998207 -0.000101
0.998991 -0.000097
0.999552 -0.000095
0.999888 -0.000093
1.000000 -0.000093