august160
1.000000 0.000000
0.999928 0.000106
0.999702 0.000419
0.999293 0.000873
0.998636 0.001217
0.997625 0.001451
0.996280 0.001655
0.994758 0.001931
0.993017 0.002248
0.991046 0.002602
0.988846 0.002999
0.986417 0.003437
0.983762 0.003915
0.980882 0.004436
0.977777 0.004998
0.974450 0.005602
0.970901 0.006247
0.967132 0.006934
0.963145 0.007661
0.958941 0.008424
0.954523 0.009224
0.949891 0.010065
0.945051 0.010953
0.940004 0.011887
0.934751 0.012859
0.929293 0.013861
0.923632 0.014895
0.917772 0.015965
0.911718 0.017080
0.905471 0.018236
0.899034 0.019427
0.892407 0.020643
0.885593 0.021887
0.878597 0.023162
0.871423 0.024470
0.864072 0.025808
0.856550 0.027180
0.848860 0.028592
0.841005 0.030039
0.832989 0.031523
0.824817 0.033044
0.816490 0.034602
0.808015 0.036195
0.799392 0.037822
0.790628 0.039481
0.781725 0.041176
0.772690 0.042910
0.763525 0.044679
0.754235 0.046489
0.744826 0.048343
0.735303 0.050243
0.725668 0.052179
0.715923 0.054141
0.706073 0.056131
0.696123 0.058153
0.686080 0.060210
0.675947 0.062303
0.665728 0.064422
0.655424 0.066555
0.645041 0.068701
0.634584 0.070870
0.624063 0.073074
0.613481 0.075316
0.602839 0.077574
0.592138 0.079826
0.581384 0.082076
0.570583 0.084333
0.559743 0.086613
0.548870 0.088917
0.537964 0.091220
0.527025 0.093496
0.516058 0.095748
0.505071 0.097993
0.494073 0.100247
0.483070 0.102512
0.472060 0.104756
0.461043 0.106950
0.450026 0.109106
0.439013 0.111221
0.428011 0.113297
0.417025 0.115342
0.406056 0.117320
0.395104 0.119208
0.384176 0.121024
0.373278 0.122756
0.362416 0.124411
0.351595 0.125997
0.340815 0.127456
0.330080 0.128778
0.319397 0.129996
0.308772 0.131060
0.298211 0.132040
0.287719 0.132901
0.277303 0.133436
0.266962 0.133780
0.256709 0.134010
0.246558 0.134037
0.236505 0.133754
0.226573 0.133260
0.216784 0.132587
0.207134 0.131423
0.197639 0.130001
0.188307 0.128458
0.179139 0.126643
0.170165 0.124631
0.161400 0.122357
0.152831 0.119839
0.144449 0.117245
0.136237 0.114589
0.128232 0.111804
0.120478 0.108843
0.112971 0.105658
0.105680 0.102378
0.098573 0.099118
0.091656 0.095837
0.084998 0.092458
0.078640 0.088907
0.072543 0.085234
0.066658 0.081573
0.060942 0.077992
0.055453 0.074412
0.050282 0.070748
0.045439 0.066953
0.040851 0.063139
0.036456 0.059422
0.032248 0.055798
0.028269 0.052232
0.024536 0.048712
0.021018 0.045256
0.017785 0.041838
0.014849 0.038446
0.012167 0.035097
0.009813 0.031807
0.007761 0.028578
0.005959 0.025429
0.004460 0.022402
0.003164 0.019512
0.002034 0.016764
0.001265 0.014186
0.000891 0.011789
0.000617 0.009553
0.000403 0.007519
0.000246 0.005717
0.000137 0.004165
0.000068 0.002866
0.000028 0.001818
0.000009 0.001015
0.000002 0.000448
0.000000 0.000112
0.000000 0.000000
0.000002 -0.000112
0.000024 -0.000447
0.000113 -0.001006
0.000324 -0.001780
0.000690 -0.002742
0.001180 -0.003831
0.001950 -0.005062
0.003092 -0.006376
0.004511 -0.007578
0.006312 -0.008609
0.008506 -0.009558
0.010885 -0.010494
0.013500 -0.011404
0.016353 -0.012295
0.019420 -0.013192
0.022713 -0.014088
0.026233 -0.014935
0.029980 -0.015710
0.033955 -0.016439
0.038144 -0.017133
0.042541 -0.017798
0.047150 -0.018433
0.051962 -0.019050
0.056975 -0.019653
0.062188 -0.020239
0.067596 -0.020814
0.073196 -0.021421
0.078987 -0.022008
0.084971 -0.022450
0.091150 -0.022733
0.097516 -0.022964
0.104058 -0.023236
0.110769 -0.023629
0.117649 -0.024056
0.124702 -0.024369
0.131926 -0.024546
0.139316 -0.024685
0.146863 -0.024851
0.154564 -0.025116
0.162416 -0.025417
0.170419 -0.025621
0.178569 -0.025706
0.186862 -0.025764
0.195293 -0.025836
0.203857 -0.025984
0.212552 -0.026173
0.221373 -0.026287
0.230318 -0.026301
0.239382 -0.026308
0.248560 -0.026318
0.257849 -0.026360
0.267244 -0.026441
0.276742 -0.026497
0.286338 -0.026484
0.296027 -0.026436
0.305807 -0.026389
0.315671 -0.026367
0.325616 -0.026355
0.335637 -0.026339
0.345730 -0.026298
0.355891 -0.026206
0.366114 -0.026100
0.376395 -0.026016
0.386731 -0.025945
0.397115 -0.025868
0.407544 -0.025764
0.418012 -0.025622
0.428516 -0.025466
0.439050 -0.025326
0.449610 -0.025203
0.460192 -0.025077
0.470789 -0.024926
0.481398 -0.024739
0.492014 -0.024536
0.502632 -0.024345
0.513249 -0.024176
0.523858 -0.024007
0.534455 -0.023816
0.545034 -0.023588
0.555593 -0.023341
0.566125 -0.023101
0.576627 -0.022881
0.587094 -0.022664
0.597521 -0.022431
0.607903 -0.022167
0.618234 -0.021884
0.628512 -0.021604
0.638733 -0.021343
0.648890 -0.021089
0.658980 -0.020820
0.668996 -0.020516
0.678936 -0.020185
0.688795 -0.019853
0.698569 -0.019540
0.708254 -0.019238
0.717845 -0.018924
0.727336 -0.018583
0.736725 -0.018217
0.746006 -0.017841
0.755177 -0.017473
0.764234 -0.017108
0.773171 -0.016734
0.781985 -0.016338
0.790671 -0.015923
0.799225 -0.015487
0.807643 -0.015027
0.815922 -0.014536
0.824057 -0.014023
0.832046 -0.013504
0.839886 -0.012975
0.847572 -0.012435
0.855100 -0.011885
0.862469 -0.011322
0.869673 -0.010750
0.876712 -0.010174
0.883580 -0.009591
0.890275 -0.009005
0.896796 -0.008430
0.903140 -0.007868
0.909303 -0.007318
0.915283 -0.006780
0.921078 -0.006256
0.926685 -0.005747
0.932101 -0.005253
0.937324 -0.004773
0.942352 -0.004309
0.947184 -0.003871
0.951817 -0.003464
0.956249 -0.003083
0.960479 -0.002729
0.964504 -0.002403
0.968322 -0.002099
0.971933 -0.001828
0.975334 -0.001591
0.978523 -0.001378
0.981501 -0.001202
0.984264 -0.001070
0.986812 -0.000959
0.989143 -0.000883
0.991255 -0.000850
0.993148 -0.000831
0.994821 -0.000822
0.996282 -0.000822
0.997560 -0.000837
0.998550 -0.000849
0.999232 -0.000761
0.999671 -0.000378
0.999919 -0.000093
1.000000 0.000000