fx2
1.000000 0.000000
0.999897 0.000056
0.999587 0.000222
0.999069 0.000498
0.998343 0.000879
0.997404 0.001355
0.996247 0.001906
0.994861 0.002505
0.993243 0.003152
0.991392 0.003845
0.989309 0.004584
0.986998 0.005376
0.984473 0.006244
0.981749 0.007216
0.978816 0.008269
0.975670 0.009392
0.972314 0.010588
0.968749 0.011856
0.964978 0.013198
0.961004 0.014617
0.956825 0.016105
0.952443 0.017659
0.947862 0.019284
0.943087 0.020987
0.938123 0.022776
0.932977 0.024662
0.927651 0.026646
0.922145 0.028719
0.916462 0.030883
0.910605 0.033138
0.904580 0.035486
0.898389 0.037927
0.892039 0.040468
0.885536 0.043120
0.878881 0.045874
0.872070 0.048717
0.865103 0.051635
0.857975 0.054610
0.850686 0.057628
0.843247 0.060709
0.835663 0.063855
0.827934 0.067058
0.820060 0.070309
0.812042 0.073597
0.803879 0.076913
0.795596 0.080330
0.787201 0.083863
0.778677 0.087436
0.770009 0.090968
0.761176 0.094369
0.752158 0.097544
0.742943 0.100493
0.733549 0.103374
0.723991 0.106153
0.714280 0.108782
0.704433 0.111212
0.694463 0.113392
0.684375 0.115319
0.674148 0.117117
0.663797 0.118788
0.653340 0.120324
0.642794 0.121715
0.632180 0.122954
0.621505 0.124070
0.610756 0.125138
0.599941 0.126132
0.589068 0.127019
0.578148 0.127766
0.567189 0.128340
0.556196 0.128780
0.545167 0.129196
0.534111 0.129566
0.523034 0.129866
0.511945 0.130069
0.500850 0.130150
0.489754 0.130096
0.478658 0.129928
0.467570 0.129672
0.456495 0.129349
0.445442 0.128983
0.434416 0.128599
0.423421 0.128120
0.412461 0.127490
0.401541 0.126743
0.390668 0.125909
0.379849 0.125022
0.369091 0.124112
0.358395 0.123125
0.347764 0.122034
0.337207 0.120855
0.326729 0.119605
0.316337 0.118299
0.306037 0.116951
0.295831 0.115522
0.285721 0.114005
0.275716 0.112413
0.265821 0.110759
0.256043 0.109054
0.246387 0.107307
0.236854 0.105486
0.227447 0.103593
0.218173 0.101639
0.209038 0.099636
0.200047 0.097597
0.191205 0.095527
0.182510 0.093402
0.173967 0.091227
0.165583 0.089011
0.157364 0.086762
0.149314 0.084489
0.141436 0.082196
0.133720 0.079879
0.126178 0.077534
0.118823 0.075156
0.111664 0.072745
0.104711 0.070299
0.097965 0.067807
0.091419 0.065258
0.085076 0.062676
0.078936 0.060084
0.073004 0.057499
0.067279 0.054941
0.061738 0.052428
0.056376 0.049954
0.051228 0.047493
0.046323 0.045025
0.041683 0.042538
0.037321 0.040022
0.033113 0.037503
0.029083 0.034983
0.025331 0.032456
0.021930 0.029920
0.018929 0.027379
0.016331 0.024834
0.013790 0.022196
0.011304 0.019516
0.008989 0.016883
0.006922 0.014363
0.005145 0.012003
0.003676 0.009837
0.002508 0.007885
0.001620 0.006157
0.000978 0.004656
0.000541 0.003379
0.000266 0.002319
0.000111 0.001469
0.000036 0.000819
0.000007 0.000362
0.000000 0.000090
0.000000 0.000000
0.000001 -0.000090
0.000010 -0.000361
0.000051 -0.000813
0.000158 -0.001449
0.000377 -0.002271
0.000762 -0.003279
0.001370 -0.004472
0.002255 -0.005847
0.003462 -0.007393
0.005023 -0.009096
0.006944 -0.010932
0.009202 -0.012867
0.011732 -0.014854
0.014419 -0.016833
0.017088 -0.018724
0.019877 -0.020531
0.023047 -0.022308
0.026572 -0.024045
0.030406 -0.025738
0.034481 -0.027388
0.038707 -0.029002
0.043132 -0.030567
0.047811 -0.032079
0.052730 -0.033552
0.057871 -0.035008
0.063209 -0.036479
0.068719 -0.037998
0.074414 -0.039559
0.080304 -0.041138
0.086387 -0.042719
0.092661 -0.044283
0.099125 -0.045810
0.105778 -0.047279
0.112622 -0.048710
0.119652 -0.050109
0.126862 -0.051479
0.134246 -0.052821
0.141796 -0.054136
0.149505 -0.055428
0.157376 -0.056702
0.165405 -0.057955
0.173589 -0.059181
0.181923 -0.060376
0.190401 -0.061535
0.199019 -0.062656
0.207775 -0.063758
0.216665 -0.064838
0.225686 -0.065885
0.234832 -0.066889
0.244098 -0.067836
0.253481 -0.068721
0.262977 -0.069580
0.272582 -0.070412
0.282292 -0.071202
0.292101 -0.071932
0.302004 -0.072586
0.311996 -0.073152
0.322074 -0.073704
0.332234 -0.074241
0.342470 -0.074729
0.352776 -0.075133
0.363147 -0.075419
0.373578 -0.075556
0.384066 -0.075642
0.394607 -0.075715
0.405194 -0.075775
0.415820 -0.075818
0.426481 -0.075844
0.437169 -0.075844
0.447886 -0.075683
0.458626 -0.075334
0.469380 -0.074838
0.480140 -0.074236
0.490895 -0.073571
0.501638 -0.072882
0.512367 -0.072017
0.523079 -0.070918
0.533769 -0.069643
0.544431 -0.068248
0.555060 -0.066791
0.565650 -0.065326
0.576205 -0.063835
0.586724 -0.062260
0.597191 -0.060594
0.607591 -0.058827
0.617910 -0.056952
0.628135 -0.054959
0.638248 -0.052760
0.648247 -0.050283
0.658145 -0.047630
0.667957 -0.044899
0.677695 -0.042186
0.687371 -0.039581
0.696989 -0.037127
0.706521 -0.034698
0.715964 -0.032301
0.725318 -0.029962
0.734583 -0.027708
0.743760 -0.025560
0.752847 -0.023538
0.761842 -0.021626
0.770735 -0.019803
0.779519 -0.018058
0.788186 -0.016377
0.796728 -0.014751
0.805136 -0.013168
0.813407 -0.011588
0.821537 -0.010022
0.829528 -0.008514
0.837380 -0.007103
0.845091 -0.005825
0.852662 -0.004711
0.860090 -0.003745
0.867371 -0.002865
0.874497 -0.002066
0.881460 -0.001340
0.888253 -0.000681
0.894870 -0.000085
0.901308 0.000482
0.907567 0.001063
0.913644 0.001609
0.919536 0.002073
0.925239 0.002418
0.930750 0.002616
0.936068 0.002674
0.941190 0.002710
0.946115 0.002739
0.950837 0.002759
0.955353 0.002773
0.959661 0.002779
0.963759 0.002770
0.967648 0.002705
0.971324 0.002595
0.974784 0.002457
0.978025 0.002304
0.981045 0.002146
0.983843 0.001984
0.986418 0.001758
0.988770 0.001487
0.990899 0.001211
0.992806 0.000953
0.994490 0.000728
0.995951 0.000541
0.997188 0.000381
0.998200 0.000246
0.998987 0.000139
0.999550 0.000062
0.999887 0.000015
1.000000 -0.000000