fx3
1.000000 0.000000
0.999896 0.000053
0.999583 0.000212
0.999060 0.000476
0.998328 0.000843
0.997384 0.001305
0.996223 0.001852
0.994841 0.002468
0.993236 0.003154
0.991407 0.003906
0.989355 0.004723
0.987081 0.005604
0.984591 0.006557
0.981891 0.007588
0.978975 0.008685
0.975842 0.009841
0.972495 0.011058
0.968936 0.012342
0.965171 0.013699
0.961205 0.015139
0.957037 0.016653
0.952665 0.018232
0.948094 0.019882
0.943329 0.021608
0.938374 0.023419
0.933237 0.025325
0.927921 0.027329
0.922425 0.029425
0.916752 0.031610
0.910904 0.033882
0.904884 0.036240
0.898694 0.038680
0.892335 0.041196
0.885807 0.043785
0.879116 0.046452
0.872270 0.049206
0.865277 0.052057
0.858147 0.055015
0.850889 0.058091
0.843509 0.061300
0.836007 0.064631
0.828380 0.068068
0.820625 0.071592
0.812738 0.075183
0.804714 0.078819
0.796591 0.082628
0.788395 0.086690
0.780094 0.090856
0.771648 0.094963
0.763015 0.098833
0.754152 0.102278
0.745016 0.105188
0.735617 0.107897
0.725992 0.110432
0.716178 0.112763
0.706214 0.114855
0.696143 0.116673
0.685993 0.118210
0.675715 0.119592
0.665314 0.120846
0.654809 0.121973
0.644219 0.122981
0.633565 0.123873
0.622859 0.124676
0.612089 0.125455
0.601258 0.126185
0.590374 0.126830
0.579445 0.127353
0.568479 0.127718
0.557479 0.127938
0.546448 0.128131
0.535392 0.128298
0.524317 0.128430
0.513230 0.128520
0.502137 0.128559
0.491044 0.128500
0.479953 0.128282
0.468870 0.127937
0.457801 0.127505
0.446753 0.127021
0.435733 0.126524
0.424744 0.125974
0.413790 0.125294
0.402876 0.124509
0.392010 0.123643
0.381197 0.122721
0.370444 0.121767
0.359754 0.120749
0.349129 0.119633
0.338577 0.118433
0.328104 0.117164
0.317717 0.115839
0.307422 0.114473
0.297220 0.113035
0.287114 0.111513
0.277112 0.109919
0.267220 0.108265
0.257443 0.106564
0.247787 0.104826
0.238252 0.103028
0.228842 0.101166
0.219564 0.099246
0.210423 0.097279
0.201428 0.095272
0.192581 0.093230
0.183883 0.091134
0.175337 0.088985
0.166948 0.086794
0.158723 0.084571
0.150667 0.082325
0.142783 0.080061
0.135066 0.077769
0.127522 0.075448
0.120160 0.073104
0.112985 0.070740
0.106004 0.068362
0.099218 0.065973
0.092616 0.063570
0.086208 0.061154
0.080005 0.058726
0.074015 0.056289
0.068246 0.053845
0.062685 0.051405
0.057311 0.048973
0.052152 0.046540
0.047230 0.044099
0.042564 0.041646
0.038166 0.039182
0.033948 0.036723
0.029883 0.034277
0.026076 0.031829
0.022603 0.029373
0.019514 0.026908
0.016839 0.024441
0.014285 0.021890
0.011753 0.019276
0.009374 0.016690
0.007235 0.014205
0.005389 0.011873
0.003857 0.009729
0.002635 0.007796
0.001704 0.006084
0.001029 0.004598
0.000570 0.003335
0.000281 0.002288
0.000117 0.001448
0.000037 0.000807
0.000007 0.000356
0.000000 0.000089
0.000000 0.000000
0.000001 -0.000089
0.000011 -0.000355
0.000053 -0.000801
0.000165 -0.001429
0.000395 -0.002241
0.000797 -0.003238
0.001432 -0.004420
0.002354 -0.005780
0.003610 -0.007311
0.005230 -0.008993
0.007217 -0.010799
0.009543 -0.012690
0.012134 -0.014613
0.014861 -0.016496
0.017542 -0.018250
0.020427 -0.019918
0.023694 -0.021540
0.027313 -0.023112
0.031232 -0.024631
0.035373 -0.026105
0.039649 -0.027546
0.044141 -0.028939
0.048878 -0.030283
0.053848 -0.031592
0.059034 -0.032883
0.064416 -0.034182
0.069973 -0.035511
0.075728 -0.036841
0.081680 -0.038167
0.087826 -0.039489
0.094160 -0.040807
0.100676 -0.042123
0.107370 -0.043443
0.114243 -0.044766
0.121292 -0.046088
0.128515 -0.047400
0.135907 -0.048696
0.143466 -0.049966
0.151187 -0.051208
0.159071 -0.052434
0.167111 -0.053643
0.175306 -0.054828
0.183648 -0.055985
0.192135 -0.057106
0.200762 -0.058192
0.209528 -0.059257
0.218427 -0.060298
0.227456 -0.061308
0.236610 -0.062280
0.245883 -0.063208
0.255272 -0.064090
0.264773 -0.064949
0.274383 -0.065781
0.284097 -0.066576
0.293909 -0.067325
0.303814 -0.068017
0.313808 -0.068653
0.323888 -0.069279
0.334048 -0.069883
0.344285 -0.070442
0.354592 -0.070933
0.364964 -0.071332
0.375397 -0.071628
0.385888 -0.071901
0.396431 -0.072155
0.407021 -0.072373
0.417652 -0.072538
0.428318 -0.072633
0.439015 -0.072641
0.449739 -0.072546
0.460485 -0.072361
0.471248 -0.072104
0.482020 -0.071794
0.492794 -0.071450
0.503566 -0.071082
0.514338 -0.070591
0.525103 -0.069960
0.535850 -0.069207
0.546568 -0.068352
0.557248 -0.067412
0.567879 -0.066402
0.578489 -0.065229
0.589068 -0.063857
0.599585 -0.062298
0.610011 -0.060561
0.620319 -0.058657
0.630479 -0.056591
0.640461 -0.054045
0.650281 -0.050963
0.659977 -0.047556
0.669582 -0.044031
0.679131 -0.040587
0.688655 -0.037412
0.698164 -0.034563
0.707610 -0.031805
0.716986 -0.029134
0.726287 -0.026561
0.735507 -0.024096
0.744640 -0.021749
0.753684 -0.019527
0.762638 -0.017411
0.771496 -0.015392
0.780249 -0.013465
0.788889 -0.011623
0.797408 -0.009863
0.805799 -0.008177
0.814059 -0.006530
0.822186 -0.004927
0.830178 -0.003401
0.838032 -0.001980
0.845746 -0.000687
0.853318 0.000456
0.860745 0.001480
0.868023 0.002430
0.875146 0.003300
0.882106 0.004085
0.888898 0.004780
0.895516 0.005383
0.901957 0.005937
0.908222 0.006495
0.914306 0.007006
0.920205 0.007425
0.925914 0.007716
0.931430 0.007852
0.936750 0.007838
0.941877 0.007743
0.946804 0.007594
0.951527 0.007410
0.956042 0.007209
0.960345 0.007003
0.964439 0.006787
0.968328 0.006524
0.972004 0.006217
0.975457 0.005877
0.978681 0.005511
0.981673 0.005128
0.984435 0.004719
0.986977 0.004223
0.989294 0.003676
0.991378 0.003117
0.993230 0.002575
0.994849 0.002071
0.996238 0.001613
0.997399 0.001165
0.998340 0.000761
0.999068 0.000432
0.999586 0.000193
0.999897 0.000048
1.000000 -0.000000