fx38153
1.000000 0.000000
0.999892 0.000042
0.999570 0.000167
0.999031 0.000374
0.998275 0.000657
0.997301 0.001013
0.996110 0.001444
0.994705 0.001956
0.993084 0.002544
0.991250 0.003210
0.989202 0.003953
0.986943 0.004774
0.984472 0.005671
0.981793 0.006648
0.978906 0.007705
0.975811 0.008838
0.972508 0.010037
0.968997 0.011302
0.965280 0.012633
0.961358 0.014030
0.957233 0.015488
0.952906 0.017009
0.948382 0.018594
0.943661 0.020244
0.938745 0.021956
0.933636 0.023727
0.928337 0.025558
0.922850 0.027448
0.917173 0.029385
0.911307 0.031360
0.905255 0.033376
0.899021 0.035433
0.892609 0.037536
0.886022 0.039688
0.879257 0.041859
0.872306 0.044019
0.865175 0.046180
0.857867 0.048332
0.850381 0.050455
0.842721 0.052555
0.834890 0.054629
0.826894 0.056667
0.818734 0.058678
0.810415 0.060650
0.801939 0.062565
0.793307 0.064425
0.784527 0.066237
0.775606 0.068005
0.766549 0.069736
0.757357 0.071422
0.748037 0.073046
0.738590 0.074612
0.729023 0.076125
0.719342 0.077589
0.709553 0.079014
0.699659 0.080389
0.689663 0.081690
0.679569 0.082914
0.669383 0.084080
0.659114 0.085206
0.648767 0.086305
0.638346 0.087362
0.627854 0.088348
0.617294 0.089261
0.606674 0.090121
0.596000 0.090944
0.585279 0.091749
0.574513 0.092514
0.563707 0.093202
0.552865 0.093816
0.541992 0.094377
0.531095 0.094896
0.520181 0.095399
0.509252 0.095859
0.498314 0.096229
0.487371 0.096527
0.476428 0.096778
0.465492 0.096982
0.454567 0.097180
0.443659 0.097339
0.432773 0.097389
0.421913 0.097345
0.411085 0.097259
0.400293 0.097160
0.389542 0.097034
0.378838 0.096864
0.368187 0.096644
0.357594 0.096293
0.347063 0.095849
0.336599 0.095393
0.326203 0.094931
0.315885 0.094424
0.305651 0.093839
0.295508 0.093131
0.285456 0.092345
0.275499 0.091547
0.265639 0.090740
0.255885 0.089884
0.246248 0.088938
0.236732 0.087871
0.227337 0.086738
0.218063 0.085603
0.208911 0.084462
0.199895 0.083269
0.191027 0.081978
0.182310 0.080569
0.173740 0.079112
0.165313 0.077673
0.157031 0.076238
0.148915 0.074745
0.140981 0.073136
0.133225 0.071417
0.125641 0.069665
0.118220 0.067940
0.110970 0.066210
0.103920 0.064407
0.097087 0.062471
0.090460 0.060440
0.084027 0.058398
0.077769 0.056399
0.071714 0.054381
0.065907 0.052265
0.060358 0.049995
0.055039 0.047659
0.049918 0.045370
0.044975 0.043154
0.040275 0.040916
0.035881 0.038563
0.031776 0.036082
0.027905 0.033606
0.024212 0.031247
0.020698 0.028980
0.017503 0.026683
0.014697 0.024263
0.012187 0.021786
0.009876 0.019419
0.007630 0.017265
0.005581 0.015234
0.004034 0.013196
0.002838 0.011116
0.001892 0.009100
0.001232 0.007248
0.000821 0.005596
0.000497 0.004108
0.000262 0.002829
0.000115 0.001789
0.000038 0.000994
0.000008 0.000437
0.000000 0.000108
0.000000 0.000000
0.000003 -0.000108
0.000047 -0.000437
0.000214 -0.000986
0.000577 -0.001730
0.001104 -0.002574
0.001913 -0.003446
0.003102 -0.004366
0.004479 -0.005396
0.005979 -0.006594
0.007688 -0.007885
0.009654 -0.009130
0.011945 -0.010234
0.014542 -0.011284
0.017339 -0.012417
0.020287 -0.013724
0.023436 -0.015106
0.026831 -0.016403
0.030506 -0.017545
0.034432 -0.018629
0.038555 -0.019774
0.042855 -0.021040
0.047353 -0.022350
0.052071 -0.023602
0.057022 -0.024748
0.062189 -0.025854
0.067546 -0.027003
0.073078 -0.028247
0.078799 -0.029521
0.084721 -0.030725
0.090853 -0.031814
0.097183 -0.032854
0.103689 -0.033926
0.110358 -0.035080
0.117199 -0.036260
0.124220 -0.037378
0.131425 -0.038392
0.138805 -0.039355
0.146345 -0.040329
0.154035 -0.041358
0.161878 -0.042401
0.169878 -0.043396
0.178034 -0.044306
0.186341 -0.045168
0.194789 -0.046020
0.203370 -0.046894
0.212083 -0.047768
0.220928 -0.048597
0.229903 -0.049350
0.239003 -0.050053
0.248220 -0.050746
0.257546 -0.051466
0.266980 -0.052195
0.276519 -0.052875
0.286163 -0.053466
0.295905 -0.054000
0.305740 -0.054511
0.315659 -0.055035
0.325661 -0.055563
0.335740 -0.056037
0.345896 -0.056412
0.356123 -0.056729
0.366414 -0.057011
0.376764 -0.057288
0.387169 -0.057570
0.397624 -0.057790
0.408124 -0.057900
0.418666 -0.057977
0.429244 -0.058023
0.439853 -0.058028
0.450488 -0.058012
0.461144 -0.057982
0.471816 -0.057925
0.482498 -0.057731
0.493187 -0.057451
0.503878 -0.057168
0.514565 -0.056858
0.525244 -0.056501
0.535908 -0.056091
0.546552 -0.055594
0.557173 -0.055030
0.567765 -0.054438
0.578325 -0.053817
0.588846 -0.053145
0.599321 -0.052405
0.609745 -0.051573
0.620114 -0.050660
0.630421 -0.049690
0.640665 -0.048662
0.650839 -0.047560
0.660932 -0.046377
0.670940 -0.045088
0.680859 -0.043697
0.690684 -0.042238
0.700413 -0.040718
0.710041 -0.039120
0.719557 -0.037449
0.728956 -0.035689
0.738235 -0.033836
0.747396 -0.031942
0.756440 -0.030037
0.765359 -0.028098
0.774153 -0.026148
0.782821 -0.024202
0.791356 -0.022245
0.799761 -0.020308
0.808038 -0.018422
0.816182 -0.016573
0.824189 -0.014768
0.832059 -0.013016
0.839782 -0.011299
0.847363 -0.009645
0.854804 -0.008095
0.862102 -0.006645
0.869252 -0.005279
0.876246 -0.003998
0.883080 -0.002785
0.889753 -0.001648
0.896263 -0.000617
0.902607 0.000316
0.908782 0.001165
0.914780 0.001920
0.920600 0.002594
0.926239 0.003200
0.931692 0.003705
0.936957 0.004121
0.942031 0.004484
0.946909 0.004738
0.951589 0.004873
0.956069 0.004973
0.960343 0.005025
0.964408 0.005002
0.968265 0.004872
0.971907 0.004692
0.975332 0.004487
0.978539 0.004199
0.981526 0.003872
0.984291 0.003538
0.986834 0.003176
0.989153 0.002799
0.991245 0.002420
0.993113 0.002032
0.994755 0.001654
0.996173 0.001305
0.997376 0.000994
0.998347 0.000705
0.999085 0.000442
0.999597 0.000207
0.999899 0.000052
1.000000 0.000000