fx61184
1.000000 0.000000
0.999909 0.000074
0.999633 0.000295
0.999160 0.000636
0.998459 0.001033
0.997508 0.001470
0.996310 0.001947
0.994900 0.002492
0.993263 0.003087
0.991396 0.003727
0.989307 0.004419
0.986991 0.005153
0.984451 0.005932
0.981693 0.006769
0.978718 0.007662
0.975523 0.008602
0.972109 0.009576
0.968474 0.010581
0.964622 0.011621
0.960556 0.012700
0.956278 0.013816
0.951789 0.014966
0.947090 0.016147
0.942183 0.017352
0.937070 0.018588
0.931758 0.019867
0.926249 0.021187
0.920544 0.022546
0.914646 0.023941
0.908555 0.025364
0.902277 0.026823
0.895819 0.028337
0.889185 0.029914
0.882376 0.031542
0.875392 0.033211
0.868236 0.034912
0.860911 0.036651
0.853424 0.038438
0.845778 0.040277
0.837977 0.042163
0.830023 0.044091
0.821919 0.046059
0.813670 0.048068
0.805279 0.050122
0.796751 0.052223
0.788091 0.054368
0.779302 0.056557
0.770387 0.058791
0.761352 0.061068
0.752199 0.063382
0.742930 0.065727
0.733551 0.068107
0.724065 0.070513
0.714474 0.072942
0.704785 0.075399
0.694996 0.077859
0.685108 0.080307
0.675128 0.082755
0.665056 0.085175
0.654891 0.087549
0.644640 0.089891
0.634306 0.092177
0.623888 0.094380
0.613393 0.096521
0.602825 0.098583
0.592190 0.100550
0.581490 0.102441
0.570733 0.104240
0.559924 0.105928
0.549066 0.107527
0.538167 0.109031
0.527235 0.110437
0.516274 0.111766
0.505289 0.112997
0.494287 0.114115
0.483272 0.115151
0.472251 0.116084
0.461230 0.116903
0.450213 0.117653
0.439208 0.118287
0.428220 0.118785
0.417252 0.119230
0.406314 0.119530
0.395411 0.119634
0.384546 0.119697
0.373728 0.119728
0.362964 0.119660
0.352255 0.119383
0.341611 0.119011
0.331037 0.118583
0.320537 0.118008
0.310119 0.117341
0.299789 0.116582
0.289551 0.115689
0.279412 0.114710
0.269375 0.113648
0.259446 0.112478
0.249633 0.111224
0.239941 0.109870
0.230373 0.108414
0.220935 0.106890
0.211630 0.105291
0.202463 0.103610
0.193444 0.101854
0.184577 0.100003
0.175864 0.098073
0.167309 0.096092
0.158913 0.094054
0.150685 0.091952
0.142635 0.089781
0.134763 0.087533
0.127077 0.085219
0.119582 0.082847
0.112278 0.080409
0.105173 0.077916
0.098271 0.075379
0.091570 0.072790
0.085083 0.070159
0.078809 0.067491
0.072749 0.064782
0.066918 0.062039
0.061316 0.059260
0.055940 0.056451
0.050799 0.053634
0.045882 0.050816
0.041199 0.047993
0.036770 0.045165
0.032583 0.042330
0.028641 0.039505
0.024952 0.036709
0.021493 0.033943
0.018293 0.031209
0.015360 0.028513
0.012660 0.025860
0.010244 0.023258
0.008104 0.020712
0.006189 0.018234
0.004594 0.015840
0.003280 0.013537
0.002139 0.011338
0.001325 0.009287
0.000879 0.007411
0.000564 0.005680
0.000327 0.004146
0.000167 0.002847
0.000072 0.001798
0.000023 0.000999
0.000005 0.000439
0.000000 0.000109
0.000000 0.000000
0.000003 -0.000109
0.000050 -0.000433
0.000228 -0.000968
0.000604 -0.001698
0.001109 -0.002595
0.001750 -0.003653
0.002617 -0.004858
0.003714 -0.006164
0.005032 -0.007511
0.006662 -0.008898
0.008575 -0.010317
0.010700 -0.011763
0.013086 -0.013227
0.015728 -0.014699
0.018594 -0.016179
0.021708 -0.017659
0.025060 -0.019140
0.028632 -0.020626
0.032436 -0.022110
0.036465 -0.023590
0.040710 -0.025064
0.045178 -0.026528
0.049861 -0.027988
0.054749 -0.029453
0.059845 -0.030916
0.065147 -0.032372
0.070649 -0.033817
0.076354 -0.035250
0.082255 -0.036670
0.088348 -0.038075
0.094633 -0.039465
0.101106 -0.040837
0.107762 -0.042194
0.114599 -0.043535
0.121614 -0.044851
0.128804 -0.046138
0.136166 -0.047401
0.143696 -0.048630
0.151391 -0.049820
0.159249 -0.050975
0.167263 -0.052093
0.175431 -0.053172
0.183748 -0.054217
0.192210 -0.055219
0.200814 -0.056175
0.209555 -0.057093
0.218430 -0.057962
0.227434 -0.058773
0.236563 -0.059540
0.245813 -0.060253
0.255178 -0.060904
0.264655 -0.061514
0.274239 -0.062063
0.283926 -0.062539
0.293710 -0.062977
0.303588 -0.063344
0.313553 -0.063620
0.323602 -0.063871
0.333730 -0.064041
0.343931 -0.064068
0.354200 -0.064053
0.364534 -0.064023
0.374924 -0.063963
0.385369 -0.063749
0.395862 -0.063423
0.406395 -0.063056
0.416966 -0.062577
0.427569 -0.061992
0.438195 -0.061334
0.448842 -0.060558
0.459502 -0.059664
0.470166 -0.058678
0.480832 -0.057555
0.491493 -0.056304
0.502140 -0.054958
0.512771 -0.053490
0.523379 -0.051901
0.533958 -0.050222
0.544502 -0.048431
0.555008 -0.046534
0.565474 -0.044578
0.575897 -0.042557
0.586270 -0.040468
0.596598 -0.038355
0.606875 -0.036225
0.617097 -0.034069
0.627265 -0.031923
0.637378 -0.029803
0.647429 -0.027697
0.657419 -0.025628
0.667344 -0.023612
0.677200 -0.021636
0.686983 -0.019716
0.696692 -0.017863
0.706320 -0.016071
0.715863 -0.014339
0.725316 -0.012670
0.734674 -0.011056
0.743934 -0.009506
0.753092 -0.008030
0.762144 -0.006617
0.771084 -0.005272
0.779910 -0.004001
0.788616 -0.002794
0.797198 -0.001654
0.805652 -0.000590
0.813974 0.000409
0.822160 0.001342
0.830206 0.002202
0.838107 0.003001
0.845860 0.003738
0.853461 0.004397
0.860906 0.004987
0.868193 0.005518
0.875315 0.005976
0.882270 0.006375
0.889055 0.006726
0.895666 0.006995
0.902098 0.007203
0.908351 0.007378
0.914419 0.007467
0.920300 0.007466
0.925990 0.007451
0.931487 0.007428
0.936787 0.007368
0.941890 0.007219
0.946790 0.007029
0.951485 0.006817
0.955974 0.006542
0.960253 0.006230
0.964320 0.005898
0.968174 0.005526
0.971813 0.005129
0.975232 0.004717
0.978433 0.004274
0.981415 0.003833
0.984181 0.003422
0.986731 0.003040
0.989058 0.002666
0.991159 0.002287
0.993037 0.001911
0.994687 0.001542
0.996107 0.001183
0.997294 0.000820
0.998263 0.000508
0.999021 0.000278
0.999564 0.000122
0.999891 0.000030
1.000000 -0.000000