fx63137sm
1.000000 0.000000
0.999897 0.000056
0.999589 0.000224
0.999075 0.000502
0.998354 0.000890
0.997425 0.001384
0.996286 0.001975
0.994932 0.002655
0.993365 0.003428
0.991584 0.004292
0.989588 0.005241
0.987375 0.006266
0.984945 0.007358
0.982295 0.008506
0.979424 0.009712
0.976331 0.010975
0.973017 0.012290
0.969483 0.013650
0.965731 0.015050
0.961765 0.016483
0.957582 0.017947
0.953179 0.019437
0.948560 0.020955
0.943729 0.022499
0.938690 0.024073
0.933450 0.025680
0.928009 0.027316
0.922364 0.028969
0.916519 0.030644
0.910477 0.032343
0.904245 0.034072
0.897829 0.035838
0.891231 0.037640
0.884449 0.039467
0.877488 0.041318
0.870352 0.043197
0.863044 0.045105
0.855570 0.047045
0.847933 0.049019
0.840135 0.051021
0.832178 0.053049
0.824068 0.055100
0.815806 0.057172
0.807395 0.059262
0.798841 0.061368
0.790148 0.063498
0.781317 0.065644
0.772354 0.067800
0.763259 0.069960
0.754037 0.072116
0.744690 0.074264
0.735226 0.076419
0.725646 0.078574
0.715954 0.080720
0.706155 0.082846
0.696250 0.084942
0.686243 0.087003
0.676140 0.089051
0.665946 0.091079
0.655663 0.093076
0.645297 0.095028
0.634852 0.096923
0.624330 0.098756
0.613738 0.100558
0.603080 0.102322
0.592360 0.104034
0.581584 0.105677
0.570758 0.107237
0.559885 0.108709
0.548969 0.110141
0.538016 0.111523
0.527031 0.112835
0.516021 0.114056
0.504991 0.115165
0.493947 0.116164
0.482890 0.117136
0.471827 0.118061
0.460765 0.118898
0.449710 0.119612
0.438670 0.120164
0.427648 0.120560
0.416647 0.120927
0.405672 0.121255
0.394732 0.121523
0.383833 0.121709
0.372981 0.121794
0.362182 0.121747
0.351438 0.121574
0.340757 0.121337
0.330146 0.121020
0.319607 0.120554
0.309149 0.120009
0.298777 0.119381
0.288495 0.118631
0.278310 0.117803
0.268227 0.116878
0.258252 0.115844
0.248390 0.114732
0.238647 0.113521
0.229027 0.112211
0.219539 0.110823
0.210184 0.109339
0.200968 0.107762
0.191901 0.106110
0.182982 0.104364
0.174219 0.102532
0.165620 0.100626
0.157185 0.098628
0.148922 0.096554
0.140838 0.094410
0.132933 0.092183
0.125214 0.089893
0.117686 0.087542
0.110349 0.085125
0.103210 0.082661
0.096271 0.080152
0.089534 0.077596
0.083007 0.075009
0.076686 0.072390
0.070579 0.069738
0.064699 0.067056
0.059035 0.064347
0.053607 0.061603
0.048431 0.058817
0.043488 0.055993
0.038819 0.053125
0.034426 0.050208
0.030295 0.047246
0.026473 0.044255
0.022941 0.041233
0.019688 0.038193
0.016754 0.035176
0.014096 0.032180
0.011705 0.029227
0.009606 0.026357
0.007752 0.023580
0.006120 0.020905
0.004741 0.018362
0.003591 0.015970
0.002576 0.013728
0.001764 0.011657
0.001192 0.009776
0.000806 0.008084
0.000489 0.006580
0.000257 0.005296
0.000113 0.004247
0.000037 0.003437
0.000008 0.002865
0.000000 0.002524
0.000000 0.002411
0.000001 0.002298
0.000010 0.001957
0.000051 0.001386
0.000153 0.000583
0.000348 -0.000440
0.000658 -0.001653
0.001081 -0.002989
0.001852 -0.004436
0.003137 -0.005955
0.004704 -0.007369
0.006652 -0.008669
0.008977 -0.009867
0.011523 -0.010948
0.014368 -0.011943
0.017455 -0.012869
0.020770 -0.013745
0.024325 -0.014569
0.028099 -0.015348
0.032094 -0.016094
0.036310 -0.016796
0.040737 -0.017452
0.045377 -0.018072
0.050226 -0.018647
0.055279 -0.019171
0.060536 -0.019660
0.065991 -0.020104
0.071642 -0.020503
0.077487 -0.020868
0.083520 -0.021193
0.089740 -0.021482
0.096144 -0.021744
0.102728 -0.021969
0.109488 -0.022164
0.116423 -0.022338
0.123528 -0.022474
0.130800 -0.022581
0.138236 -0.022674
0.145833 -0.022718
0.153586 -0.022713
0.161493 -0.022696
0.169549 -0.022671
0.177752 -0.022607
0.186096 -0.022478
0.194579 -0.022317
0.203197 -0.022130
0.211944 -0.021890
0.220818 -0.021612
0.229814 -0.021298
0.238928 -0.020929
0.248155 -0.020517
0.257492 -0.020061
0.266933 -0.019547
0.276474 -0.018984
0.286111 -0.018373
0.295839 -0.017702
0.305654 -0.016980
0.315550 -0.016211
0.325524 -0.015384
0.335571 -0.014510
0.345687 -0.013596
0.355866 -0.012633
0.366105 -0.011627
0.376399 -0.010583
0.386743 -0.009501
0.397134 -0.008387
0.407568 -0.007245
0.418039 -0.006083
0.428544 -0.004907
0.439079 -0.003719
0.449637 -0.002506
0.460214 -0.001271
0.470807 -0.000022
0.481411 0.001231
0.492022 0.002479
0.502638 0.003715
0.513251 0.004953
0.523856 0.006194
0.534450 0.007429
0.545029 0.008649
0.555589 0.009847
0.566126 0.011014
0.576634 0.012162
0.587109 0.013297
0.597546 0.014411
0.607941 0.015493
0.618289 0.016535
0.628587 0.017528
0.638830 0.018484
0.649013 0.019418
0.659132 0.020320
0.669181 0.021176
0.679157 0.021977
0.689055 0.022711
0.698871 0.023393
0.708601 0.024059
0.718239 0.024689
0.727782 0.025264
0.737224 0.025763
0.746562 0.026168
0.755790 0.026487
0.764906 0.026792
0.773905 0.027072
0.782782 0.027306
0.791532 0.027478
0.800151 0.027570
0.808634 0.027572
0.816980 0.027499
0.825185 0.027367
0.833243 0.027190
0.841148 0.026982
0.848896 0.026753
0.856482 0.026503
0.863909 0.026140
0.871171 0.025668
0.878262 0.025117
0.885177 0.024516
0.891912 0.023888
0.898462 0.023252
0.904829 0.022548
0.911012 0.021769
0.917003 0.020935
0.922799 0.020065
0.928394 0.019174
0.933786 0.018276
0.938978 0.017340
0.943967 0.016360
0.948750 0.015353
0.953323 0.014334
0.957685 0.013317
0.961832 0.012313
0.965765 0.011310
0.969486 0.010299
0.972993 0.009297
0.976284 0.008317
0.979361 0.007370
0.982221 0.006467
0.984866 0.005605
0.987294 0.004777
0.989508 0.003994
0.991508 0.003268
0.993296 0.002607
0.994872 0.002016
0.996237 0.001499
0.997389 0.001050
0.998329 0.000676
0.999061 0.000381
0.999582 0.000170
0.999896 0.000042
1.000000 0.000000