fx66s161
1.000000 0.000000
0.999889 0.000034
0.999556 0.000135
0.999000 0.000300
0.998219 0.000523
0.997215 0.000804
0.995987 0.001142
0.994534 0.001533
0.992858 0.001977
0.990958 0.002472
0.988838 0.003021
0.986496 0.003622
0.983933 0.004271
0.981150 0.004966
0.978147 0.005702
0.974925 0.006476
0.971484 0.007283
0.967826 0.008121
0.963951 0.008989
0.959862 0.009889
0.955561 0.010823
0.951052 0.011796
0.946339 0.012812
0.941420 0.013862
0.936298 0.014944
0.930976 0.016059
0.925456 0.017211
0.919742 0.018402
0.913837 0.019636
0.907744 0.020908
0.901464 0.022217
0.895000 0.023562
0.888355 0.024943
0.881533 0.026362
0.874537 0.027818
0.867369 0.029307
0.860033 0.030833
0.852534 0.032404
0.844878 0.034026
0.837065 0.035689
0.829097 0.037381
0.820975 0.039092
0.812705 0.040831
0.804293 0.042608
0.795744 0.044431
0.787062 0.046292
0.778247 0.048182
0.769303 0.050097
0.760235 0.052039
0.751046 0.054006
0.741741 0.055996
0.732323 0.058009
0.722798 0.060045
0.713169 0.062106
0.703441 0.064190
0.693618 0.066293
0.683704 0.068415
0.673704 0.070557
0.663620 0.072706
0.653454 0.074850
0.643212 0.076993
0.632900 0.079143
0.622524 0.081309
0.612090 0.083490
0.601597 0.085663
0.591047 0.087808
0.580445 0.089933
0.569797 0.092035
0.559107 0.094116
0.548382 0.096184
0.537621 0.098205
0.526823 0.100146
0.515996 0.102020
0.505146 0.103837
0.494282 0.105609
0.483409 0.107350
0.472527 0.109010
0.461636 0.110546
0.450742 0.112001
0.439852 0.113337
0.428970 0.114534
0.418101 0.115659
0.407251 0.116609
0.396425 0.117314
0.385625 0.117924
0.374865 0.118339
0.364154 0.118494
0.353493 0.118588
0.342893 0.118636
0.332362 0.118549
0.321903 0.118156
0.311523 0.117626
0.301230 0.117061
0.291025 0.116345
0.280920 0.115510
0.270925 0.114546
0.261039 0.113396
0.251273 0.112131
0.241630 0.110765
0.232114 0.109259
0.222737 0.107644
0.213504 0.105908
0.204417 0.104040
0.195481 0.102089
0.186698 0.100057
0.178073 0.097930
0.169616 0.095730
0.161327 0.093445
0.153211 0.091081
0.145271 0.088665
0.137507 0.086198
0.129926 0.083675
0.122536 0.081103
0.115339 0.078475
0.108336 0.075802
0.101534 0.073101
0.094929 0.070369
0.088528 0.067610
0.082340 0.064830
0.076361 0.062026
0.070594 0.059209
0.065046 0.056391
0.059710 0.053574
0.054594 0.050759
0.049708 0.047951
0.045044 0.045149
0.040608 0.042365
0.036403 0.039611
0.032418 0.036890
0.028665 0.034204
0.025156 0.031557
0.021872 0.028953
0.018825 0.026401
0.016024 0.023910
0.013444 0.021486
0.011098 0.019138
0.008999 0.016877
0.007094 0.014715
0.005428 0.012653
0.004038 0.010692
0.002799 0.008844
0.001796 0.007126
0.001131 0.005555
0.000710 0.004127
0.000384 0.002863
0.000171 0.001817
0.000058 0.001011
0.000012 0.000444
0.000001 0.000110
0.000000 0.000000
0.000002 -0.000110
0.000028 -0.000442
0.000134 -0.000997
0.000380 -0.001766
0.000790 -0.002717
0.001330 -0.003779
0.002188 -0.004948
0.003384 -0.006197
0.004784 -0.007474
0.006458 -0.008774
0.008429 -0.010079
0.010630 -0.011368
0.013102 -0.012635
0.015833 -0.013887
0.018783 -0.015138
0.021974 -0.016381
0.025398 -0.017607
0.029046 -0.018807
0.032926 -0.019982
0.037028 -0.021140
0.041341 -0.022286
0.045871 -0.023419
0.050612 -0.024528
0.055562 -0.025606
0.060721 -0.026658
0.066081 -0.027690
0.071638 -0.028709
0.077391 -0.029711
0.083338 -0.030684
0.089476 -0.031620
0.095803 -0.032526
0.102313 -0.033407
0.109002 -0.034273
0.115868 -0.035120
0.122908 -0.035931
0.130119 -0.036698
0.137499 -0.037430
0.145043 -0.038133
0.152744 -0.038816
0.160602 -0.039479
0.168612 -0.040097
0.176772 -0.040658
0.185079 -0.041180
0.193526 -0.041666
0.202109 -0.042129
0.210825 -0.042572
0.219670 -0.042963
0.228640 -0.043293
0.237732 -0.043596
0.246940 -0.043822
0.256260 -0.043949
0.265689 -0.044049
0.275221 -0.044105
0.284849 -0.044069
0.294572 -0.043880
0.304383 -0.043620
0.314279 -0.043364
0.324255 -0.043068
0.334306 -0.042721
0.344426 -0.042311
0.354610 -0.041807
0.364855 -0.041234
0.375155 -0.040628
0.385508 -0.039976
0.395905 -0.039255
0.406338 -0.038444
0.416801 -0.037500
0.427293 -0.036468
0.437813 -0.035410
0.448354 -0.034313
0.458913 -0.033171
0.469483 -0.031994
0.480060 -0.030761
0.490640 -0.029499
0.501225 -0.028259
0.511812 -0.027054
0.522393 -0.025862
0.532962 -0.024670
0.543514 -0.023466
0.554044 -0.022264
0.564550 -0.021088
0.575031 -0.019954
0.585479 -0.018849
0.595888 -0.017755
0.606251 -0.016656
0.616565 -0.015562
0.626829 -0.014500
0.637038 -0.013487
0.647188 -0.012512
0.657273 -0.011568
0.667287 -0.010648
0.677227 -0.009751
0.687089 -0.008889
0.696869 -0.008074
0.706562 -0.007298
0.716163 -0.006556
0.725667 -0.005843
0.735071 -0.005157
0.744370 -0.004502
0.753560 -0.003883
0.762637 -0.003296
0.771597 -0.002740
0.780435 -0.002215
0.789147 -0.001713
0.797730 -0.001244
0.806180 -0.000825
0.814494 -0.000453
0.822667 -0.000115
0.830695 0.000200
0.838575 0.000505
0.846302 0.000785
0.853873 0.001019
0.861287 0.001213
0.868538 0.001378
0.875623 0.001506
0.882540 0.001609
0.889284 0.001708
0.895853 0.001794
0.902244 0.001863
0.908453 0.001909
0.914479 0.001929
0.920318 0.001924
0.925967 0.001901
0.931425 0.001867
0.936689 0.001824
0.941756 0.001777
0.946624 0.001729
0.951291 0.001677
0.955755 0.001610
0.960014 0.001532
0.964066 0.001447
0.967909 0.001358
0.971541 0.001269
0.974961 0.001180
0.978167 0.001087
0.981159 0.000989
0.983934 0.000889
0.986491 0.000789
0.988829 0.000690
0.990947 0.000594
0.992844 0.000502
0.994521 0.000411
0.995975 0.000323
0.997205 0.000240
0.998212 0.000167
0.998995 0.000105
0.999553 0.000049
0.999888 0.000012
1.000000 0.000000