fx73cl1152
1.000000 0.000000
0.999902 0.000068
0.999607 0.000269
0.999102 0.000573
0.998360 0.000911
0.997364 0.001276
0.996122 0.001672
0.994663 0.002131
0.992971 0.002629
0.991049 0.003167
0.988901 0.003758
0.986526 0.004391
0.983924 0.005065
0.981096 0.005778
0.978043 0.006528
0.974766 0.007313
0.971268 0.008135
0.967548 0.008989
0.963610 0.009877
0.959455 0.010803
0.955085 0.011763
0.950502 0.012757
0.945708 0.013783
0.940705 0.014838
0.935494 0.015925
0.930080 0.017044
0.924463 0.018192
0.918647 0.019375
0.912638 0.020602
0.906437 0.021870
0.900047 0.023179
0.893472 0.024530
0.886713 0.025921
0.879775 0.027353
0.872660 0.028825
0.865371 0.030337
0.857912 0.031886
0.850284 0.033465
0.842491 0.035075
0.834537 0.036716
0.826426 0.038389
0.818160 0.040093
0.809745 0.041829
0.801185 0.043603
0.792484 0.045412
0.783646 0.047256
0.774674 0.049132
0.765572 0.051042
0.756345 0.052983
0.746997 0.054954
0.737531 0.056956
0.727952 0.058986
0.718264 0.061040
0.708469 0.063115
0.698574 0.065214
0.688584 0.067336
0.678501 0.069482
0.668332 0.071649
0.658078 0.073832
0.647746 0.076032
0.637340 0.078246
0.626863 0.080470
0.616321 0.082706
0.605717 0.084949
0.595057 0.087194
0.584344 0.089443
0.573582 0.091692
0.562777 0.093934
0.551932 0.096170
0.541053 0.098397
0.530142 0.100605
0.519204 0.102798
0.508245 0.104969
0.497267 0.107109
0.486277 0.109223
0.475277 0.111302
0.464271 0.113334
0.453265 0.115325
0.442262 0.117268
0.431268 0.119147
0.420286 0.120976
0.409321 0.122739
0.398377 0.124416
0.387459 0.126034
0.376570 0.127555
0.365713 0.128940
0.354894 0.130250
0.344116 0.131402
0.333384 0.132345
0.322701 0.133208
0.312078 0.133814
0.301524 0.134077
0.291039 0.134255
0.280640 0.134338
0.270335 0.134187
0.260127 0.133711
0.250030 0.133112
0.240049 0.132355
0.230189 0.131352
0.220466 0.130217
0.210881 0.128887
0.201444 0.127349
0.192176 0.125657
0.183071 0.123737
0.174145 0.121627
0.165410 0.119370
0.156864 0.116909
0.148516 0.114301
0.140374 0.111575
0.132434 0.108696
0.124705 0.105717
0.117188 0.102649
0.109883 0.099478
0.102802 0.096238
0.095939 0.092929
0.089300 0.089551
0.082900 0.086120
0.076731 0.082631
0.070799 0.079096
0.065114 0.075535
0.059668 0.071941
0.054461 0.068334
0.049499 0.064737
0.044767 0.061148
0.040278 0.057576
0.036043 0.054030
0.032039 0.050514
0.028286 0.047035
0.024797 0.043600
0.021540 0.040215
0.018540 0.036890
0.015810 0.033636
0.013307 0.030456
0.011050 0.027370
0.009051 0.024395
0.007248 0.021536
0.005667 0.018805
0.004348 0.016215
0.003209 0.013773
0.002223 0.011490
0.001479 0.009385
0.001007 0.007473
0.000664 0.005743
0.000393 0.004216
0.000204 0.002916
0.000088 0.001857
0.000029 0.001039
0.000006 0.000460
0.000000 0.000115
0.000000 0.000000
0.000000 -0.000114
0.000006 -0.000458
0.000028 -0.001029
0.000084 -0.001827
0.000195 -0.002848
0.000378 -0.004087
0.000643 -0.005533
0.000985 -0.007170
0.001462 -0.008993
0.002244 -0.011007
0.003313 -0.013156
0.004593 -0.015359
0.006237 -0.017640
0.008290 -0.019918
0.010670 -0.022029
0.013517 -0.024032
0.016743 -0.025810
0.020282 -0.027313
0.024186 -0.028625
0.028336 -0.029666
0.032755 -0.030538
0.037416 -0.031240
0.042284 -0.031801
0.047374 -0.032270
0.052667 -0.032566
0.058161 -0.032770
0.063854 -0.032907
0.069736 -0.032924
0.075807 -0.032876
0.082063 -0.032793
0.088499 -0.032666
0.095113 -0.032429
0.101903 -0.032133
0.108863 -0.031804
0.115992 -0.031407
0.123285 -0.030960
0.130740 -0.030468
0.138353 -0.029915
0.146118 -0.029307
0.154032 -0.028629
0.162092 -0.027880
0.170296 -0.027093
0.178640 -0.026274
0.187120 -0.025414
0.195735 -0.024528
0.204479 -0.023619
0.213350 -0.022685
0.222343 -0.021736
0.231456 -0.020772
0.240684 -0.019795
0.250024 -0.018818
0.259473 -0.017847
0.269027 -0.016877
0.278679 -0.015908
0.288428 -0.014938
0.298267 -0.013969
0.308193 -0.013005
0.318202 -0.012049
0.328289 -0.011099
0.338450 -0.010156
0.348679 -0.009218
0.358973 -0.008285
0.369328 -0.007370
0.379739 -0.006474
0.390201 -0.005595
0.400710 -0.004739
0.411262 -0.003908
0.421851 -0.003099
0.432474 -0.002314
0.443124 -0.001553
0.453797 -0.000813
0.464488 -0.000095
0.475193 0.000603
0.485906 0.001282
0.496622 0.001938
0.507338 0.002571
0.518048 0.003182
0.528748 0.003769
0.539431 0.004332
0.550095 0.004874
0.560734 0.005390
0.571342 0.005875
0.581917 0.006337
0.592452 0.006771
0.602943 0.007174
0.613386 0.007553
0.623775 0.007904
0.634106 0.008221
0.644375 0.008513
0.654576 0.008777
0.664705 0.009007
0.674757 0.009212
0.684728 0.009393
0.694614 0.009550
0.704409 0.009693
0.714110 0.009814
0.723712 0.009900
0.733211 0.009972
0.742602 0.010025
0.751881 0.010040
0.761045 0.010027
0.770088 0.010000
0.779008 0.009964
0.787799 0.009887
0.796458 0.009770
0.804981 0.009641
0.813364 0.009496
0.821603 0.009329
0.829695 0.009149
0.837637 0.008959
0.845424 0.008752
0.853052 0.008535
0.860520 0.008304
0.867823 0.008059
0.874958 0.007805
0.881922 0.007545
0.888711 0.007277
0.895324 0.006999
0.901756 0.006711
0.908004 0.006412
0.914067 0.006106
0.919942 0.005797
0.925625 0.005483
0.931114 0.005164
0.936407 0.004839
0.941501 0.004507
0.946395 0.004173
0.951085 0.003841
0.955571 0.003509
0.959849 0.003177
0.963918 0.002847
0.967776 0.002518
0.971423 0.002195
0.974855 0.001883
0.978073 0.001580
0.981074 0.001291
0.983858 0.001023
0.986424 0.000769
0.988770 0.000540
0.990897 0.000344
0.992804 0.000165
0.994488 0.000022
0.995952 -0.000073
0.997196 -0.000146
0.998213 -0.000189
0.998999 -0.000199
0.999556 -0.000112
0.999889 -0.000028
1.000000 -0.000000