fx74080
1.000000 0.000000
0.999937 0.000103
0.999741 0.000408
0.999383 0.000872
0.998812 0.001342
0.997920 0.001736
0.996684 0.002100
0.995244 0.002514
0.993615 0.002983
0.991759 0.003479
0.989684 0.004007
0.987385 0.004559
0.984865 0.005138
0.982129 0.005759
0.979179 0.006419
0.976014 0.007115
0.972637 0.007851
0.969049 0.008626
0.965251 0.009437
0.961246 0.010287
0.957035 0.011172
0.952620 0.012095
0.948005 0.013061
0.943192 0.014073
0.938183 0.015128
0.932980 0.016226
0.927586 0.017371
0.922003 0.018558
0.916233 0.019784
0.910277 0.021043
0.904139 0.022339
0.897821 0.023670
0.891326 0.025034
0.884657 0.026430
0.877817 0.027862
0.870810 0.029331
0.863638 0.030835
0.856307 0.032378
0.848819 0.033962
0.841179 0.035586
0.833389 0.037251
0.825454 0.038959
0.817377 0.040709
0.809162 0.042498
0.800811 0.044319
0.792329 0.046180
0.783717 0.048068
0.774978 0.049972
0.766116 0.051902
0.757134 0.053841
0.748029 0.055761
0.738808 0.057677
0.729472 0.059571
0.720020 0.061401
0.710454 0.063175
0.700780 0.064893
0.691002 0.066524
0.681122 0.068073
0.671146 0.069548
0.661081 0.070932
0.650932 0.072228
0.640702 0.073448
0.630400 0.074594
0.620033 0.075674
0.609603 0.076694
0.599117 0.077645
0.588581 0.078532
0.577999 0.079364
0.567377 0.080128
0.556719 0.080827
0.546031 0.081478
0.535317 0.082047
0.524584 0.082536
0.513834 0.082978
0.503075 0.083319
0.492312 0.083549
0.481548 0.083743
0.470791 0.083852
0.460046 0.083841
0.449317 0.083754
0.438611 0.083623
0.427933 0.083441
0.417287 0.083130
0.406679 0.082742
0.396114 0.082318
0.385598 0.081806
0.375134 0.081232
0.364729 0.080616
0.354386 0.079934
0.344111 0.079195
0.333909 0.078407
0.323785 0.077554
0.313742 0.076647
0.303787 0.075699
0.293923 0.074698
0.284155 0.073650
0.274488 0.072560
0.264926 0.071422
0.255474 0.070239
0.246137 0.069019
0.236917 0.067754
0.227820 0.066450
0.218851 0.065113
0.210013 0.063738
0.201310 0.062329
0.192746 0.060892
0.184325 0.059424
0.176051 0.057927
0.167929 0.056404
0.159962 0.054852
0.152153 0.053275
0.144507 0.051679
0.137026 0.050062
0.129714 0.048426
0.122575 0.046778
0.115611 0.045118
0.108825 0.043446
0.102222 0.041767
0.095802 0.040082
0.089570 0.038392
0.083530 0.036700
0.077682 0.035007
0.072030 0.033316
0.066577 0.031630
0.061325 0.029952
0.056275 0.028282
0.051432 0.026625
0.046795 0.024986
0.042366 0.023364
0.038149 0.021765
0.034145 0.020190
0.030353 0.018643
0.026778 0.017127
0.023420 0.015647
0.020276 0.014206
0.017351 0.012812
0.014637 0.011476
0.012137 0.010197
0.009871 0.008959
0.007821 0.007772
0.005992 0.006638
0.004427 0.005542
0.003059 0.004495
0.001922 0.003508
0.001139 0.002585
0.000599 0.001713
0.000222 0.000959
0.000049 0.000417
0.000003 0.000102
0.000000 0.000000
0.000004 -0.000103
0.000063 -0.000421
0.000284 -0.000966
0.000743 -0.001669
0.001391 -0.002315
0.002447 -0.002918
0.003877 -0.003462
0.005462 -0.003922
0.007308 -0.004334
0.009393 -0.004688
0.011688 -0.005000
0.014212 -0.005281
0.016957 -0.005505
0.019917 -0.005678
0.023095 -0.005825
0.026486 -0.005929
0.030086 -0.006003
0.033896 -0.006063
0.037914 -0.006090
0.042136 -0.006085
0.046562 -0.006072
0.051188 -0.006052
0.056014 -0.006012
0.061037 -0.005939
0.066254 -0.005852
0.071664 -0.005757
0.077263 -0.005642
0.083050 -0.005516
0.089022 -0.005385
0.095176 -0.005244
0.101509 -0.005094
0.108019 -0.004934
0.114703 -0.004764
0.121558 -0.004586
0.128580 -0.004403
0.135768 -0.004214
0.143116 -0.004019
0.150623 -0.003819
0.158285 -0.003612
0.166099 -0.003403
0.174060 -0.003191
0.182166 -0.002979
0.190414 -0.002764
0.198798 -0.002549
0.207316 -0.002332
0.215964 -0.002115
0.224738 -0.001898
0.233634 -0.001680
0.242648 -0.001463
0.251776 -0.001249
0.261014 -0.001037
0.270358 -0.000827
0.279804 -0.000619
0.289348 -0.000413
0.298985 -0.000209
0.308711 -0.000009
0.318522 0.000186
0.328414 0.000377
0.338381 0.000563
0.348421 0.000746
0.358527 0.000926
0.368696 0.001099
0.378923 0.001264
0.389203 0.001424
0.399533 0.001578
0.409907 0.001727
0.420321 0.001872
0.430770 0.002010
0.441249 0.002139
0.451755 0.002261
0.462281 0.002377
0.472824 0.002487
0.483379 0.002592
0.493941 0.002693
0.504505 0.002792
0.515067 0.002889
0.525622 0.002985
0.536165 0.003082
0.546692 0.003179
0.557197 0.003276
0.567677 0.003372
0.578127 0.003469
0.588541 0.003563
0.598916 0.003651
0.609246 0.003736
0.619528 0.003815
0.629756 0.003882
0.639926 0.003942
0.650034 0.003994
0.660075 0.004029
0.670044 0.004045
0.679937 0.004056
0.689750 0.004068
0.699478 0.004081
0.709118 0.004094
0.718663 0.004113
0.728112 0.004152
0.737458 0.004225
0.746698 0.004322
0.755828 0.004441
0.764843 0.004607
0.773740 0.004800
0.782514 0.005002
0.791162 0.005234
0.799679 0.005473
0.808063 0.005699
0.816310 0.005927
0.824416 0.006137
0.832379 0.006303
0.840194 0.006456
0.847858 0.006574
0.855367 0.006627
0.862718 0.006651
0.869908 0.006666
0.876933 0.006669
0.883790 0.006624
0.890476 0.006535
0.896987 0.006435
0.903321 0.006317
0.909475 0.006169
0.915446 0.006008
0.921232 0.005832
0.926829 0.005635
0.932235 0.005422
0.937448 0.005190
0.942465 0.004936
0.947283 0.004667
0.951901 0.004387
0.956317 0.004091
0.960529 0.003786
0.964534 0.003477
0.968331 0.003160
0.971919 0.002842
0.975296 0.002529
0.978461 0.002219
0.981412 0.001911
0.984146 0.001602
0.986663 0.001287
0.988964 0.000987
0.991048 0.000707
0.992912 0.000405
0.994560 0.000175
0.995996 0.000081
0.997217 0.000051
0.998219 0.000033
0.998998 0.000019
0.999555 0.000008
0.999889 0.000002
1.000000 0.000000