fx74130wp2
1.000000 0.000000
0.999894 0.000044
0.999574 0.000175
0.999039 0.000381
0.998280 0.000642
0.997294 0.000954
0.996083 0.001308
0.994648 0.001700
0.992984 0.002123
0.991094 0.002580
0.988985 0.003086
0.986654 0.003630
0.984103 0.004212
0.981332 0.004834
0.978343 0.005493
0.975137 0.006189
0.971717 0.006928
0.968083 0.007704
0.964237 0.008521
0.960183 0.009385
0.955923 0.010293
0.951457 0.011245
0.946789 0.012243
0.941920 0.013284
0.936852 0.014371
0.931590 0.015507
0.926135 0.016691
0.920490 0.017926
0.914660 0.019219
0.908648 0.020573
0.902456 0.021987
0.896087 0.023458
0.889545 0.024987
0.882832 0.026575
0.875952 0.028222
0.868908 0.029930
0.861704 0.031699
0.854342 0.033523
0.846825 0.035401
0.839157 0.037335
0.831341 0.039323
0.823382 0.041363
0.815281 0.043456
0.807044 0.045602
0.798675 0.047800
0.790176 0.050051
0.781554 0.052356
0.772813 0.054719
0.763957 0.057140
0.754989 0.059615
0.745914 0.062142
0.736739 0.064736
0.727461 0.067362
0.718071 0.069983
0.708582 0.072625
0.698989 0.075251
0.689283 0.077800
0.679469 0.080295
0.669551 0.082718
0.659528 0.085014
0.649401 0.087200
0.639177 0.089277
0.628864 0.091197
0.618462 0.092976
0.607979 0.094630
0.597427 0.096126
0.586811 0.097486
0.576134 0.098729
0.565408 0.099816
0.554638 0.100775
0.543830 0.101629
0.532991 0.102334
0.522130 0.102918
0.511249 0.103418
0.500357 0.103781
0.489461 0.104050
0.478564 0.104267
0.467674 0.104360
0.456796 0.104336
0.445934 0.104269
0.435096 0.104173
0.424285 0.103975
0.413508 0.103632
0.402770 0.103232
0.392075 0.102777
0.381430 0.102226
0.370839 0.101615
0.360309 0.100935
0.349842 0.100169
0.339447 0.099344
0.329126 0.098454
0.318884 0.097489
0.308728 0.096467
0.298663 0.095383
0.288691 0.094231
0.278819 0.093025
0.269052 0.091763
0.259392 0.090441
0.249848 0.089068
0.240421 0.087640
0.231118 0.086155
0.221942 0.084624
0.212898 0.083044
0.203990 0.081414
0.195223 0.079743
0.186600 0.078031
0.178125 0.076276
0.169805 0.074485
0.161641 0.072656
0.153637 0.070788
0.145800 0.068890
0.138132 0.066959
0.130635 0.064997
0.123316 0.063009
0.116176 0.060996
0.109219 0.058959
0.102451 0.056902
0.095873 0.054825
0.089487 0.052731
0.083300 0.050625
0.077312 0.048508
0.071526 0.046381
0.065951 0.044245
0.060585 0.042098
0.055432 0.039947
0.050497 0.037800
0.045776 0.035658
0.041275 0.033525
0.037000 0.031406
0.032940 0.029309
0.029109 0.027231
0.025520 0.025166
0.022159 0.023119
0.019035 0.021100
0.016155 0.019120
0.013491 0.017190
0.011075 0.015303
0.008932 0.013457
0.007010 0.011660
0.005344 0.009928
0.003958 0.008280
0.002745 0.006723
0.001776 0.005279
0.001115 0.003973
0.000655 0.002799
0.000308 0.001787
0.000107 0.000995
0.000023 0.000437
0.000001 0.000108
0.000000 0.000000
0.000002 -0.000108
0.000032 -0.000440
0.000152 -0.001004
0.000429 -0.001784
0.000888 -0.002692
0.001567 -0.003576
0.002758 -0.004463
0.004279 -0.005310
0.005975 -0.006097
0.007966 -0.006843
0.010183 -0.007574
0.012622 -0.008299
0.015298 -0.009003
0.018194 -0.009680
0.021318 -0.010332
0.024665 -0.010962
0.028225 -0.011576
0.032002 -0.012173
0.035992 -0.012754
0.040189 -0.013326
0.044594 -0.013888
0.049205 -0.014436
0.054018 -0.014965
0.059032 -0.015476
0.064244 -0.015971
0.069651 -0.016453
0.075251 -0.016922
0.081041 -0.017377
0.087018 -0.017822
0.093179 -0.018257
0.099522 -0.018680
0.106043 -0.019086
0.112740 -0.019476
0.119610 -0.019854
0.126649 -0.020223
0.133854 -0.020584
0.141222 -0.020935
0.148750 -0.021270
0.156433 -0.021592
0.164270 -0.021902
0.172256 -0.022201
0.180387 -0.022490
0.188660 -0.022769
0.197071 -0.023035
0.205617 -0.023289
0.214293 -0.023533
0.223097 -0.023762
0.232022 -0.023978
0.241067 -0.024182
0.250227 -0.024375
0.259497 -0.024558
0.268873 -0.024732
0.278352 -0.024892
0.287929 -0.025038
0.297600 -0.025174
0.307361 -0.025295
0.317206 -0.025404
0.327132 -0.025503
0.337135 -0.025585
0.347209 -0.025652
0.357351 -0.025711
0.367556 -0.025753
0.377818 -0.025774
0.388135 -0.025790
0.398501 -0.025799
0.408911 -0.025796
0.419361 -0.025776
0.429846 -0.025746
0.440361 -0.025707
0.450903 -0.025642
0.461465 -0.025559
0.472044 -0.025468
0.482634 -0.025360
0.493232 -0.025236
0.503831 -0.025099
0.514428 -0.024945
0.525018 -0.024774
0.535595 -0.024587
0.546156 -0.024381
0.556695 -0.024156
0.567208 -0.023914
0.577690 -0.023653
0.588136 -0.023372
0.598542 -0.023070
0.608902 -0.022747
0.619213 -0.022398
0.629469 -0.022028
0.639666 -0.021634
0.649800 -0.021213
0.659864 -0.020760
0.669855 -0.020272
0.679768 -0.019744
0.689597 -0.019168
0.699338 -0.018535
0.708985 -0.017836
0.718533 -0.017078
0.727976 -0.016253
0.737311 -0.015344
0.746534 -0.014382
0.755640 -0.013381
0.764624 -0.012316
0.773487 -0.011229
0.782227 -0.010150
0.790837 -0.009056
0.799319 -0.007982
0.807673 -0.006963
0.815893 -0.005983
0.823975 -0.005050
0.831918 -0.004178
0.839718 -0.003358
0.847371 -0.002589
0.854872 -0.001878
0.862218 -0.001210
0.869406 -0.000593
0.876432 -0.000042
0.883295 0.000453
0.889989 0.000898
0.896512 0.001281
0.902860 0.001615
0.909030 0.001908
0.915019 0.002137
0.920823 0.002315
0.926441 0.002462
0.931869 0.002558
0.937104 0.002606
0.942144 0.002641
0.946987 0.002659
0.951629 0.002648
0.956070 0.002602
0.960306 0.002537
0.964335 0.002459
0.968157 0.002343
0.971769 0.002208
0.975169 0.002068
0.978355 0.001911
0.981328 0.001746
0.984084 0.001582
0.986624 0.001416
0.988946 0.001250
0.991049 0.001089
0.992933 0.000936
0.994596 0.000785
0.996036 0.000635
0.997255 0.000491
0.998250 0.000351
0.999019 0.000224
0.999565 0.000106
0.999891 0.000027
1.000000 0.000000