fx76mp120
1.000000 0.000000
0.999894 0.000052
0.999578 0.000210
0.999060 0.000486
0.998361 0.000915
0.997493 0.001524
0.996438 0.002274
0.995133 0.003040
0.993561 0.003817
0.991739 0.004630
0.989698 0.005505
0.987432 0.006431
0.984935 0.007402
0.982217 0.008428
0.979275 0.009497
0.976109 0.010615
0.972731 0.011800
0.969142 0.013052
0.965340 0.014365
0.961329 0.015739
0.957109 0.017171
0.952682 0.018662
0.948050 0.020210
0.943216 0.021814
0.938180 0.023474
0.932947 0.025191
0.927519 0.026963
0.921897 0.028791
0.916085 0.030675
0.910087 0.032615
0.903903 0.034610
0.897539 0.036663
0.890998 0.038774
0.884282 0.040941
0.877395 0.043164
0.870339 0.045442
0.863117 0.047775
0.855734 0.050162
0.848194 0.052607
0.840500 0.055106
0.832655 0.057658
0.824662 0.060262
0.816526 0.062918
0.808248 0.065620
0.799831 0.068363
0.791281 0.071153
0.782597 0.073973
0.773777 0.076805
0.764829 0.079661
0.755751 0.082520
0.746542 0.085359
0.737208 0.088191
0.727750 0.090999
0.718168 0.093756
0.708465 0.096476
0.698646 0.099144
0.688711 0.101735
0.678666 0.104259
0.668513 0.106710
0.658259 0.109064
0.647907 0.111335
0.637461 0.113517
0.626930 0.115585
0.616315 0.117559
0.605623 0.119433
0.594863 0.121186
0.584037 0.122839
0.573152 0.124389
0.562216 0.125814
0.551233 0.127141
0.540210 0.128363
0.529154 0.129458
0.518070 0.130465
0.506964 0.131366
0.495844 0.132133
0.484713 0.132820
0.473578 0.133400
0.462447 0.133843
0.451324 0.134247
0.440215 0.134518
0.429127 0.134563
0.418065 0.134568
0.407034 0.134570
0.396043 0.134516
0.385095 0.134230
0.374196 0.133826
0.363355 0.133382
0.352573 0.132800
0.341859 0.132122
0.331218 0.131365
0.320655 0.130482
0.310178 0.129507
0.299791 0.128442
0.289499 0.127259
0.279310 0.125988
0.269229 0.124623
0.259259 0.123151
0.249410 0.121594
0.239683 0.119944
0.230086 0.118195
0.220625 0.116366
0.211303 0.114446
0.202126 0.112434
0.193103 0.110346
0.184235 0.108170
0.175527 0.105912
0.166988 0.103586
0.158616 0.101181
0.150422 0.098704
0.142412 0.096163
0.134584 0.093548
0.126949 0.090869
0.119512 0.088135
0.112270 0.085339
0.105236 0.082489
0.098413 0.079592
0.091799 0.076643
0.085406 0.073655
0.079235 0.070633
0.073283 0.067575
0.067563 0.064496
0.062073 0.061400
0.056810 0.058287
0.051786 0.055174
0.046997 0.052065
0.042440 0.048963
0.038129 0.045880
0.034054 0.042824
0.030214 0.039797
0.026625 0.036811
0.023274 0.033873
0.020157 0.030988
0.017293 0.028168
0.014666 0.025422
0.012263 0.022756
0.010111 0.020182
0.008192 0.017712
0.006473 0.015352
0.004997 0.013115
0.003766 0.011011
0.002679 0.009049
0.001805 0.007245
0.001187 0.005616
0.000763 0.004163
0.000420 0.002889
0.000189 0.001837
0.000064 0.001024
0.000013 0.000452
0.000001 0.000112
0.000000 0.000000
0.000001 -0.000112
0.000015 -0.000451
0.000074 -0.001019
0.000218 -0.001815
0.000485 -0.002818
0.000886 -0.003975
0.001476 -0.005212
0.002555 -0.006544
0.004013 -0.007858
0.005706 -0.009055
0.007797 -0.010183
0.010154 -0.011181
0.012775 -0.012090
0.015674 -0.012891
0.018802 -0.013530
0.022180 -0.014092
0.025791 -0.014520
0.029613 -0.014802
0.033658 -0.015035
0.037913 -0.015140
0.042370 -0.015113
0.047033 -0.015038
0.051893 -0.014932
0.056949 -0.014729
0.062198 -0.014411
0.067637 -0.014047
0.073263 -0.013628
0.079074 -0.013136
0.085069 -0.012610
0.091245 -0.012045
0.097599 -0.011437
0.104129 -0.010801
0.110832 -0.010137
0.117705 -0.009441
0.124746 -0.008722
0.131951 -0.007976
0.139317 -0.007205
0.146842 -0.006419
0.154522 -0.005619
0.162354 -0.004804
0.170336 -0.003979
0.178462 -0.003146
0.186731 -0.002304
0.195139 -0.001458
0.203681 -0.000610
0.212355 0.000241
0.221156 0.001090
0.230081 0.001934
0.239126 0.002774
0.248287 0.003607
0.257561 0.004430
0.266942 0.005245
0.276427 0.006048
0.286012 0.006837
0.295692 0.007615
0.305463 0.008377
0.315321 0.009119
0.325262 0.009846
0.335281 0.010554
0.345373 0.011244
0.355534 0.011917
0.365760 0.012570
0.376045 0.013202
0.386385 0.013815
0.396777 0.014408
0.407214 0.014977
0.417692 0.015525
0.428207 0.016053
0.438753 0.016560
0.449326 0.017049
0.459922 0.017518
0.470535 0.017963
0.481160 0.018388
0.491794 0.018793
0.502431 0.019176
0.513066 0.019539
0.523695 0.019884
0.534312 0.020208
0.544913 0.020513
0.555494 0.020800
0.566049 0.021069
0.576574 0.021322
0.587064 0.021559
0.597514 0.021779
0.607920 0.021985
0.618277 0.022178
0.628580 0.022356
0.638825 0.022522
0.649007 0.022677
0.659122 0.022819
0.669165 0.022949
0.679131 0.023069
0.689017 0.023177
0.698818 0.023273
0.708528 0.023360
0.718145 0.023432
0.727664 0.023487
0.737081 0.023537
0.746390 0.023567
0.755589 0.023564
0.764673 0.023533
0.773638 0.023486
0.782480 0.023421
0.791194 0.023303
0.799778 0.023150
0.808225 0.022977
0.816534 0.022759
0.824700 0.022502
0.832719 0.022217
0.840586 0.021882
0.848300 0.021507
0.855854 0.021103
0.863247 0.020657
0.870475 0.020172
0.877533 0.019659
0.884420 0.019110
0.891131 0.018526
0.897663 0.017915
0.904013 0.017270
0.910178 0.016594
0.916155 0.015899
0.921943 0.015185
0.927538 0.014450
0.932937 0.013700
0.938137 0.012935
0.943138 0.012153
0.947936 0.011365
0.952529 0.010573
0.956917 0.009776
0.961095 0.008977
0.965062 0.008177
0.968817 0.007377
0.972359 0.006586
0.975685 0.005807
0.978796 0.005039
0.981691 0.004294
0.984368 0.003575
0.986825 0.002871
0.989073 0.002229
0.991117 0.001674
0.992950 0.001175
0.994577 0.000769
0.995998 0.000477
0.997212 0.000251
0.998211 0.000103
0.998991 0.000037
0.999551 0.000011
0.999888 0.000001
1.000000 0.000000