fx77w153
0.998930 0.000840
0.998813 0.000844
0.998463 0.000857
0.997880 0.000880
0.997064 0.000918
0.996017 0.000973
0.994738 0.001053
0.993230 0.001170
0.991492 0.001325
0.989528 0.001516
0.987338 0.001760
0.984924 0.002058
0.982287 0.002398
0.979428 0.002787
0.976350 0.003233
0.973055 0.003734
0.969546 0.004303
0.965824 0.004937
0.961888 0.005619
0.957740 0.006343
0.953382 0.007117
0.948817 0.007941
0.944048 0.008823
0.939076 0.009760
0.933902 0.010734
0.928524 0.011730
0.922946 0.012755
0.917171 0.013815
0.911205 0.014916
0.905048 0.016057
0.898701 0.017217
0.892162 0.018378
0.885436 0.019544
0.878529 0.020730
0.871446 0.021954
0.864190 0.023208
0.856762 0.024483
0.849164 0.025768
0.841399 0.027059
0.833473 0.028378
0.825396 0.029750
0.817169 0.031173
0.808795 0.032628
0.800272 0.034093
0.791604 0.035567
0.782800 0.037071
0.773867 0.038630
0.764811 0.040249
0.755631 0.041903
0.746326 0.043561
0.736900 0.045220
0.727361 0.046904
0.717719 0.048644
0.707981 0.050449
0.698145 0.052289
0.688209 0.054124
0.678175 0.055942
0.668053 0.057777
0.657857 0.059667
0.647592 0.061625
0.637257 0.063618
0.626849 0.065605
0.616372 0.067577
0.605835 0.069557
0.595247 0.071572
0.584616 0.073633
0.573942 0.075716
0.563224 0.077792
0.552465 0.079851
0.541674 0.081909
0.530859 0.083985
0.520027 0.086093
0.509178 0.088207
0.498312 0.090290
0.487430 0.092330
0.476541 0.094348
0.465654 0.096366
0.454779 0.098405
0.443914 0.100430
0.433054 0.102388
0.422203 0.104265
0.411370 0.106091
0.400565 0.107896
0.389800 0.109719
0.379069 0.111494
0.368366 0.113124
0.357691 0.114610
0.347058 0.115996
0.336478 0.117314
0.325960 0.118746
0.315500 0.119956
0.305088 0.120527
0.294723 0.120837
0.284430 0.121021
0.274232 0.121026
0.264125 0.120837
0.254122 0.120521
0.244239 0.120061
0.234474 0.119214
0.224834 0.118189
0.215320 0.117148
0.205935 0.115978
0.196704 0.114657
0.187641 0.113116
0.178741 0.111343
0.170006 0.109470
0.161426 0.107537
0.153019 0.105481
0.144826 0.103257
0.136852 0.100789
0.129084 0.098155
0.121513 0.095470
0.114128 0.092727
0.106961 0.089887
0.100044 0.086920
0.093374 0.083795
0.086923 0.080611
0.080661 0.077462
0.074585 0.074331
0.068758 0.071149
0.063225 0.067852
0.057959 0.064457
0.052920 0.061066
0.048068 0.057758
0.043413 0.054502
0.039028 0.051240
0.034953 0.047923
0.031148 0.044581
0.027572 0.041294
0.024187 0.038120
0.020992 0.035041
0.018063 0.032019
0.015442 0.029026
0.013081 0.026075
0.010934 0.023231
0.008956 0.020545
0.007086 0.018032
0.005445 0.015649
0.004134 0.013368
0.003048 0.011189
0.002148 0.009151
0.001467 0.007289
0.000999 0.005627
0.000627 0.004147
0.000338 0.002872
0.000151 0.001827
0.000051 0.001020
0.000010 0.000451
0.000001 0.000112
0.000000 0.000000
0.000001 -0.000112
0.000016 -0.000448
0.000075 -0.001005
0.000219 -0.001782
0.000478 -0.002769
0.000851 -0.003956
0.001295 -0.005332
0.001900 -0.006952
0.002725 -0.008744
0.003810 -0.010541
0.005293 -0.012139
0.007452 -0.013608
0.009929 -0.014996
0.012591 -0.016390
0.015550 -0.017674
0.018792 -0.018633
0.022351 -0.019367
0.026148 -0.020082
0.030109 -0.020947
0.034271 -0.021862
0.038656 -0.022639
0.043279 -0.023230
0.048121 -0.023755
0.053155 -0.024334
0.058375 -0.025007
0.063791 -0.025665
0.069410 -0.026175
0.075232 -0.026567
0.081245 -0.026932
0.087437 -0.027360
0.093807 -0.027855
0.100356 -0.028322
0.107086 -0.028664
0.113994 -0.028928
0.121074 -0.029176
0.128317 -0.029471
0.135721 -0.029812
0.143287 -0.030117
0.151011 -0.030312
0.158890 -0.030447
0.166919 -0.030576
0.175093 -0.030753
0.183408 -0.030989
0.191862 -0.031185
0.200452 -0.031258
0.209174 -0.031289
0.218023 -0.031319
0.226994 -0.031385
0.236084 -0.031521
0.245289 -0.031640
0.254605 -0.031644
0.264029 -0.031550
0.273554 -0.031450
0.283179 -0.031436
0.292897 -0.031480
0.302705 -0.031529
0.312598 -0.031521
0.322572 -0.031356
0.332621 -0.031143
0.342744 -0.031025
0.352935 -0.030974
0.363189 -0.030930
0.373501 -0.030848
0.383865 -0.030655
0.394278 -0.030410
0.404737 -0.030216
0.415237 -0.030086
0.425772 -0.029966
0.436337 -0.029813
0.446927 -0.029582
0.457537 -0.029310
0.468165 -0.029062
0.478805 -0.028861
0.489453 -0.028672
0.500102 -0.028458
0.510748 -0.028186
0.521385 -0.027880
0.532012 -0.027587
0.542623 -0.027337
0.553213 -0.027104
0.563776 -0.026849
0.574307 -0.026540
0.584802 -0.026191
0.595257 -0.025849
0.605668 -0.025553
0.616031 -0.025280
0.626339 -0.024994
0.636588 -0.024657
0.646771 -0.024277
0.656888 -0.023896
0.666933 -0.023554
0.676903 -0.023241
0.686791 -0.022921
0.696593 -0.022558
0.706303 -0.022148
0.715918 -0.021733
0.725437 -0.021355
0.734854 -0.021014
0.744165 -0.020672
0.753363 -0.020296
0.762443 -0.019873
0.771405 -0.019439
0.780244 -0.019030
0.788958 -0.018655
0.797541 -0.018285
0.805988 -0.017891
0.814294 -0.017459
0.822457 -0.017011
0.830476 -0.016577
0.838346 -0.016170
0.846063 -0.015770
0.853623 -0.015356
0.861021 -0.014914
0.868256 -0.014459
0.875324 -0.014008
0.882224 -0.013575
0.888952 -0.013149
0.895503 -0.012712
0.901874 -0.012251
0.908061 -0.011773
0.914064 -0.011288
0.919880 -0.010803
0.925506 -0.010318
0.930938 -0.009820
0.936173 -0.009300
0.941208 -0.008756
0.946043 -0.008207
0.950677 -0.007669
0.955107 -0.007137
0.959331 -0.006609
0.963347 -0.006082
0.967151 -0.005552
0.970746 -0.005034
0.974130 -0.004545
0.977303 -0.004082
0.980262 -0.003647
0.983007 -0.003243
0.985537 -0.002870
0.987851 -0.002529
0.989949 -0.002224
0.991828 -0.001955
0.993489 -0.001721
0.994930 -0.001520
0.996151 -0.001350
0.997151 -0.001213
0.997929 -0.001106
0.998485 -0.001030
0.998819 -0.000985
0.998930 -0.000970