fx79l100
1.000000 0.000000
0.999921 0.000093
0.999678 0.000374
0.999247 0.000766
0.998573 0.000953
0.997584 0.001038
0.996298 0.001103
0.994831 0.001210
0.993154 0.001346
0.991255 0.001497
0.989134 0.001644
0.986793 0.001788
0.984232 0.001940
0.981454 0.002118
0.978461 0.002320
0.975252 0.002539
0.971830 0.002770
0.968196 0.003012
0.964351 0.003268
0.960297 0.003541
0.956037 0.003831
0.951572 0.004136
0.946904 0.004455
0.942034 0.004788
0.936966 0.005137
0.931702 0.005501
0.926243 0.005880
0.920593 0.006276
0.914754 0.006689
0.908729 0.007121
0.902520 0.007570
0.896130 0.008041
0.889563 0.008533
0.882821 0.009047
0.875907 0.009581
0.868824 0.010136
0.861576 0.010713
0.854165 0.011310
0.846596 0.011928
0.838871 0.012567
0.830994 0.013228
0.822969 0.013912
0.814798 0.014619
0.806487 0.015345
0.798037 0.016089
0.789454 0.016851
0.780741 0.017633
0.771901 0.018436
0.762940 0.019259
0.753860 0.020101
0.744666 0.020958
0.735361 0.021832
0.725951 0.022722
0.716439 0.023629
0.706829 0.024552
0.697126 0.025490
0.687334 0.026438
0.677456 0.027399
0.667498 0.028370
0.657464 0.029347
0.647357 0.030333
0.637183 0.031325
0.626946 0.032319
0.616650 0.033317
0.606300 0.034315
0.595899 0.035306
0.585453 0.036293
0.574966 0.037271
0.564442 0.038234
0.553886 0.039183
0.543302 0.040116
0.532694 0.041020
0.522067 0.041898
0.511426 0.042749
0.500776 0.043563
0.490120 0.044341
0.479464 0.045087
0.468812 0.045786
0.458169 0.046435
0.447540 0.047046
0.436929 0.047603
0.426343 0.048106
0.415784 0.048568
0.405259 0.048974
0.394773 0.049323
0.384329 0.049638
0.373934 0.049888
0.363592 0.050070
0.353307 0.050228
0.343085 0.050321
0.332931 0.050325
0.322849 0.050297
0.312844 0.050252
0.302921 0.050178
0.293083 0.050015
0.283337 0.049802
0.273686 0.049573
0.264134 0.049292
0.254687 0.048971
0.245349 0.048620
0.236123 0.048221
0.227015 0.047784
0.218028 0.047319
0.209166 0.046814
0.200434 0.046273
0.191836 0.045705
0.183375 0.045099
0.175056 0.044460
0.166883 0.043795
0.158859 0.043096
0.150987 0.042368
0.143273 0.041614
0.135719 0.040830
0.128328 0.040017
0.121106 0.039180
0.114054 0.038314
0.107177 0.037421
0.100478 0.036505
0.093959 0.035563
0.087625 0.034595
0.081481 0.033602
0.075526 0.032581
0.069766 0.031535
0.064204 0.030469
0.058840 0.029382
0.053681 0.028269
0.048732 0.027130
0.043990 0.025965
0.039465 0.024770
0.035162 0.023546
0.031075 0.022292
0.027223 0.021004
0.023604 0.019682
0.020216 0.018323
0.017087 0.016932
0.014198 0.015508
0.011560 0.014053
0.009217 0.012578
0.007109 0.011080
0.005288 0.009577
0.003798 0.008095
0.002497 0.006631
0.001519 0.005236
0.000936 0.003960
0.000523 0.002790
0.000238 0.001787
0.000081 0.001000
0.000017 0.000441
0.000001 0.000110
0.000000 0.000000
0.000001 -0.000110
0.000017 -0.000441
0.000081 -0.001000
0.000238 -0.001787
0.000523 -0.002790
0.000936 -0.003960
0.001519 -0.005236
0.002497 -0.006631
0.003798 -0.008095
0.005288 -0.009577
0.007109 -0.011080
0.009217 -0.012578
0.011560 -0.014053
0.014198 -0.015508
0.017087 -0.016932
0.020216 -0.018323
0.023604 -0.019682
0.027223 -0.021004
0.031075 -0.022292
0.035162 -0.023546
0.039465 -0.024770
0.043990 -0.025965
0.048732 -0.027130
0.053681 -0.028269
0.058840 -0.029382
0.064204 -0.030469
0.069766 -0.031535
0.075526 -0.032581
0.081481 -0.033602
0.087625 -0.034595
0.093959 -0.035563
0.100478 -0.036505
0.107177 -0.037421
0.114054 -0.038314
0.121106 -0.039180
0.128328 -0.040017
0.135719 -0.040830
0.143273 -0.041614
0.150987 -0.042368
0.158859 -0.043096
0.166883 -0.043795
0.175056 -0.044460
0.183375 -0.045099
0.191836 -0.045705
0.200434 -0.046273
0.209166 -0.046814
0.218028 -0.047319
0.227015 -0.047784
0.236123 -0.048221
0.245349 -0.048620
0.254687 -0.048971
0.264134 -0.049292
0.273686 -0.049573
0.283337 -0.049802
0.293083 -0.050015
0.302921 -0.050178
0.312844 -0.050252
0.322849 -0.050297
0.332931 -0.050325
0.343085 -0.050321
0.353307 -0.050228
0.363592 -0.050070
0.373934 -0.049888
0.384329 -0.049638
0.394773 -0.049323
0.405259 -0.048974
0.415784 -0.048568
0.426343 -0.048106
0.436929 -0.047603
0.447540 -0.047046
0.458169 -0.046435
0.468812 -0.045786
0.479464 -0.045087
0.490120 -0.044341
0.500776 -0.043563
0.511426 -0.042749
0.522067 -0.041898
0.532694 -0.041020
0.543302 -0.040116
0.553886 -0.039183
0.564442 -0.038234
0.574966 -0.037271
0.585453 -0.036293
0.595899 -0.035306
0.606300 -0.034315
0.616650 -0.033317
0.626946 -0.032319
0.637183 -0.031325
0.647357 -0.030333
0.657464 -0.029347
0.667498 -0.028370
0.677456 -0.027399
0.687334 -0.026438
0.697126 -0.025490
0.706829 -0.024552
0.716439 -0.023629
0.725951 -0.022722
0.735361 -0.021832
0.744666 -0.020958
0.753860 -0.020101
0.762940 -0.019259
0.771901 -0.018436
0.780741 -0.017633
0.789454 -0.016851
0.798037 -0.016089
0.806487 -0.015345
0.814798 -0.014619
0.822969 -0.013912
0.830994 -0.013228
0.838871 -0.012567
0.846596 -0.011928
0.854165 -0.011310
0.861576 -0.010713
0.868824 -0.010136
0.875907 -0.009581
0.882821 -0.009047
0.889563 -0.008533
0.896130 -0.008041
0.902520 -0.007570
0.908729 -0.007121
0.914754 -0.006689
0.920593 -0.006276
0.926243 -0.005880
0.931702 -0.005501
0.936966 -0.005137
0.942034 -0.004788
0.946904 -0.004455
0.951572 -0.004136
0.956037 -0.003831
0.960297 -0.003541
0.964351 -0.003268
0.968196 -0.003012
0.971830 -0.002770
0.975252 -0.002539
0.978461 -0.002320
0.981454 -0.002118
0.984232 -0.001940
0.986793 -0.001788
0.989134 -0.001644
0.991255 -0.001497
0.993154 -0.001346
0.994831 -0.001210
0.996298 -0.001103
0.997584 -0.001038
0.998573 -0.000953
0.999247 -0.000766
0.999678 -0.000374
0.999921 -0.000093
1.000000 -0.000000