fx83w160
1.000000 0.000000
0.999924 0.000093
0.999689 0.000366
0.999275 0.000782
0.998630 0.001211
0.997684 0.001613
0.996447 0.002023
0.995026 0.002549
0.993411 0.003179
0.991582 0.003891
0.989537 0.004676
0.987276 0.005533
0.984801 0.006462
0.982114 0.007465
0.979217 0.008544
0.976108 0.009691
0.972785 0.010896
0.969248 0.012154
0.965501 0.013467
0.961544 0.014836
0.957381 0.016261
0.953012 0.017739
0.948440 0.019270
0.943666 0.020855
0.938693 0.022490
0.933523 0.024174
0.928157 0.025906
0.922597 0.027684
0.916845 0.029501
0.910902 0.031351
0.904769 0.033234
0.898452 0.035154
0.891955 0.037114
0.885279 0.039110
0.878426 0.041136
0.871398 0.043186
0.864198 0.045261
0.856828 0.047357
0.849293 0.049471
0.841596 0.051604
0.833738 0.053751
0.825723 0.055908
0.817555 0.058076
0.809236 0.060249
0.800770 0.062422
0.792160 0.064599
0.783410 0.066770
0.774522 0.068928
0.765500 0.071074
0.756347 0.073204
0.747068 0.075310
0.737666 0.077394
0.728145 0.079453
0.718509 0.081477
0.708763 0.083477
0.698910 0.085439
0.688952 0.087337
0.678892 0.089175
0.668736 0.090960
0.658492 0.092691
0.648165 0.094384
0.637758 0.096020
0.627274 0.097566
0.616716 0.099036
0.606090 0.100430
0.595404 0.101734
0.584662 0.102970
0.573868 0.104125
0.563028 0.105163
0.552147 0.106103
0.541230 0.106958
0.530286 0.107722
0.519320 0.108443
0.508337 0.109078
0.497341 0.109548
0.486337 0.109920
0.475332 0.110211
0.464333 0.110388
0.453346 0.110514
0.442375 0.110600
0.431426 0.110611
0.420505 0.110474
0.409616 0.110239
0.398766 0.109978
0.387958 0.109641
0.377199 0.109224
0.366495 0.108748
0.355851 0.108165
0.345272 0.107503
0.334761 0.106805
0.324324 0.106053
0.313966 0.105236
0.303695 0.104350
0.293515 0.103371
0.283429 0.102328
0.273442 0.101248
0.263557 0.100117
0.253782 0.098929
0.244123 0.097678
0.234584 0.096353
0.225168 0.094975
0.215880 0.093555
0.206722 0.092083
0.197703 0.090561
0.188827 0.088991
0.180095 0.087366
0.171515 0.085696
0.163091 0.083983
0.154824 0.082223
0.146722 0.080422
0.138787 0.078582
0.131022 0.076699
0.123438 0.074773
0.116034 0.072800
0.108817 0.070782
0.101792 0.068725
0.094958 0.066629
0.088325 0.064490
0.081906 0.062297
0.075696 0.060046
0.069704 0.057750
0.063932 0.055424
0.058375 0.053065
0.053054 0.050664
0.047981 0.048213
0.043145 0.045713
0.038557 0.043192
0.034208 0.040666
0.030099 0.038127
0.026270 0.035569
0.022705 0.032985
0.019403 0.030395
0.016386 0.027826
0.013607 0.025285
0.011103 0.022776
0.008919 0.020307
0.006975 0.017881
0.005308 0.015528
0.003949 0.013284
0.002754 0.011147
0.001796 0.009145
0.001158 0.007309
0.000768 0.005646
0.000458 0.004158
0.000239 0.002881
0.000104 0.001836
0.000034 0.001027
0.000007 0.000454
0.000000 0.000113
0.000000 0.000000
0.000001 -0.000113
0.000009 -0.000453
0.000044 -0.001022
0.000133 -0.001818
0.000302 -0.002838
0.000571 -0.004069
0.000937 -0.005486
0.001441 -0.007058
0.002288 -0.008793
0.003444 -0.010650
0.004789 -0.012573
0.006446 -0.014562
0.008432 -0.016584
0.010671 -0.018583
0.013245 -0.020561
0.016118 -0.022512
0.019231 -0.024432
0.022631 -0.026325
0.026293 -0.028158
0.030209 -0.029917
0.034393 -0.031616
0.038809 -0.033260
0.043455 -0.034869
0.048336 -0.036420
0.053441 -0.037878
0.058778 -0.039253
0.064334 -0.040561
0.070092 -0.041815
0.076057 -0.043022
0.082223 -0.044166
0.088584 -0.045231
0.095141 -0.046236
0.101886 -0.047180
0.108812 -0.048068
0.115919 -0.048907
0.123199 -0.049691
0.130650 -0.050421
0.138269 -0.051107
0.146049 -0.051739
0.153988 -0.052324
0.162082 -0.052868
0.170326 -0.053360
0.178716 -0.053812
0.187249 -0.054226
0.195920 -0.054570
0.204725 -0.054859
0.213661 -0.055107
0.222722 -0.055288
0.231904 -0.055432
0.241203 -0.055547
0.250614 -0.055590
0.260133 -0.055549
0.269756 -0.055453
0.279477 -0.055332
0.289292 -0.055154
0.299198 -0.054902
0.309187 -0.054604
0.319256 -0.054231
0.329400 -0.053777
0.339614 -0.053284
0.349896 -0.052763
0.360239 -0.052192
0.370636 -0.051557
0.381082 -0.050833
0.391573 -0.050022
0.402105 -0.049159
0.412673 -0.048252
0.423272 -0.047284
0.433895 -0.046246
0.444535 -0.045117
0.455188 -0.043900
0.465852 -0.042633
0.476524 -0.041344
0.487200 -0.040010
0.497868 -0.038610
0.508518 -0.037106
0.519149 -0.035504
0.529765 -0.033888
0.540371 -0.032315
0.550957 -0.030753
0.561517 -0.029200
0.572046 -0.027652
0.582541 -0.026109
0.592997 -0.024586
0.603412 -0.023092
0.613780 -0.021624
0.624097 -0.020183
0.634359 -0.018771
0.644559 -0.017383
0.654696 -0.016032
0.664766 -0.014734
0.674764 -0.013485
0.684685 -0.012277
0.694523 -0.011101
0.704273 -0.009952
0.713932 -0.008841
0.723496 -0.007784
0.732962 -0.006776
0.742324 -0.005813
0.751578 -0.004896
0.760719 -0.004018
0.769743 -0.003182
0.778647 -0.002396
0.787426 -0.001656
0.796077 -0.000960
0.804594 -0.000314
0.812975 0.000288
0.821215 0.000848
0.829310 0.001358
0.837257 0.001825
0.845052 0.002253
0.852691 0.002631
0.860170 0.002962
0.867487 0.003258
0.874637 0.003510
0.881618 0.003729
0.888425 0.003926
0.895056 0.004061
0.901507 0.004126
0.907776 0.004174
0.913860 0.004198
0.919755 0.004188
0.925459 0.004138
0.930969 0.004068
0.936282 0.003984
0.941397 0.003859
0.946310 0.003710
0.951019 0.003547
0.955522 0.003353
0.959818 0.003141
0.963903 0.002922
0.967777 0.002685
0.971437 0.002441
0.974882 0.002199
0.978112 0.001957
0.981124 0.001715
0.983917 0.001476
0.986489 0.001241
0.988841 0.001010
0.990970 0.000789
0.992878 0.000584
0.994561 0.000385
0.996017 0.000182
0.997250 -0.000088
0.998254 -0.000281
0.999026 -0.000326
0.999569 -0.000185
0.999892 -0.000047
1.000000 -0.000000