fxs02196
1.000000 0.000000
0.999886 0.000027
0.999542 0.000108
0.998971 0.000245
0.998173 0.000444
0.997150 0.000705
0.995899 0.001023
0.994419 0.001383
0.992710 0.001788
0.990776 0.002246
0.988619 0.002765
0.986239 0.003342
0.983637 0.003974
0.980814 0.004656
0.977769 0.005390
0.974506 0.006174
0.971025 0.007007
0.967326 0.007888
0.963414 0.008821
0.959292 0.009813
0.954960 0.010861
0.950422 0.011965
0.945678 0.013128
0.940733 0.014348
0.935587 0.015624
0.930242 0.016954
0.924702 0.018339
0.918968 0.019778
0.913045 0.021273
0.906933 0.022821
0.900637 0.024427
0.894164 0.026102
0.887517 0.027851
0.880696 0.029662
0.873702 0.031526
0.866540 0.033443
0.859211 0.035413
0.851718 0.037430
0.844065 0.039492
0.836255 0.041602
0.828293 0.043763
0.820184 0.045981
0.811931 0.048246
0.803531 0.050543
0.794988 0.052863
0.786307 0.055213
0.777495 0.057604
0.768559 0.060047
0.759501 0.062529
0.750316 0.065022
0.741004 0.067506
0.731574 0.069995
0.722033 0.072507
0.712392 0.075057
0.702650 0.077631
0.692806 0.080200
0.682858 0.082741
0.672813 0.085268
0.662681 0.087796
0.652472 0.090346
0.642187 0.092906
0.631823 0.095436
0.621376 0.097902
0.610854 0.100321
0.600269 0.102716
0.589631 0.105113
0.578944 0.107502
0.568202 0.109836
0.557404 0.112084
0.546559 0.114265
0.535674 0.116388
0.524760 0.118474
0.513820 0.120525
0.502849 0.122462
0.491845 0.124233
0.480815 0.125884
0.469773 0.127431
0.458731 0.128930
0.447690 0.130381
0.436649 0.131587
0.425603 0.132509
0.414562 0.133291
0.403544 0.133816
0.392558 0.134120
0.381606 0.134348
0.370703 0.134440
0.359857 0.134194
0.349072 0.133625
0.338352 0.133007
0.327698 0.132394
0.317121 0.131676
0.306641 0.130809
0.296269 0.129632
0.285997 0.128261
0.275813 0.126928
0.265710 0.125670
0.255722 0.124337
0.245885 0.122772
0.236207 0.120867
0.226656 0.118850
0.217201 0.116966
0.207843 0.115190
0.198644 0.113313
0.189659 0.111119
0.180878 0.108607
0.172235 0.106088
0.163676 0.103810
0.155233 0.101640
0.147006 0.099318
0.139065 0.096607
0.131349 0.093661
0.123762 0.090835
0.116231 0.088328
0.108855 0.085892
0.101780 0.083216
0.095059 0.080105
0.088562 0.076880
0.082149 0.073924
0.075765 0.071314
0.069616 0.068690
0.063900 0.065694
0.058587 0.062289
0.053452 0.058937
0.048294 0.056031
0.043162 0.053438
0.038420 0.050708
0.034284 0.047479
0.030526 0.043991
0.026848 0.040746
0.023048 0.038017
0.019346 0.035504
0.016076 0.032859
0.013170 0.030056
0.010605 0.027225
0.008377 0.024440
0.006383 0.021688
0.004762 0.019004
0.003552 0.016412
0.002545 0.013910
0.001756 0.011559
0.001199 0.009406
0.000838 0.007467
0.000544 0.005713
0.000319 0.004177
0.000164 0.002879
0.000071 0.001828
0.000023 0.001020
0.000005 0.000450
0.000000 0.000112
0.000000 0.000000
0.000002 -0.000112
0.000025 -0.000448
0.000119 -0.001008
0.000337 -0.001783
0.000707 -0.002753
0.001186 -0.003870
0.001913 -0.005127
0.002945 -0.006505
0.004198 -0.007975
0.005636 -0.009568
0.007358 -0.011249
0.009384 -0.012796
0.011826 -0.014006
0.014694 -0.015064
0.017665 -0.016362
0.020615 -0.018191
0.023702 -0.020222
0.027126 -0.021873
0.031010 -0.023021
0.035213 -0.024049
0.039521 -0.025351
0.043902 -0.027092
0.048461 -0.028923
0.053315 -0.030373
0.058497 -0.031459
0.063911 -0.032490
0.069447 -0.033791
0.075098 -0.035446
0.080931 -0.037124
0.087021 -0.038440
0.093372 -0.039465
0.099919 -0.040459
0.106594 -0.041695
0.113396 -0.043223
0.120368 -0.044742
0.127558 -0.045923
0.134965 -0.046849
0.142545 -0.047744
0.150250 -0.048842
0.158079 -0.050182
0.166060 -0.051498
0.174221 -0.052509
0.182561 -0.053290
0.191050 -0.054032
0.199658 -0.054920
0.208381 -0.055995
0.217234 -0.057022
0.226232 -0.057753
0.235372 -0.058276
0.244636 -0.058753
0.254002 -0.059334
0.263468 -0.060081
0.273039 -0.060764
0.282718 -0.061137
0.292503 -0.061343
0.302383 -0.061506
0.312346 -0.061704
0.322390 -0.061971
0.332511 -0.062194
0.342704 -0.062233
0.352965 -0.062020
0.363289 -0.061674
0.373670 -0.061336
0.384111 -0.061017
0.394596 -0.060633
0.405107 -0.060097
0.415636 -0.059162
0.426188 -0.057961
0.436767 -0.056766
0.447374 -0.055608
0.457995 -0.054388
0.468614 -0.053049
0.479219 -0.051509
0.489816 -0.049842
0.500417 -0.048193
0.511028 -0.046624
0.521633 -0.045066
0.532216 -0.043453
0.542765 -0.041730
0.553283 -0.039940
0.563777 -0.038172
0.574252 -0.036482
0.584698 -0.034831
0.595102 -0.033170
0.605451 -0.031456
0.615744 -0.029707
0.625988 -0.027991
0.636185 -0.026362
0.646329 -0.024799
0.656408 -0.023258
0.666411 -0.021703
0.676334 -0.020136
0.686180 -0.018605
0.695951 -0.017154
0.705641 -0.015774
0.715242 -0.014438
0.724745 -0.013121
0.734147 -0.011816
0.743444 -0.010552
0.752638 -0.009358
0.761724 -0.008232
0.770696 -0.007156
0.779547 -0.006118
0.788273 -0.005101
0.796871 -0.004129
0.805339 -0.003229
0.813675 -0.002406
0.821874 -0.001640
0.829928 -0.000909
0.837834 -0.000197
0.845587 0.000480
0.853188 0.001087
0.860634 0.001619
0.867919 0.002099
0.875039 0.002530
0.881991 0.002925
0.888771 0.003284
0.895377 0.003587
0.901805 0.003836
0.908052 0.004051
0.914115 0.004216
0.919991 0.004336
0.925678 0.004439
0.931171 0.004496
0.936470 0.004492
0.941570 0.004457
0.946471 0.004405
0.951168 0.004332
0.955660 0.004199
0.959945 0.004033
0.964019 0.003852
0.967883 0.003628
0.971532 0.003380
0.974965 0.003120
0.978182 0.002836
0.981180 0.002540
0.983959 0.002247
0.986518 0.001952
0.988856 0.001662
0.990973 0.001386
0.992867 0.001122
0.994538 0.000876
0.995988 0.000658
0.997214 0.000467
0.998217 0.000305
0.998998 0.000175
0.999555 0.000079
0.999889 0.000020
1.000000 -0.000000