m6
1.000000 0.002600
0.999887 0.002613
0.999547 0.002654
0.998981 0.002721
0.998189 0.002816
0.997171 0.002937
0.995929 0.003086
0.994461 0.003262
0.992770 0.003466
0.990855 0.003697
0.988718 0.003956
0.986360 0.004242
0.983782 0.004557
0.980984 0.004900
0.977969 0.005271
0.974738 0.005671
0.971291 0.006100
0.967632 0.006558
0.963761 0.007045
0.959680 0.007562
0.955391 0.008108
0.950896 0.008685
0.946198 0.009291
0.941297 0.009927
0.936196 0.010593
0.930899 0.011290
0.925407 0.012019
0.919722 0.012782
0.913849 0.013579
0.907790 0.014412
0.901547 0.015282
0.895125 0.016192
0.888525 0.017143
0.881751 0.018133
0.874806 0.019162
0.867692 0.020228
0.860413 0.021329
0.852971 0.022464
0.845370 0.023630
0.837612 0.024825
0.829702 0.026046
0.821641 0.027289
0.813434 0.028551
0.805083 0.029828
0.796592 0.031117
0.787966 0.032429
0.779210 0.033766
0.770326 0.035125
0.761319 0.036505
0.752193 0.037903
0.742950 0.039316
0.733596 0.040743
0.724134 0.042179
0.714567 0.043623
0.704900 0.045071
0.695137 0.046523
0.685285 0.047992
0.675346 0.049477
0.665325 0.050972
0.655227 0.052471
0.645054 0.053967
0.634811 0.055456
0.624502 0.056929
0.614130 0.058381
0.603700 0.059805
0.593215 0.061206
0.582684 0.062616
0.572110 0.064028
0.561497 0.065428
0.550850 0.066803
0.540173 0.068142
0.529469 0.069430
0.518744 0.070655
0.508001 0.071803
0.497244 0.072866
0.486478 0.073923
0.475709 0.074987
0.464941 0.076032
0.454180 0.077033
0.443432 0.077962
0.432701 0.078797
0.421993 0.079511
0.411313 0.080080
0.400667 0.080481
0.390057 0.080773
0.379484 0.081048
0.368957 0.081303
0.358480 0.081533
0.348061 0.081735
0.337706 0.081905
0.327421 0.082039
0.317213 0.082135
0.307087 0.082189
0.297048 0.082191
0.287096 0.082033
0.277232 0.081700
0.267463 0.081218
0.257796 0.080614
0.248236 0.079912
0.238791 0.079136
0.229465 0.078308
0.220263 0.077450
0.211193 0.076580
0.202258 0.075717
0.193461 0.074815
0.184802 0.073747
0.176288 0.072546
0.167928 0.071248
0.159729 0.069888
0.151696 0.068498
0.143831 0.067074
0.136127 0.065565
0.128593 0.063982
0.121235 0.062339
0.114061 0.060649
0.107076 0.058924
0.100286 0.057175
0.093697 0.055348
0.087311 0.053413
0.081127 0.051429
0.075142 0.049447
0.069343 0.047495
0.063734 0.045549
0.058337 0.043587
0.053172 0.041595
0.048248 0.039561
0.043532 0.037500
0.039029 0.035424
0.034754 0.033342
0.030719 0.031263
0.026929 0.029198
0.023362 0.027160
0.019905 0.025151
0.016728 0.023128
0.013986 0.021059
0.011732 0.018925
0.009579 0.016674
0.007534 0.014388
0.005698 0.012159
0.004129 0.010050
0.002850 0.008109
0.001859 0.006363
0.001131 0.004829
0.000630 0.003513
0.000312 0.002416
0.000130 0.001532
0.000042 0.000855
0.000008 0.000378
0.000001 0.000094
0.000000 0.000000
0.000001 -0.000094
0.000009 -0.000379
0.000047 -0.000860
0.000146 -0.001546
0.000348 -0.002448
0.000702 -0.003572
0.001259 -0.004923
0.002066 -0.006494
0.003161 -0.008265
0.004567 -0.010197
0.006282 -0.012227
0.008272 -0.014258
0.010463 -0.016156
0.012733 -0.017742
0.015414 -0.019056
0.018701 -0.020227
0.022377 -0.021290
0.026145 -0.022309
0.030067 -0.023318
0.034223 -0.024303
0.038606 -0.025252
0.043208 -0.026152
0.048017 -0.026987
0.053025 -0.027748
0.058248 -0.028452
0.063681 -0.029107
0.069313 -0.029723
0.075135 -0.030313
0.081143 -0.030894
0.087340 -0.031453
0.093723 -0.031970
0.100287 -0.032418
0.107029 -0.032812
0.113948 -0.033181
0.121039 -0.033526
0.128299 -0.033851
0.135723 -0.034159
0.143308 -0.034453
0.151048 -0.034738
0.158942 -0.035016
0.166986 -0.035285
0.175177 -0.035542
0.183511 -0.035785
0.191984 -0.036009
0.200592 -0.036213
0.209332 -0.036403
0.218199 -0.036585
0.227189 -0.036760
0.236300 -0.036927
0.245526 -0.037088
0.254863 -0.037242
0.264307 -0.037391
0.273855 -0.037535
0.283501 -0.037674
0.293241 -0.037809
0.303071 -0.037941
0.312987 -0.038074
0.322984 -0.038206
0.333058 -0.038336
0.343204 -0.038463
0.353418 -0.038583
0.363695 -0.038696
0.374031 -0.038799
0.384421 -0.038890
0.394860 -0.038968
0.405345 -0.039031
0.415869 -0.039093
0.426430 -0.039153
0.437021 -0.039210
0.447638 -0.039262
0.458276 -0.039309
0.468931 -0.039347
0.479598 -0.039376
0.490272 -0.039394
0.500948 -0.039400
0.511622 -0.039376
0.522288 -0.039316
0.532944 -0.039224
0.543582 -0.039105
0.554199 -0.038963
0.564789 -0.038804
0.575349 -0.038631
0.585872 -0.038450
0.596354 -0.038265
0.606790 -0.038070
0.617178 -0.037834
0.627511 -0.037558
0.637786 -0.037248
0.647996 -0.036907
0.658138 -0.036540
0.668207 -0.036151
0.678197 -0.035744
0.688104 -0.035323
0.697924 -0.034892
0.707652 -0.034444
0.717286 -0.033956
0.726820 -0.033431
0.736252 -0.032874
0.745574 -0.032289
0.754784 -0.031679
0.763877 -0.031048
0.772848 -0.030399
0.781692 -0.029736
0.790407 -0.029063
0.798987 -0.028382
0.807430 -0.027682
0.815732 -0.026949
0.823890 -0.026187
0.831901 -0.025403
0.839761 -0.024601
0.847466 -0.023787
0.855013 -0.022965
0.862399 -0.022140
0.869620 -0.021315
0.876674 -0.020494
0.883556 -0.019681
0.890265 -0.018878
0.896798 -0.018089
0.903151 -0.017313
0.909321 -0.016531
0.915306 -0.015747
0.921104 -0.014964
0.926711 -0.014187
0.932126 -0.013421
0.937346 -0.012669
0.942369 -0.011934
0.947193 -0.011220
0.951816 -0.010527
0.956237 -0.009854
0.960453 -0.009201
0.964463 -0.008570
0.968265 -0.007964
0.971858 -0.007383
0.975241 -0.006830
0.978411 -0.006307
0.981369 -0.005813
0.984112 -0.005351
0.986639 -0.004922
0.988951 -0.004527
0.991044 -0.004166
0.992920 -0.003842
0.994577 -0.003553
0.996014 -0.003302
0.997231 -0.003089
0.998227 -0.002913
0.999003 -0.002776
0.999557 -0.002678
0.999889 -0.002620
1.000000 -0.002600