ma409sm
1.000000 0.000340
0.999890 0.000367
0.999561 0.000447
0.999013 0.000581
0.998246 0.000768
0.997260 0.001008
0.996055 0.001301
0.994633 0.001646
0.992993 0.002042
0.991136 0.002487
0.989062 0.002976
0.986771 0.003512
0.984265 0.004092
0.981545 0.004714
0.978611 0.005376
0.975464 0.006079
0.972106 0.006820
0.968537 0.007596
0.964759 0.008403
0.960773 0.009242
0.956581 0.010112
0.952184 0.011009
0.947584 0.011931
0.942783 0.012879
0.937783 0.013850
0.932586 0.014843
0.927195 0.015855
0.921610 0.016885
0.915835 0.017933
0.909872 0.018996
0.903725 0.020073
0.897394 0.021163
0.890883 0.022265
0.884195 0.023374
0.877333 0.024489
0.870298 0.025610
0.863095 0.026735
0.855727 0.027864
0.848197 0.028994
0.840509 0.030128
0.832664 0.031262
0.824668 0.032391
0.816523 0.033513
0.808233 0.034630
0.799801 0.035741
0.791232 0.036844
0.782530 0.037942
0.773697 0.039033
0.764739 0.040113
0.755659 0.041178
0.746461 0.042227
0.737148 0.043262
0.727726 0.044281
0.718198 0.045282
0.708569 0.046267
0.698843 0.047234
0.689024 0.048181
0.679117 0.049103
0.669126 0.050005
0.659056 0.050885
0.648910 0.051738
0.638695 0.052560
0.628413 0.053358
0.618070 0.054128
0.607671 0.054868
0.597220 0.055579
0.586723 0.056265
0.576182 0.056919
0.565605 0.057535
0.554994 0.058125
0.544356 0.058683
0.533694 0.059205
0.523015 0.059689
0.512322 0.060145
0.501620 0.060567
0.490914 0.060949
0.480210 0.061303
0.469512 0.061630
0.458825 0.061915
0.448154 0.062158
0.437503 0.062384
0.426878 0.062573
0.416283 0.062701
0.405723 0.062788
0.395203 0.062859
0.384728 0.062903
0.374303 0.062903
0.363932 0.062844
0.353620 0.062741
0.343371 0.062617
0.333192 0.062454
0.323086 0.062217
0.313058 0.061933
0.303113 0.061624
0.293256 0.061260
0.283490 0.060840
0.273822 0.060380
0.264255 0.059884
0.254793 0.059330
0.245442 0.058728
0.236206 0.058091
0.227090 0.057406
0.218096 0.056670
0.209231 0.055892
0.200498 0.055077
0.191901 0.054211
0.183445 0.053299
0.175134 0.052351
0.166972 0.051362
0.158962 0.050326
0.151109 0.049251
0.143418 0.048141
0.135891 0.046988
0.128531 0.045795
0.121345 0.044568
0.114336 0.043308
0.107504 0.042009
0.100855 0.040676
0.094395 0.039317
0.088124 0.037925
0.082044 0.036503
0.076162 0.035060
0.070479 0.033600
0.064996 0.032117
0.059716 0.030621
0.054644 0.029119
0.049778 0.027614
0.045120 0.026105
0.040677 0.024596
0.036452 0.023092
0.032437 0.021597
0.028641 0.020109
0.025074 0.018630
0.021729 0.017167
0.018598 0.015723
0.015705 0.014293
0.013063 0.012874
0.010624 0.011484
0.008415 0.010120
0.006492 0.008773
0.004853 0.007448
0.003357 0.006151
0.002141 0.004909
0.001288 0.003754
0.000761 0.002703
0.000368 0.001737
0.000130 0.000953
0.000028 0.000395
0.000002 0.000068
0.000000 -0.000040
0.000002 -0.000148
0.000031 -0.000477
0.000144 -0.001038
0.000404 -0.001818
0.000829 -0.002740
0.001436 -0.003681
0.002466 -0.004689
0.003905 -0.005718
0.005573 -0.006691
0.007435 -0.007600
0.009614 -0.008471
0.012062 -0.009288
0.014708 -0.010050
0.017593 -0.010777
0.020720 -0.011458
0.024068 -0.012085
0.027629 -0.012667
0.031415 -0.013215
0.035418 -0.013714
0.039629 -0.014148
0.044050 -0.014551
0.048680 -0.014915
0.053512 -0.015213
0.058544 -0.015450
0.063775 -0.015676
0.069201 -0.015845
0.074818 -0.015900
0.080624 -0.015899
0.086616 -0.015897
0.092791 -0.015892
0.099146 -0.015868
0.105676 -0.015736
0.112381 -0.015527
0.119256 -0.015294
0.126298 -0.015049
0.133505 -0.014754
0.140872 -0.014422
0.148396 -0.014069
0.156075 -0.013683
0.163905 -0.013263
0.171881 -0.012818
0.180002 -0.012356
0.188264 -0.011867
0.196661 -0.011356
0.205192 -0.010828
0.213853 -0.010285
0.222639 -0.009722
0.231546 -0.009144
0.240572 -0.008556
0.249711 -0.007955
0.258960 -0.007343
0.268315 -0.006721
0.277772 -0.006093
0.287327 -0.005456
0.296975 -0.004814
0.306712 -0.004169
0.316534 -0.003520
0.326437 -0.002867
0.336416 -0.002218
0.346468 -0.001581
0.356587 -0.000949
0.366770 -0.000326
0.377012 0.000282
0.387309 0.000875
0.397656 0.001456
0.408048 0.002019
0.418481 0.002556
0.428951 0.003072
0.439452 0.003567
0.449981 0.004036
0.460532 0.004473
0.471100 0.004888
0.481681 0.005278
0.492270 0.005638
0.502863 0.005970
0.513453 0.006281
0.524038 0.006567
0.534611 0.006826
0.545168 0.007067
0.555705 0.007288
0.566216 0.007486
0.576697 0.007661
0.587143 0.007822
0.597549 0.007965
0.607911 0.008081
0.618225 0.008181
0.628485 0.008271
0.638686 0.008339
0.648826 0.008379
0.658897 0.008406
0.668898 0.008427
0.678822 0.008438
0.688665 0.008436
0.698424 0.008409
0.708093 0.008366
0.717669 0.008315
0.727146 0.008258
0.736522 0.008182
0.745791 0.008091
0.754949 0.007993
0.763993 0.007886
0.772919 0.007764
0.781722 0.007630
0.790398 0.007491
0.798944 0.007345
0.807356 0.007189
0.815630 0.007026
0.823762 0.006856
0.831749 0.006678
0.839588 0.006491
0.847274 0.006298
0.854804 0.006100
0.862176 0.005895
0.869385 0.005684
0.876428 0.005467
0.883303 0.005249
0.890006 0.005026
0.896535 0.004799
0.902886 0.004570
0.909056 0.004341
0.915043 0.004110
0.920845 0.003879
0.926458 0.003647
0.931881 0.003416
0.937110 0.003186
0.942143 0.002956
0.946979 0.002727
0.951615 0.002502
0.956048 0.002279
0.960278 0.002060
0.964302 0.001845
0.968119 0.001637
0.971726 0.001436
0.975122 0.001241
0.978307 0.001053
0.981277 0.000875
0.984033 0.000706
0.986572 0.000546
0.988895 0.000397
0.990999 0.000261
0.992884 0.000137
0.994549 0.000026
0.995994 -0.000072
0.997217 -0.000157
0.998218 -0.000228
0.998998 -0.000285
0.999554 -0.000327
0.999889 -0.000352
1.000000 -0.000360