marske2
1.000000 0.000000
0.999885 0.000014
0.999541 0.000057
0.998968 0.000128
0.998166 0.000227
0.997136 0.000355
0.995877 0.000511
0.994391 0.000695
0.992678 0.000907
0.990738 0.001148
0.988574 0.001416
0.986185 0.001711
0.983573 0.002034
0.980739 0.002385
0.977684 0.002762
0.974410 0.003167
0.970918 0.003598
0.967209 0.004055
0.963285 0.004539
0.959148 0.005049
0.954800 0.005584
0.950243 0.006145
0.945478 0.006731
0.940508 0.007342
0.935335 0.007977
0.929962 0.008636
0.924390 0.009319
0.918622 0.010025
0.912661 0.010754
0.906509 0.011506
0.900169 0.012279
0.893644 0.013074
0.886937 0.013890
0.880051 0.014725
0.872988 0.015580
0.865752 0.016455
0.858346 0.017349
0.850773 0.018263
0.843038 0.019196
0.835142 0.020148
0.827091 0.021120
0.818887 0.022111
0.810535 0.023122
0.802037 0.024153
0.793398 0.025199
0.784620 0.026254
0.775708 0.027319
0.766665 0.028397
0.757497 0.029491
0.748208 0.030604
0.738802 0.031740
0.729285 0.032901
0.719661 0.034093
0.709936 0.035320
0.700113 0.036585
0.690200 0.037904
0.680201 0.039280
0.670120 0.040702
0.659958 0.042160
0.649720 0.043641
0.639409 0.045131
0.629027 0.046619
0.618577 0.048091
0.608064 0.049531
0.597488 0.050927
0.586859 0.052304
0.576181 0.053671
0.565460 0.055028
0.554700 0.056369
0.543906 0.057693
0.533083 0.058995
0.522235 0.060274
0.511368 0.061525
0.500485 0.062746
0.489593 0.063946
0.478696 0.065133
0.467798 0.066303
0.456905 0.067450
0.446021 0.068570
0.435152 0.069656
0.424301 0.070705
0.413474 0.071711
0.402676 0.072670
0.391912 0.073586
0.381185 0.074479
0.370501 0.075346
0.359864 0.076185
0.349281 0.076991
0.338755 0.077764
0.328292 0.078499
0.317897 0.079194
0.307575 0.079846
0.297330 0.080455
0.287165 0.081028
0.277085 0.081565
0.267095 0.082059
0.257200 0.082505
0.247405 0.082904
0.237715 0.083315
0.228132 0.083721
0.218663 0.084068
0.209311 0.084309
0.200082 0.084400
0.190973 0.084360
0.181988 0.084248
0.173139 0.084076
0.164435 0.083855
0.155888 0.083597
0.147504 0.083297
0.139265 0.082733
0.131180 0.081891
0.123265 0.080839
0.115536 0.079640
0.108008 0.078353
0.100694 0.077028
0.093590 0.075521
0.086698 0.073675
0.080038 0.071639
0.073628 0.069542
0.067430 0.067332
0.061457 0.064982
0.055750 0.062519
0.050342 0.059969
0.045208 0.057313
0.040306 0.054535
0.035660 0.051683
0.031284 0.048798
0.027190 0.045917
0.023339 0.043067
0.019531 0.040209
0.016086 0.037307
0.013320 0.034340
0.011275 0.031257
0.009389 0.027970
0.007649 0.024615
0.006088 0.021312
0.004723 0.018153
0.003562 0.015205
0.002602 0.012511
0.001832 0.010095
0.001234 0.007969
0.000789 0.006130
0.000472 0.004570
0.000259 0.003272
0.000127 0.002219
0.000053 0.001391
0.000017 0.000769
0.000003 0.000338
0.000000 0.000084
0.000000 0.000000
0.000001 -0.000083
0.000018 -0.000334
0.000090 -0.000751
0.000276 -0.001334
0.000653 -0.002078
0.001300 -0.002978
0.002291 -0.004020
0.003677 -0.005183
0.005471 -0.006435
0.007627 -0.007729
0.010021 -0.009001
0.012425 -0.010165
0.014890 -0.011204
0.017714 -0.012178
0.020846 -0.013080
0.024203 -0.013915
0.027723 -0.014699
0.031473 -0.015445
0.035452 -0.016156
0.039653 -0.016843
0.044065 -0.017518
0.048676 -0.018203
0.053477 -0.018908
0.058481 -0.019604
0.063685 -0.020292
0.069085 -0.020975
0.074677 -0.021661
0.080458 -0.022346
0.086427 -0.023024
0.092582 -0.023701
0.098918 -0.024384
0.105431 -0.025080
0.112119 -0.025785
0.118979 -0.026498
0.126008 -0.027219
0.133203 -0.027946
0.140561 -0.028678
0.148078 -0.029414
0.155752 -0.030158
0.163577 -0.030917
0.171552 -0.031682
0.179673 -0.032443
0.187938 -0.033188
0.196343 -0.033904
0.204885 -0.034585
0.213561 -0.035249
0.222365 -0.035895
0.231295 -0.036518
0.240345 -0.037112
0.249512 -0.037671
0.258790 -0.038203
0.268178 -0.038715
0.277670 -0.039203
0.287261 -0.039659
0.296947 -0.040078
0.306724 -0.040470
0.316586 -0.040881
0.326530 -0.041302
0.336552 -0.041718
0.346646 -0.042116
0.356809 -0.042481
0.367035 -0.042798
0.377319 -0.043050
0.387658 -0.043222
0.398047 -0.043298
0.408480 -0.043299
0.418955 -0.043296
0.429465 -0.043291
0.440007 -0.043283
0.450576 -0.043273
0.461165 -0.043261
0.471771 -0.043247
0.482388 -0.043231
0.493012 -0.043213
0.503637 -0.043188
0.514260 -0.043105
0.524876 -0.042955
0.535480 -0.042748
0.546067 -0.042494
0.556632 -0.042202
0.567171 -0.041882
0.577677 -0.041543
0.588147 -0.041195
0.598575 -0.040847
0.608957 -0.040484
0.619291 -0.040071
0.629570 -0.039613
0.639790 -0.039115
0.649945 -0.038581
0.660031 -0.038015
0.670043 -0.037423
0.679976 -0.036808
0.689825 -0.036175
0.699584 -0.035528
0.709252 -0.034848
0.718823 -0.034113
0.728294 -0.033333
0.737661 -0.032515
0.746919 -0.031666
0.756065 -0.030793
0.765093 -0.029904
0.774001 -0.029005
0.782784 -0.028101
0.791438 -0.027199
0.799960 -0.026304
0.808345 -0.025403
0.816590 -0.024482
0.824692 -0.023548
0.832647 -0.022604
0.840452 -0.021656
0.848104 -0.020709
0.855600 -0.019765
0.862936 -0.018829
0.870110 -0.017905
0.877118 -0.016994
0.883958 -0.016102
0.890626 -0.015228
0.897120 -0.014377
0.903438 -0.013549
0.909575 -0.012737
0.915530 -0.011943
0.921300 -0.011168
0.926882 -0.010412
0.932274 -0.009676
0.937473 -0.008961
0.942478 -0.008269
0.947286 -0.007599
0.951895 -0.006954
0.956303 -0.006333
0.960508 -0.005738
0.964508 -0.005168
0.968302 -0.004626
0.971889 -0.004111
0.975265 -0.003624
0.978431 -0.003166
0.981384 -0.002737
0.984124 -0.002338
0.986648 -0.001969
0.988957 -0.001630
0.991049 -0.001323
0.992924 -0.001047
0.994579 -0.000803
0.996016 -0.000591
0.997232 -0.000411
0.998228 -0.000263
0.999003 -0.000148
0.999557 -0.000066
0.999889 -0.000016
1.000000 -0.000000