marske3
1.000000 0.000000
0.999885 0.000015
0.999542 0.000060
0.998969 0.000136
0.998168 0.000242
0.997138 0.000377
0.995881 0.000543
0.994396 0.000739
0.992685 0.000964
0.990747 0.001218
0.988585 0.001502
0.986198 0.001814
0.983589 0.002156
0.980757 0.002526
0.977705 0.002924
0.974433 0.003349
0.970944 0.003803
0.967238 0.004283
0.963317 0.004790
0.959183 0.005323
0.954838 0.005881
0.950284 0.006465
0.945522 0.007074
0.940555 0.007707
0.935385 0.008364
0.930014 0.009044
0.924445 0.009747
0.918680 0.010471
0.912721 0.011217
0.906571 0.011984
0.900233 0.012771
0.893710 0.013577
0.887004 0.014399
0.880118 0.015238
0.873055 0.016094
0.865819 0.016967
0.858413 0.017856
0.850839 0.018761
0.843103 0.019683
0.835206 0.020621
0.827153 0.021577
0.818947 0.022550
0.810592 0.023541
0.802092 0.024551
0.793450 0.025574
0.784669 0.026598
0.775752 0.027627
0.766705 0.028663
0.757531 0.029712
0.748236 0.030779
0.738825 0.031870
0.729303 0.032989
0.719675 0.034143
0.709947 0.035339
0.700123 0.036584
0.690210 0.037892
0.680211 0.039264
0.670131 0.040691
0.659971 0.042161
0.649736 0.043660
0.639429 0.045176
0.629051 0.046696
0.618607 0.048205
0.608098 0.049689
0.597529 0.051134
0.586907 0.052568
0.576238 0.054003
0.565527 0.055432
0.554777 0.056853
0.543994 0.058258
0.533181 0.059643
0.522344 0.061004
0.511487 0.062334
0.500613 0.063628
0.489729 0.064896
0.478840 0.066148
0.467949 0.067380
0.457063 0.068589
0.446186 0.069771
0.435323 0.070920
0.424479 0.072032
0.413659 0.073105
0.402868 0.074134
0.392110 0.075125
0.381390 0.076100
0.370712 0.077053
0.360083 0.077978
0.349506 0.078871
0.338987 0.079724
0.328530 0.080534
0.318140 0.081294
0.307822 0.082000
0.297580 0.082650
0.287418 0.083269
0.277340 0.083853
0.267351 0.084378
0.257456 0.084825
0.247661 0.085177
0.237969 0.085503
0.228384 0.085808
0.218911 0.086061
0.209558 0.086234
0.200328 0.086300
0.191220 0.086227
0.182236 0.086016
0.173388 0.085698
0.164688 0.085301
0.156148 0.084850
0.147777 0.084358
0.139555 0.083629
0.131488 0.082638
0.123594 0.081448
0.115887 0.080114
0.108382 0.078691
0.101090 0.077224
0.094013 0.075605
0.087150 0.073672
0.080515 0.071562
0.074121 0.069397
0.067932 0.067162
0.061959 0.064814
0.056249 0.062362
0.050837 0.059816
0.045707 0.057161
0.040806 0.054383
0.036158 0.051527
0.031785 0.048631
0.027702 0.045731
0.023896 0.042855
0.020163 0.039964
0.016729 0.037031
0.013876 0.034051
0.011738 0.031007
0.009822 0.027759
0.008034 0.024414
0.006416 0.021107
0.004993 0.017939
0.003775 0.014983
0.002764 0.012286
0.001949 0.009875
0.001316 0.007762
0.000842 0.005945
0.000504 0.004412
0.000277 0.003145
0.000136 0.002124
0.000056 0.001326
0.000018 0.000731
0.000004 0.000320
0.000000 0.000079
0.000000 0.000000
0.000001 -0.000079
0.000020 -0.000316
0.000099 -0.000710
0.000305 -0.001259
0.000719 -0.001958
0.001427 -0.002800
0.002506 -0.003768
0.004005 -0.004840
0.005925 -0.005981
0.008200 -0.007139
0.010667 -0.008247
0.013064 -0.009217
0.015630 -0.010065
0.018525 -0.010834
0.021695 -0.011562
0.025056 -0.012313
0.028584 -0.013109
0.032328 -0.013913
0.036285 -0.014725
0.040452 -0.015541
0.044826 -0.016364
0.049403 -0.017194
0.054179 -0.018031
0.059158 -0.018869
0.064338 -0.019703
0.069714 -0.020528
0.075284 -0.021340
0.081046 -0.022142
0.086999 -0.022931
0.093139 -0.023701
0.099463 -0.024440
0.105968 -0.025152
0.112651 -0.025851
0.119510 -0.026537
0.126539 -0.027212
0.133737 -0.027877
0.141098 -0.028533
0.148618 -0.029182
0.156294 -0.029833
0.164124 -0.030487
0.172104 -0.031134
0.180231 -0.031763
0.188502 -0.032361
0.196914 -0.032914
0.205462 -0.033408
0.214144 -0.033852
0.222957 -0.034264
0.231893 -0.034662
0.240948 -0.035068
0.250115 -0.035506
0.259391 -0.035987
0.268772 -0.036496
0.278255 -0.037013
0.287837 -0.037518
0.297514 -0.037988
0.307282 -0.038428
0.317136 -0.038886
0.327071 -0.039354
0.337083 -0.039820
0.347168 -0.040270
0.357321 -0.040690
0.367538 -0.041067
0.377813 -0.041385
0.388143 -0.041630
0.398523 -0.041786
0.408948 -0.041877
0.419415 -0.041960
0.429917 -0.042037
0.440451 -0.042106
0.451012 -0.042165
0.461594 -0.042215
0.472193 -0.042255
0.482803 -0.042282
0.493421 -0.042297
0.504039 -0.042298
0.514657 -0.042279
0.525268 -0.042239
0.535868 -0.042179
0.546450 -0.042102
0.557012 -0.042010
0.567546 -0.041903
0.578048 -0.041784
0.588513 -0.041654
0.598936 -0.041515
0.609313 -0.041323
0.619642 -0.041020
0.629916 -0.040623
0.640132 -0.040146
0.650282 -0.039603
0.660363 -0.039010
0.670368 -0.038381
0.680294 -0.037729
0.690135 -0.037067
0.699886 -0.036408
0.709543 -0.035712
0.719102 -0.034938
0.728561 -0.034099
0.737914 -0.033209
0.747158 -0.032279
0.756290 -0.031322
0.765305 -0.030349
0.774199 -0.029369
0.782970 -0.028393
0.791613 -0.027429
0.800125 -0.026486
0.808501 -0.025550
0.816739 -0.024604
0.824833 -0.023653
0.832781 -0.022698
0.840580 -0.021745
0.848226 -0.020796
0.855716 -0.019853
0.863047 -0.018919
0.870215 -0.017997
0.877218 -0.017089
0.884053 -0.016197
0.890717 -0.015323
0.897206 -0.014469
0.903518 -0.013635
0.909651 -0.012818
0.915601 -0.012018
0.921366 -0.011238
0.926943 -0.010476
0.932330 -0.009736
0.937525 -0.009016
0.942526 -0.008320
0.947330 -0.007646
0.951935 -0.006996
0.956339 -0.006372
0.960541 -0.005772
0.964538 -0.005200
0.968329 -0.004654
0.971912 -0.004136
0.975286 -0.003646
0.978449 -0.003185
0.981400 -0.002753
0.984137 -0.002352
0.986660 -0.001980
0.988967 -0.001640
0.991057 -0.001331
0.992929 -0.001053
0.994584 -0.000808
0.996019 -0.000594
0.997234 -0.000413
0.998229 -0.000265
0.999004 -0.000149
0.999557 -0.000066
0.999889 -0.000017
1.000000 0.000000