marsden
1.000000 0.000000
0.999968 0.000125
0.999864 0.000496
0.999666 0.001104
0.999342 0.001922
0.998852 0.002908
0.998078 0.004034
0.996989 0.005284
0.995687 0.006644
0.994140 0.008100
0.992314 0.009634
0.990248 0.011234
0.987906 0.012881
0.985303 0.014589
0.982480 0.016388
0.979416 0.018261
0.976113 0.020196
0.972570 0.022187
0.968783 0.024229
0.964763 0.026326
0.960510 0.028475
0.956022 0.030672
0.951309 0.032920
0.946370 0.035217
0.941206 0.037558
0.935823 0.039946
0.930220 0.042376
0.924402 0.044849
0.918373 0.047365
0.912134 0.049921
0.905690 0.052518
0.899045 0.055157
0.892199 0.057834
0.885158 0.060549
0.877924 0.063301
0.870501 0.066088
0.862895 0.068917
0.855110 0.071786
0.847147 0.074692
0.839013 0.077636
0.830708 0.080614
0.822240 0.083629
0.813611 0.086682
0.804826 0.089769
0.795890 0.092892
0.786807 0.096054
0.777582 0.099251
0.768218 0.102484
0.758721 0.105751
0.749094 0.109051
0.739342 0.112385
0.729470 0.115750
0.719483 0.119148
0.709387 0.122582
0.699185 0.126049
0.688884 0.129550
0.678489 0.133084
0.668002 0.136650
0.657431 0.140246
0.646779 0.143872
0.636051 0.147525
0.625253 0.151208
0.614392 0.154922
0.603470 0.158663
0.592494 0.162431
0.581468 0.166225
0.570397 0.170042
0.559286 0.173879
0.548140 0.177736
0.536963 0.181609
0.525761 0.185500
0.514540 0.189407
0.503302 0.193321
0.492051 0.197239
0.480793 0.201160
0.469525 0.205062
0.458254 0.208949
0.446982 0.212809
0.435693 0.216570
0.424414 0.220367
0.413108 0.223964
0.401698 0.226990
0.390187 0.229718
0.378623 0.231847
0.367024 0.233266
0.355389 0.234384
0.343794 0.234760
0.332247 0.234739
0.320762 0.234689
0.309373 0.234423
0.298075 0.233362
0.286896 0.232005
0.275844 0.230435
0.264925 0.228509
0.254157 0.226395
0.243540 0.223988
0.233088 0.221361
0.222808 0.218536
0.212703 0.215479
0.202789 0.212254
0.193065 0.208828
0.183541 0.205231
0.174224 0.201491
0.165114 0.197585
0.156225 0.193552
0.147557 0.189382
0.139115 0.185087
0.130911 0.180693
0.122938 0.176187
0.115209 0.171596
0.107725 0.166928
0.100485 0.162182
0.093505 0.157381
0.086775 0.152522
0.080304 0.147619
0.074098 0.142691
0.068146 0.137735
0.062462 0.132770
0.057046 0.127805
0.051887 0.122843
0.047005 0.117905
0.042383 0.112995
0.038022 0.108121
0.033941 0.103302
0.030110 0.098540
0.026540 0.093848
0.023252 0.089239
0.020204 0.084717
0.017408 0.080299
0.014875 0.076002
0.012551 0.071832
0.010461 0.067799
0.008638 0.063914
0.007010 0.060184
0.005574 0.056618
0.004381 0.053234
0.003424 0.050041
0.002596 0.047039
0.001908 0.044246
0.001375 0.041677
0.000996 0.039343
0.000704 0.037231
0.000455 0.035345
0.000266 0.033707
0.000136 0.032325
0.000059 0.031204
0.000019 0.030339
0.000004 0.029726
0.000000 0.029361
0.000000 0.029240
0.000000 0.029119
0.000002 0.028756
0.000009 0.028155
0.000026 0.027317
0.000063 0.026248
0.000126 0.024953
0.000223 0.023434
0.000360 0.021696
0.000540 0.019738
0.000762 0.017557
0.001017 0.015146
0.001369 0.012503
0.001871 0.009641
0.002522 0.006569
0.003306 0.003303
0.004203 -0.000140
0.005298 -0.003793
0.006650 -0.007613
0.008287 -0.011507
0.010305 -0.015428
0.012903 -0.019396
0.015996 -0.023103
0.019777 -0.026540
0.024190 -0.029516
0.029129 -0.031817
0.034560 -0.033718
0.040224 -0.035322
0.046176 -0.036709
0.052340 -0.037952
0.058731 -0.039074
0.065321 -0.040119
0.072112 -0.041100
0.079097 -0.041992
0.086274 -0.042810
0.093638 -0.043551
0.101182 -0.044207
0.108904 -0.044800
0.116797 -0.045317
0.124858 -0.045777
0.133082 -0.046177
0.141465 -0.046514
0.150002 -0.046810
0.158689 -0.047030
0.167522 -0.047210
0.176497 -0.047338
0.185609 -0.047359
0.194854 -0.047354
0.204228 -0.047343
0.213725 -0.047285
0.223342 -0.047128
0.233074 -0.046941
0.242917 -0.046724
0.252867 -0.046459
0.262918 -0.046166
0.273066 -0.045828
0.283307 -0.045454
0.293636 -0.045054
0.304048 -0.044618
0.314539 -0.044154
0.325104 -0.043663
0.335739 -0.043141
0.346438 -0.042590
0.357196 -0.042011
0.368010 -0.041400
0.378873 -0.040755
0.389780 -0.040074
0.400727 -0.039354
0.411708 -0.038588
0.422718 -0.037775
0.433751 -0.036911
0.444802 -0.035993
0.455865 -0.035014
0.466935 -0.033972
0.478005 -0.032861
0.489071 -0.031674
0.500126 -0.030415
0.511163 -0.029076
0.522179 -0.027653
0.533165 -0.026153
0.544118 -0.024565
0.555031 -0.022891
0.565898 -0.021142
0.576714 -0.019305
0.587475 -0.017390
0.598174 -0.015410
0.608807 -0.013348
0.619372 -0.011230
0.629867 -0.009082
0.640285 -0.006886
0.650628 -0.004672
0.660894 -0.002462
0.671076 -0.000242
0.681177 0.001952
0.691198 0.004097
0.701130 0.006208
0.710976 0.008251
0.720732 0.010215
0.730394 0.012112
0.739960 0.013912
0.749426 0.015613
0.758788 0.017226
0.768040 0.018720
0.777181 0.020107
0.786203 0.021393
0.795103 0.022551
0.803875 0.023607
0.812515 0.024556
0.821016 0.025369
0.829376 0.026093
0.837588 0.026706
0.845646 0.027178
0.853548 0.027601
0.861287 0.027882
0.868858 0.027958
0.876259 0.027993
0.883483 0.028009
0.890524 0.027932
0.897380 0.027658
0.904045 0.027314
0.910516 0.026909
0.916789 0.026388
0.922858 0.025811
0.928721 0.025157
0.934375 0.024421
0.939812 0.023628
0.945032 0.022753
0.950030 0.021811
0.954799 0.020820
0.959342 0.019761
0.963652 0.018655
0.967724 0.017514
0.971562 0.016327
0.975159 0.015120
0.978515 0.013899
0.981633 0.012664
0.984504 0.011435
0.987145 0.010227
0.989540 0.009030
0.991665 0.007843
0.993544 0.006662
0.995175 0.005522
0.996570 0.004459
0.997800 0.003491
0.998710 0.002591
0.999272 0.001759
0.999634 0.001026
0.999852 0.000465
0.999965 0.000117
1.000000 0.000000