mb253515sm
1.000000 0.000000
0.999888 0.000024
0.999550 0.000094
0.998989 0.000212
0.998202 0.000376
0.997192 0.000588
0.995958 0.000846
0.994501 0.001150
0.992821 0.001501
0.990920 0.001897
0.988798 0.002339
0.986455 0.002826
0.983894 0.003358
0.981115 0.003935
0.978118 0.004555
0.974907 0.005218
0.971481 0.005925
0.967843 0.006673
0.963994 0.007463
0.959935 0.008294
0.955669 0.009166
0.951197 0.010077
0.946520 0.011025
0.941641 0.012009
0.936562 0.013027
0.931285 0.014081
0.925813 0.015171
0.920148 0.016298
0.914294 0.017464
0.908253 0.018671
0.902029 0.019921
0.895625 0.021215
0.889043 0.022549
0.882286 0.023924
0.875356 0.025336
0.868258 0.026785
0.860994 0.028271
0.853566 0.029790
0.845979 0.031344
0.838236 0.032933
0.830340 0.034558
0.822295 0.036214
0.814104 0.037899
0.805770 0.039609
0.797295 0.041343
0.788686 0.043103
0.779945 0.044889
0.771076 0.046697
0.762082 0.048521
0.752966 0.050356
0.743733 0.052202
0.734386 0.054063
0.724930 0.055935
0.715368 0.057812
0.705704 0.059686
0.695940 0.061554
0.686083 0.063424
0.676136 0.065292
0.666103 0.067148
0.655987 0.068984
0.645792 0.070792
0.635523 0.072587
0.625185 0.074362
0.614781 0.076106
0.604315 0.077807
0.593791 0.079460
0.583215 0.081086
0.572590 0.082672
0.561921 0.084202
0.551213 0.085660
0.540470 0.087055
0.529696 0.088408
0.518896 0.089698
0.508077 0.090905
0.497244 0.092012
0.486399 0.093051
0.475548 0.094029
0.464697 0.094933
0.453854 0.095752
0.443024 0.096478
0.432206 0.097114
0.421411 0.097648
0.410644 0.098113
0.399909 0.098472
0.389213 0.098755
0.378560 0.098952
0.367957 0.099007
0.357408 0.099034
0.346920 0.099032
0.336496 0.098905
0.326143 0.098703
0.315865 0.098448
0.305667 0.098098
0.295556 0.097694
0.285534 0.097204
0.275609 0.096637
0.265786 0.095989
0.256069 0.095243
0.246467 0.094412
0.236983 0.093467
0.227624 0.092421
0.218397 0.091280
0.209304 0.090021
0.200355 0.088666
0.191554 0.087209
0.182904 0.085640
0.174417 0.083982
0.166092 0.082226
0.157934 0.080368
0.149954 0.078429
0.142153 0.076403
0.134532 0.074287
0.127102 0.072100
0.119869 0.069845
0.112828 0.067510
0.105983 0.065123
0.099336 0.062715
0.092899 0.060244
0.086670 0.057730
0.080645 0.055202
0.074826 0.052663
0.069215 0.050122
0.063810 0.047587
0.058611 0.045071
0.053617 0.042579
0.048836 0.040112
0.044259 0.037682
0.039896 0.035286
0.035751 0.032925
0.031805 0.030620
0.028084 0.028352
0.024613 0.026103
0.021279 0.023931
0.018108 0.021839
0.015209 0.019787
0.012656 0.017752
0.010488 0.015725
0.008583 0.013672
0.006702 0.011573
0.004980 0.009530
0.003507 0.007616
0.002324 0.005880
0.001432 0.004351
0.000806 0.003042
0.000402 0.001954
0.000169 0.001084
0.000055 0.000421
0.000011 -0.000044
0.000001 -0.000319
0.000000 -0.000410
0.000001 -0.000501
0.000015 -0.000775
0.000075 -0.001238
0.000233 -0.001894
0.000550 -0.002749
0.001095 -0.003804
0.001929 -0.005049
0.003095 -0.006462
0.004605 -0.008003
0.006421 -0.009603
0.008437 -0.011158
0.010480 -0.012531
0.012797 -0.013773
0.015536 -0.014944
0.018641 -0.016057
0.022020 -0.017144
0.025528 -0.018260
0.029206 -0.019370
0.033120 -0.020446
0.037248 -0.021525
0.041578 -0.022617
0.046120 -0.023706
0.050865 -0.024810
0.055811 -0.025927
0.060955 -0.027056
0.066295 -0.028202
0.071828 -0.029361
0.077553 -0.030524
0.083469 -0.031690
0.089573 -0.032849
0.095864 -0.034001
0.102341 -0.035113
0.109002 -0.036203
0.115841 -0.037274
0.122856 -0.038308
0.130044 -0.039298
0.137403 -0.040254
0.144929 -0.041170
0.152616 -0.042038
0.160462 -0.042867
0.168463 -0.043653
0.176614 -0.044391
0.184913 -0.045088
0.193354 -0.045743
0.201932 -0.046353
0.210645 -0.046925
0.219489 -0.047457
0.228457 -0.047940
0.237548 -0.048388
0.246755 -0.048791
0.256076 -0.049147
0.265505 -0.049468
0.275038 -0.049741
0.284670 -0.049974
0.294398 -0.050171
0.304217 -0.050319
0.314121 -0.050447
0.324107 -0.050518
0.334169 -0.050532
0.344304 -0.050539
0.354507 -0.050530
0.364772 -0.050456
0.375096 -0.050349
0.385473 -0.050216
0.395900 -0.050044
0.406370 -0.049846
0.416880 -0.049612
0.427425 -0.049347
0.437999 -0.049046
0.448598 -0.048708
0.459217 -0.048332
0.469852 -0.047922
0.480498 -0.047480
0.491149 -0.047010
0.501801 -0.046514
0.512448 -0.045982
0.523088 -0.045411
0.533714 -0.044807
0.544321 -0.044177
0.554905 -0.043523
0.565461 -0.042833
0.575984 -0.042110
0.586470 -0.041360
0.596914 -0.040591
0.607312 -0.039803
0.617658 -0.038987
0.627948 -0.038148
0.638179 -0.037292
0.648344 -0.036423
0.658440 -0.035541
0.668463 -0.034642
0.678407 -0.033728
0.688269 -0.032805
0.698045 -0.031877
0.707729 -0.030943
0.717318 -0.029999
0.726808 -0.029050
0.736194 -0.028100
0.745474 -0.027153
0.754642 -0.026213
0.763694 -0.025274
0.772627 -0.024339
0.781437 -0.023410
0.790120 -0.022490
0.798673 -0.021581
0.807091 -0.020684
0.815371 -0.019795
0.823509 -0.018918
0.831501 -0.018055
0.839345 -0.017207
0.847037 -0.016378
0.854574 -0.015569
0.861952 -0.014775
0.869167 -0.013999
0.876217 -0.013242
0.883099 -0.012504
0.889810 -0.011786
0.896346 -0.011089
0.902705 -0.010413
0.908884 -0.009762
0.914880 -0.009133
0.920691 -0.008525
0.926313 -0.007938
0.931745 -0.007369
0.936983 -0.006820
0.942025 -0.006288
0.946869 -0.005774
0.951513 -0.005278
0.955954 -0.004802
0.960192 -0.004346
0.964223 -0.003911
0.968047 -0.003497
0.971661 -0.003106
0.975065 -0.002736
0.978255 -0.002388
0.981232 -0.002063
0.983994 -0.001761
0.986539 -0.001482
0.988867 -0.001227
0.990976 -0.000995
0.992865 -0.000787
0.994534 -0.000603
0.995983 -0.000444
0.997209 -0.000308
0.998213 -0.000198
0.998995 -0.000111
0.999553 -0.000049
0.999888 -0.000012
1.000000 0.000000