mh112
1.000000 0.000000
0.999887 -0.000001
0.999547 -0.000003
0.998982 -0.000005
0.998190 -0.000007
0.997173 -0.000008
0.995931 -0.000007
0.994464 0.000006
0.992774 0.000035
0.990860 0.000081
0.988724 0.000142
0.986368 0.000210
0.983792 0.000291
0.980997 0.000399
0.977985 0.000530
0.974757 0.000679
0.971313 0.000837
0.967657 0.000998
0.963788 0.001170
0.959710 0.001354
0.955423 0.001550
0.950931 0.001755
0.946234 0.001967
0.941334 0.002186
0.936234 0.002413
0.930937 0.002650
0.925444 0.002901
0.919759 0.003171
0.913884 0.003458
0.907821 0.003760
0.901574 0.004080
0.895145 0.004419
0.888537 0.004779
0.881753 0.005161
0.874796 0.005566
0.867670 0.005994
0.860377 0.006445
0.852922 0.006918
0.845306 0.007413
0.837534 0.007935
0.829610 0.008481
0.821536 0.009053
0.813317 0.009647
0.804956 0.010265
0.796457 0.010909
0.787824 0.011580
0.779060 0.012276
0.770170 0.012995
0.761158 0.013736
0.752027 0.014503
0.742782 0.015295
0.733426 0.016112
0.723965 0.016951
0.714401 0.017810
0.704741 0.018690
0.694987 0.019595
0.685144 0.020521
0.675216 0.021466
0.665208 0.022429
0.655125 0.023408
0.644970 0.024407
0.634748 0.025424
0.624465 0.026455
0.614122 0.027498
0.603727 0.028553
0.593283 0.029622
0.582795 0.030702
0.572267 0.031791
0.561704 0.032885
0.551110 0.033983
0.540491 0.035088
0.529850 0.036199
0.519193 0.037309
0.508524 0.038416
0.497847 0.039518
0.487167 0.040620
0.476489 0.041718
0.465818 0.042806
0.455157 0.043881
0.444512 0.044940
0.433887 0.045991
0.423286 0.047028
0.412716 0.048045
0.402178 0.049033
0.391679 0.049997
0.381223 0.050945
0.370814 0.051866
0.360457 0.052751
0.350157 0.053593
0.339917 0.054405
0.329742 0.055190
0.319638 0.055934
0.309608 0.056623
0.299656 0.057250
0.289787 0.057853
0.280006 0.058418
0.270317 0.058917
0.260725 0.059323
0.251234 0.059662
0.241847 0.059989
0.232570 0.060259
0.223408 0.060426
0.214367 0.060457
0.205446 0.060412
0.196653 0.060323
0.187994 0.060201
0.179476 0.060054
0.171098 0.059782
0.162864 0.059320
0.154785 0.058734
0.146870 0.058084
0.139124 0.057352
0.131542 0.056430
0.124136 0.055371
0.116918 0.054229
0.109894 0.053015
0.103058 0.051644
0.096417 0.050160
0.089979 0.048612
0.083748 0.047027
0.077717 0.045355
0.071893 0.043613
0.066284 0.041828
0.060895 0.040021
0.055715 0.038171
0.050750 0.036281
0.046014 0.034368
0.041512 0.032444
0.037227 0.030504
0.033164 0.028548
0.029339 0.026588
0.025764 0.024636
0.022416 0.022695
0.019283 0.020765
0.016399 0.018855
0.013780 0.016974
0.011421 0.015129
0.009273 0.013318
0.007356 0.011565
0.005684 0.009893
0.004255 0.008324
0.003063 0.006827
0.002104 0.005431
0.001348 0.004170
0.000805 0.003056
0.000420 0.002108
0.000197 0.001350
0.000062 0.000784
0.000018 0.000454
0.000014 0.000349
0.000015 0.000246
0.000022 -0.000051
0.000049 -0.000526
0.000206 -0.001172
0.000620 -0.001943
0.001262 -0.002793
0.002119 -0.003711
0.003184 -0.004687
0.004471 -0.005703
0.005965 -0.006748
0.007667 -0.007841
0.009575 -0.008949
0.011685 -0.010046
0.014005 -0.011165
0.016534 -0.012299
0.019267 -0.013435
0.022190 -0.014560
0.025297 -0.015667
0.028607 -0.016765
0.032117 -0.017851
0.035820 -0.018919
0.039706 -0.019965
0.043764 -0.020989
0.048009 -0.021997
0.052437 -0.022985
0.057043 -0.023949
0.061819 -0.024886
0.066760 -0.025796
0.071872 -0.026687
0.077151 -0.027555
0.082593 -0.028396
0.088193 -0.029208
0.093946 -0.029989
0.099854 -0.030749
0.105914 -0.031486
0.112122 -0.032195
0.118473 -0.032873
0.124963 -0.033516
0.131593 -0.034136
0.138358 -0.034732
0.145255 -0.035302
0.152279 -0.035841
0.159428 -0.036344
0.166698 -0.036823
0.174086 -0.037282
0.181590 -0.037715
0.189205 -0.038119
0.196926 -0.038489
0.204751 -0.038835
0.212676 -0.039164
0.220699 -0.039471
0.228815 -0.039751
0.237019 -0.039998
0.245309 -0.040215
0.253680 -0.040424
0.262130 -0.040617
0.270654 -0.040784
0.279247 -0.040914
0.287907 -0.041002
0.296630 -0.041075
0.305410 -0.041140
0.314246 -0.041193
0.323132 -0.041229
0.332064 -0.041243
0.341039 -0.041229
0.350052 -0.041185
0.359100 -0.041119
0.368178 -0.041037
0.377282 -0.040947
0.386408 -0.040851
0.395553 -0.040723
0.404711 -0.040565
0.413880 -0.040384
0.423054 -0.040189
0.432230 -0.039988
0.441403 -0.039775
0.450570 -0.039540
0.459726 -0.039287
0.468868 -0.039019
0.477991 -0.038742
0.487091 -0.038458
0.496164 -0.038163
0.505207 -0.037853
0.514215 -0.037532
0.523183 -0.037200
0.532109 -0.036860
0.540988 -0.036512
0.549816 -0.036153
0.558589 -0.035783
0.567304 -0.035404
0.575956 -0.035016
0.584542 -0.034621
0.593057 -0.034220
0.601499 -0.033808
0.609862 -0.033388
0.618144 -0.032961
0.626341 -0.032528
0.634449 -0.032091
0.642465 -0.031652
0.650385 -0.031208
0.658205 -0.030759
0.665922 -0.030306
0.673533 -0.029852
0.681035 -0.029396
0.688423 -0.028941
0.695695 -0.028486
0.702848 -0.028030
0.709877 -0.027574
0.716782 -0.027120
0.723557 -0.026667
0.730200 -0.026217
0.736709 -0.025771
0.743080 -0.025328
0.749310 -0.024889
0.755398 -0.024454
0.761339 -0.024023
0.767132 -0.023599
0.772774 -0.023181
0.778262 -0.022770
0.783595 -0.022366
0.788769 -0.021970
0.793782 -0.021582
0.798633 -0.021203
0.803319 -0.020833
0.807837 -0.020473
0.812187 -0.020122
0.816366 -0.019783
0.820372 -0.019456
0.824204 -0.019140
0.827859 -0.018836
0.831337 -0.018544
0.834635 -0.018266
0.837753 -0.018001
0.840689 -0.017749
0.843441 -0.017512
0.846009 -0.017290
0.848391 -0.017082
0.850586 -0.016890
0.852594 -0.016714
0.854413 -0.016553
0.856042 -0.016409
0.857482 -0.016281
0.858731 -0.016170
0.859789 -0.016076
0.860655 -0.015999
0.861329 -0.015938
0.861811 -0.015895
0.862100 -0.015869
0.862196 -0.015861