mue139
1.000000 0.000000
0.999886 0.000028
0.999544 0.000111
0.998974 0.000249
0.998177 0.000442
0.997152 0.000688
0.995899 0.000987
0.994421 0.001339
0.992715 0.001744
0.990784 0.002198
0.988628 0.002699
0.986247 0.003247
0.983641 0.003838
0.980811 0.004466
0.977758 0.005133
0.974483 0.005836
0.970987 0.006570
0.967271 0.007336
0.963338 0.008131
0.959187 0.008954
0.954821 0.009801
0.950243 0.010677
0.945454 0.011584
0.940458 0.012518
0.935256 0.013483
0.929852 0.014485
0.924247 0.015520
0.918446 0.016589
0.912451 0.017696
0.906264 0.018839
0.899888 0.020017
0.893326 0.021230
0.886582 0.022478
0.879657 0.023759
0.872554 0.025072
0.865278 0.026416
0.857831 0.027791
0.850216 0.029194
0.842437 0.030626
0.834496 0.032085
0.826399 0.033569
0.818147 0.035079
0.809744 0.036613
0.801195 0.038169
0.792503 0.039746
0.783671 0.041345
0.774705 0.042968
0.765609 0.044613
0.756386 0.046282
0.747041 0.047977
0.737578 0.049697
0.728003 0.051443
0.718320 0.053219
0.708533 0.055025
0.698647 0.056859
0.688666 0.058719
0.678595 0.060608
0.668437 0.062520
0.658195 0.064444
0.647875 0.066383
0.637481 0.068334
0.627015 0.070286
0.616483 0.072244
0.605888 0.074200
0.595233 0.076139
0.584523 0.078065
0.573763 0.079972
0.562955 0.081846
0.552103 0.083693
0.541214 0.085506
0.530291 0.087276
0.519338 0.089005
0.508361 0.090691
0.497364 0.092327
0.486353 0.093914
0.475332 0.095455
0.464308 0.096952
0.453285 0.098404
0.442269 0.099816
0.431266 0.101191
0.420282 0.102530
0.409320 0.103833
0.398386 0.105097
0.387485 0.106333
0.376622 0.107520
0.365798 0.108639
0.355021 0.109711
0.344293 0.110704
0.333618 0.111592
0.323001 0.112415
0.312449 0.113124
0.301965 0.113700
0.291555 0.114213
0.281225 0.114570
0.270982 0.114755
0.260828 0.114891
0.250773 0.114950
0.240821 0.114868
0.230977 0.114646
0.221250 0.114360
0.211641 0.113922
0.202160 0.113305
0.192820 0.112576
0.183621 0.111630
0.174575 0.110493
0.165698 0.109219
0.156986 0.107720
0.148453 0.106059
0.140107 0.104269
0.131946 0.102298
0.123982 0.100214
0.116213 0.098019
0.108645 0.095697
0.101295 0.093276
0.094153 0.090742
0.087240 0.088093
0.080573 0.085332
0.074140 0.082443
0.067969 0.079447
0.062068 0.076344
0.056424 0.073128
0.051068 0.069838
0.045977 0.066476
0.041166 0.063041
0.036677 0.059552
0.032471 0.055998
0.028568 0.052409
0.024992 0.048818
0.021690 0.045215
0.018684 0.041636
0.015997 0.038114
0.013562 0.034641
0.011387 0.031250
0.009487 0.027977
0.007820 0.024823
0.006351 0.021800
0.005080 0.018937
0.003994 0.016257
0.003011 0.013759
0.002168 0.011447
0.001514 0.009330
0.001059 0.007416
0.000713 0.005694
0.000428 0.004179
0.000224 0.002891
0.000098 0.001841
0.000032 0.001030
0.000007 0.000456
0.000000 0.000114
0.000000 0.000000
0.000001 -0.000114
0.000008 -0.000454
0.000040 -0.001023
0.000121 -0.001817
0.000277 -0.002833
0.000527 -0.004059
0.000873 -0.005474
0.001333 -0.007047
0.002125 -0.008781
0.003241 -0.010649
0.004543 -0.012609
0.006083 -0.014674
0.007937 -0.016798
0.010077 -0.018873
0.012577 -0.020924
0.015443 -0.022884
0.018617 -0.024603
0.022170 -0.026166
0.026029 -0.027520
0.030136 -0.028659
0.034528 -0.029654
0.039149 -0.030415
0.043999 -0.031043
0.049074 -0.031525
0.054349 -0.031788
0.059828 -0.031981
0.065504 -0.032085
0.071367 -0.032048
0.077417 -0.031890
0.083651 -0.031680
0.090064 -0.031430
0.096653 -0.031101
0.103418 -0.030745
0.110355 -0.030373
0.117460 -0.029974
0.124733 -0.029575
0.132171 -0.029184
0.139769 -0.028791
0.147524 -0.028396
0.155432 -0.028001
0.163491 -0.027603
0.171696 -0.027191
0.180043 -0.026761
0.188528 -0.026320
0.197149 -0.025871
0.205902 -0.025423
0.214781 -0.024964
0.223783 -0.024471
0.232902 -0.023940
0.242135 -0.023375
0.251477 -0.022773
0.260924 -0.022120
0.270471 -0.021430
0.280117 -0.020729
0.289855 -0.020008
0.299684 -0.019278
0.309601 -0.018576
0.319601 -0.017896
0.329679 -0.017240
0.339833 -0.016639
0.350059 -0.016096
0.360351 -0.015593
0.370702 -0.015125
0.381110 -0.014695
0.391568 -0.014293
0.402072 -0.013895
0.412615 -0.013490
0.423194 -0.013088
0.433804 -0.012686
0.444440 -0.012278
0.455097 -0.011868
0.465771 -0.011466
0.476458 -0.011075
0.487151 -0.010690
0.497848 -0.010322
0.508543 -0.009971
0.519231 -0.009635
0.529908 -0.009319
0.540569 -0.009024
0.551209 -0.008745
0.561824 -0.008488
0.572408 -0.008255
0.582957 -0.008039
0.593466 -0.007842
0.603930 -0.007663
0.614346 -0.007498
0.624707 -0.007346
0.635009 -0.007204
0.645249 -0.007072
0.655420 -0.006946
0.665519 -0.006821
0.675541 -0.006700
0.685482 -0.006581
0.695337 -0.006461
0.705102 -0.006342
0.714772 -0.006222
0.724343 -0.006098
0.733811 -0.005970
0.743172 -0.005839
0.752421 -0.005704
0.761555 -0.005564
0.770569 -0.005419
0.779459 -0.005272
0.788222 -0.005121
0.796853 -0.004967
0.805348 -0.004812
0.813705 -0.004656
0.821918 -0.004500
0.829986 -0.004344
0.837903 -0.004189
0.845666 -0.004035
0.853273 -0.003885
0.860719 -0.003741
0.868001 -0.003600
0.875117 -0.003465
0.882063 -0.003336
0.888835 -0.003211
0.895431 -0.003092
0.901849 -0.002978
0.908084 -0.002868
0.914134 -0.002766
0.919998 -0.002674
0.925671 -0.002591
0.931152 -0.002509
0.936437 -0.002426
0.941526 -0.002344
0.946414 -0.002259
0.951100 -0.002165
0.955583 -0.002065
0.959859 -0.001957
0.963927 -0.001842
0.967786 -0.001719
0.971432 -0.001589
0.974865 -0.001452
0.978083 -0.001306
0.981085 -0.001156
0.983870 -0.001012
0.986436 -0.000871
0.988782 -0.000736
0.990908 -0.000609
0.992812 -0.000490
0.994494 -0.000381
0.995953 -0.000285
0.997189 -0.000202
0.998201 -0.000132
0.998988 -0.000076
0.999550 -0.000034
0.999887 -0.000009
1.000000 0.000000