giiih
0.999995 0.000180
0.999883 0.000193
0.999547 0.000233
0.998989 0.000299
0.998207 0.000391
0.997202 0.000510
0.995975 0.000655
0.994526 0.000826
0.992856 0.001023
0.990966 0.001246
0.988855 0.001496
0.986527 0.001771
0.983980 0.002071
0.981218 0.002398
0.978240 0.002749
0.975048 0.003126
0.971643 0.003528
0.968028 0.003955
0.964203 0.004407
0.960170 0.004883
0.955932 0.005384
0.951489 0.005909
0.946845 0.006457
0.942000 0.007029
0.936958 0.007625
0.931720 0.008243
0.926289 0.008885
0.920667 0.009549
0.914857 0.010235
0.908861 0.010943
0.902681 0.011673
0.896322 0.012424
0.889785 0.013196
0.883073 0.013989
0.876190 0.014802
0.869138 0.015634
0.861921 0.016487
0.854542 0.017358
0.847003 0.018249
0.839309 0.019158
0.831463 0.020084
0.823468 0.021029
0.815328 0.021990
0.807047 0.022968
0.798628 0.023962
0.790075 0.024975
0.781392 0.026008
0.772582 0.027054
0.763650 0.028109
0.754597 0.029166
0.745428 0.030221
0.736148 0.031283
0.726761 0.032349
0.717270 0.033411
0.707678 0.034464
0.697990 0.035500
0.688211 0.036526
0.678344 0.037543
0.668393 0.038545
0.658364 0.039524
0.648260 0.040474
0.638085 0.041395
0.627844 0.042293
0.617542 0.043169
0.607184 0.044024
0.596775 0.044859
0.586321 0.045690
0.575824 0.046507
0.565290 0.047293
0.554723 0.048029
0.544126 0.048704
0.533504 0.049350
0.522863 0.049961
0.512208 0.050520
0.501543 0.051012
0.490874 0.051442
0.480205 0.051844
0.469540 0.052206
0.458887 0.052513
0.448249 0.052754
0.437632 0.052966
0.427040 0.053164
0.416477 0.053324
0.405950 0.053422
0.395464 0.053441
0.385021 0.053438
0.374628 0.053431
0.364289 0.053420
0.354009 0.053406
0.343793 0.053377
0.333644 0.053275
0.323567 0.053111
0.313569 0.052908
0.303652 0.052687
0.293823 0.052454
0.284083 0.052164
0.274439 0.051821
0.264895 0.051439
0.255457 0.051028
0.246128 0.050596
0.236911 0.050118
0.227810 0.049590
0.218832 0.049020
0.209980 0.048414
0.201261 0.047780
0.192676 0.047112
0.184228 0.046393
0.175921 0.045628
0.167761 0.044824
0.159753 0.043989
0.151902 0.043127
0.144209 0.042237
0.136677 0.041300
0.129309 0.040322
0.122109 0.039315
0.115080 0.038287
0.108226 0.037247
0.101550 0.036201
0.095055 0.035144
0.088745 0.034048
0.082624 0.032922
0.076694 0.031781
0.070958 0.030635
0.065411 0.029486
0.060063 0.028325
0.054921 0.027146
0.049993 0.025944
0.045271 0.024727
0.040747 0.023505
0.036435 0.022274
0.032344 0.021034
0.028483 0.019784
0.024855 0.018530
0.021451 0.017254
0.018269 0.015948
0.015327 0.014631
0.012634 0.013324
0.010188 0.012006
0.007997 0.010662
0.006029 0.009341
0.004489 0.007944
0.003189 0.006425
0.002070 0.004937
0.001211 0.003594
0.000623 0.002453
0.000268 0.001537
0.000088 0.000847
0.000018 0.000370
0.000001 0.000091
0.000000 0.000000
0.000002 -0.000091
0.000028 -0.000367
0.000138 -0.000833
0.000416 -0.001492
0.000952 -0.002340
0.001812 -0.003356
0.003003 -0.004487
0.004429 -0.005636
0.005979 -0.006655
0.007923 -0.007543
0.010078 -0.008436
0.012481 -0.009272
0.015127 -0.010028
0.018016 -0.010767
0.021142 -0.011464
0.024488 -0.012088
0.028047 -0.012631
0.031829 -0.013138
0.035833 -0.013612
0.040052 -0.014061
0.044479 -0.014497
0.049105 -0.014937
0.053924 -0.015388
0.058944 -0.015829
0.064162 -0.016261
0.069574 -0.016684
0.075177 -0.017101
0.080969 -0.017513
0.086948 -0.017917
0.093111 -0.018311
0.099456 -0.018692
0.105978 -0.019062
0.112675 -0.019427
0.119545 -0.019786
0.126584 -0.020141
0.133789 -0.020491
0.141156 -0.020838
0.148682 -0.021182
0.156364 -0.021524
0.164198 -0.021859
0.172181 -0.022189
0.180310 -0.022516
0.188580 -0.022840
0.196988 -0.023164
0.205530 -0.023489
0.214203 -0.023811
0.223002 -0.024131
0.231924 -0.024449
0.240964 -0.024765
0.250119 -0.025080
0.259384 -0.025392
0.268756 -0.025699
0.278230 -0.026004
0.287801 -0.026311
0.297467 -0.026621
0.307221 -0.026938
0.317061 -0.027261
0.326981 -0.027586
0.336977 -0.027909
0.347045 -0.028228
0.357180 -0.028546
0.367379 -0.028880
0.377635 -0.029210
0.387946 -0.029511
0.398307 -0.029757
0.408713 -0.029957
0.419160 -0.030153
0.429643 -0.030323
0.440156 -0.030442
0.450696 -0.030486
0.461257 -0.030482
0.471835 -0.030469
0.482424 -0.030450
0.493021 -0.030424
0.503619 -0.030389
0.514215 -0.030281
0.524803 -0.030102
0.535379 -0.029877
0.545938 -0.029634
0.556474 -0.029384
0.566984 -0.029091
0.577463 -0.028755
0.587906 -0.028388
0.598307 -0.027999
0.608662 -0.027583
0.618967 -0.027122
0.629217 -0.026626
0.639407 -0.026105
0.649533 -0.025570
0.659591 -0.025019
0.669576 -0.024441
0.679483 -0.023841
0.689309 -0.023222
0.699048 -0.022588
0.708695 -0.021933
0.718248 -0.021248
0.727701 -0.020547
0.737051 -0.019842
0.746296 -0.019147
0.755431 -0.018469
0.764452 -0.017795
0.773354 -0.017127
0.782134 -0.016467
0.790788 -0.015816
0.799312 -0.015177
0.807703 -0.014549
0.815957 -0.013932
0.824069 -0.013326
0.832037 -0.012731
0.839857 -0.012147
0.847525 -0.011574
0.855038 -0.011013
0.862392 -0.010463
0.869585 -0.009925
0.876613 -0.009400
0.883473 -0.008888
0.890162 -0.008388
0.896677 -0.007901
0.903015 -0.007427
0.909173 -0.006967
0.915149 -0.006521
0.920940 -0.006088
0.926543 -0.005669
0.931956 -0.005265
0.937176 -0.004875
0.942201 -0.004499
0.947029 -0.004138
0.951658 -0.003792
0.956086 -0.003462
0.960310 -0.003146
0.964329 -0.002846
0.968141 -0.002561
0.971744 -0.002291
0.975137 -0.002038
0.978318 -0.001800
0.981286 -0.001578
0.984040 -0.001373
0.986578 -0.001183
0.988899 -0.001010
0.991001 -0.000852
0.992886 -0.000712
0.994550 -0.000587
0.995994 -0.000479
0.997217 -0.000388
0.998218 -0.000313
0.998997 -0.000255
0.999554 -0.000213
0.999889 -0.000188
1.000000 -0.000180