giiia
0.999980 0.000179
0.999868 0.000194
0.999531 0.000239
0.998971 0.000313
0.998187 0.000416
0.997179 0.000549
0.995948 0.000712
0.994495 0.000904
0.992820 0.001125
0.990924 0.001376
0.988807 0.001656
0.986471 0.001964
0.983917 0.002302
0.981146 0.002668
0.978159 0.003062
0.974958 0.003485
0.971543 0.003937
0.967917 0.004416
0.964080 0.004923
0.960035 0.005457
0.955784 0.006019
0.951328 0.006608
0.946670 0.007223
0.941811 0.007865
0.936753 0.008533
0.931500 0.009227
0.926052 0.009947
0.920413 0.010692
0.914585 0.011462
0.908571 0.012256
0.902374 0.013076
0.895995 0.013919
0.889438 0.014786
0.882707 0.015677
0.875803 0.016591
0.868730 0.017527
0.861492 0.018485
0.854090 0.019465
0.846529 0.020465
0.838813 0.021489
0.830944 0.022535
0.822926 0.023601
0.814761 0.024682
0.806454 0.025775
0.798008 0.026874
0.789426 0.027995
0.780715 0.029140
0.771875 0.030292
0.762910 0.031431
0.753821 0.032539
0.744610 0.033594
0.735280 0.034608
0.725839 0.035592
0.716291 0.036554
0.706641 0.037500
0.696897 0.038440
0.687061 0.039369
0.677137 0.040282
0.667129 0.041182
0.657043 0.042071
0.646884 0.042953
0.636656 0.043826
0.626363 0.044689
0.616010 0.045541
0.605602 0.046381
0.595143 0.047211
0.584638 0.048031
0.574092 0.048840
0.563508 0.049636
0.552893 0.050417
0.542251 0.051181
0.531586 0.051932
0.520903 0.052669
0.510207 0.053388
0.499503 0.054086
0.488795 0.054766
0.478088 0.055435
0.467388 0.056084
0.456698 0.056702
0.446022 0.057276
0.435366 0.057834
0.424735 0.058380
0.414133 0.058882
0.403565 0.059310
0.393035 0.059642
0.382548 0.059934
0.372108 0.060193
0.361721 0.060407
0.351393 0.060563
0.341129 0.060658
0.330931 0.060737
0.320806 0.060803
0.310758 0.060851
0.300793 0.060876
0.290914 0.060853
0.281126 0.060700
0.271434 0.060447
0.261841 0.060138
0.252353 0.059812
0.242974 0.059498
0.233708 0.059151
0.224558 0.058762
0.215529 0.058339
0.206627 0.057891
0.197854 0.057425
0.189214 0.056944
0.180708 0.056438
0.172342 0.055901
0.164125 0.055327
0.156060 0.054711
0.148155 0.054051
0.140405 0.053340
0.132806 0.052573
0.125369 0.051745
0.118108 0.050851
0.111033 0.049890
0.104153 0.048861
0.097477 0.047763
0.091004 0.046488
0.084736 0.044990
0.078680 0.043369
0.072844 0.041713
0.067221 0.040022
0.061806 0.038250
0.056610 0.036427
0.051641 0.034577
0.046903 0.032721
0.042375 0.030849
0.038058 0.028964
0.033962 0.027079
0.030095 0.025207
0.026459 0.023359
0.023058 0.021545
0.019880 0.019737
0.016928 0.017942
0.014210 0.016184
0.011728 0.014485
0.009479 0.012826
0.007471 0.011205
0.005671 0.009657
0.004242 0.008110
0.003030 0.006528
0.001975 0.005025
0.001159 0.003679
0.000597 0.002531
0.000257 0.001601
0.000085 0.000890
0.000017 0.000392
0.000001 0.000097
0.000000 0.000000
0.000001 -0.000097
0.000019 -0.000390
0.000094 -0.000883
0.000285 -0.001581
0.000663 -0.002485
0.001290 -0.003588
0.002207 -0.004868
0.003403 -0.006282
0.004799 -0.007755
0.006333 -0.009169
0.008301 -0.010492
0.010484 -0.011840
0.012926 -0.013173
0.015616 -0.014471
0.018557 -0.015779
0.021742 -0.017077
0.025155 -0.018341
0.028787 -0.019566
0.032653 -0.020784
0.036749 -0.021991
0.041070 -0.023182
0.045607 -0.024351
0.050347 -0.025496
0.055288 -0.026616
0.060445 -0.027706
0.065812 -0.028765
0.071380 -0.029792
0.077141 -0.030790
0.083094 -0.031764
0.089242 -0.032711
0.095580 -0.033616
0.102102 -0.034463
0.108804 -0.035268
0.115686 -0.036055
0.122742 -0.036820
0.129970 -0.037561
0.137364 -0.038274
0.144921 -0.038957
0.152634 -0.039607
0.160503 -0.040224
0.168526 -0.040810
0.176699 -0.041371
0.185017 -0.041913
0.193474 -0.042440
0.202066 -0.042960
0.210789 -0.043473
0.219640 -0.043973
0.228616 -0.044461
0.237712 -0.044935
0.246924 -0.045397
0.256247 -0.045844
0.265679 -0.046281
0.275214 -0.046706
0.284848 -0.047118
0.294577 -0.047515
0.304396 -0.047895
0.314302 -0.048266
0.324289 -0.048626
0.334354 -0.048970
0.344491 -0.049292
0.354697 -0.049585
0.364967 -0.049870
0.375296 -0.050146
0.385680 -0.050394
0.396113 -0.050598
0.406592 -0.050743
0.417112 -0.050872
0.427667 -0.050986
0.438254 -0.051073
0.448866 -0.051119
0.459500 -0.051100
0.470150 -0.050982
0.480811 -0.050789
0.491479 -0.050552
0.502148 -0.050299
0.512812 -0.050010
0.523469 -0.049641
0.534112 -0.049215
0.544736 -0.048754
0.555338 -0.048278
0.565911 -0.047759
0.576452 -0.047193
0.586956 -0.046593
0.597419 -0.045973
0.607835 -0.045343
0.618200 -0.044687
0.628510 -0.044007
0.638760 -0.043308
0.648946 -0.042596
0.659062 -0.041871
0.669105 -0.041129
0.679070 -0.040371
0.688953 -0.039600
0.698749 -0.038818
0.708454 -0.038028
0.718063 -0.037227
0.727573 -0.036416
0.736979 -0.035594
0.746276 -0.034760
0.755460 -0.033915
0.764528 -0.033063
0.773476 -0.032201
0.782299 -0.031328
0.790993 -0.030442
0.799552 -0.029541
0.807974 -0.028624
0.816255 -0.027691
0.824392 -0.026746
0.832381 -0.025792
0.840219 -0.024834
0.847902 -0.023875
0.855426 -0.022916
0.862789 -0.021953
0.869988 -0.020989
0.877019 -0.020027
0.883880 -0.019071
0.890567 -0.018124
0.897079 -0.017190
0.903411 -0.016271
0.909563 -0.015366
0.915531 -0.014478
0.921313 -0.013605
0.926906 -0.012748
0.932307 -0.011908
0.937514 -0.011087
0.942524 -0.010285
0.947335 -0.009504
0.951946 -0.008744
0.956355 -0.008007
0.960559 -0.007294
0.964559 -0.006608
0.968351 -0.005949
0.971934 -0.005320
0.975307 -0.004723
0.978470 -0.004157
0.981419 -0.003625
0.984155 -0.003128
0.986675 -0.002667
0.988980 -0.002242
0.991069 -0.001856
0.992939 -0.001508
0.994591 -0.001199
0.996025 -0.000930
0.997238 -0.000702
0.998232 -0.000514
0.999005 -0.000368
0.999558 -0.000263
0.999889 -0.000200
1.000000 -0.000179