goe114
1.000000 0.000000
0.999889 0.000023
0.999557 0.000092
0.999004 0.000207
0.998230 0.000368
0.997235 0.000574
0.996020 0.000825
0.994585 0.001122
0.992931 0.001464
0.991059 0.001850
0.988969 0.002280
0.986663 0.002754
0.984140 0.003272
0.981403 0.003831
0.978452 0.004433
0.975289 0.005076
0.971915 0.005760
0.968332 0.006484
0.964540 0.007248
0.960542 0.008050
0.956339 0.008889
0.951934 0.009765
0.947327 0.010678
0.942521 0.011626
0.937518 0.012609
0.932320 0.013626
0.926929 0.014676
0.921347 0.015756
0.915577 0.016865
0.909622 0.018002
0.903483 0.019164
0.897163 0.020350
0.890665 0.021564
0.883993 0.022806
0.877149 0.024075
0.870136 0.025369
0.862958 0.026687
0.855617 0.028028
0.848116 0.029389
0.840459 0.030768
0.832648 0.032164
0.824688 0.033575
0.816581 0.034997
0.808331 0.036431
0.799941 0.037872
0.791415 0.039325
0.782759 0.040801
0.773975 0.042294
0.765066 0.043799
0.756037 0.045309
0.746891 0.046820
0.737631 0.048324
0.728261 0.049815
0.718784 0.051285
0.709204 0.052728
0.699525 0.054135
0.689750 0.055518
0.679886 0.056905
0.669935 0.058286
0.659904 0.059652
0.649795 0.060993
0.639614 0.062298
0.629365 0.063556
0.619052 0.064757
0.608680 0.065889
0.598253 0.066941
0.587775 0.067943
0.577250 0.068936
0.566684 0.069905
0.556080 0.070840
0.545446 0.071726
0.534786 0.072550
0.524107 0.073300
0.513413 0.073961
0.502711 0.074522
0.492004 0.074984
0.481295 0.075430
0.470589 0.075864
0.459891 0.076274
0.449207 0.076650
0.438543 0.076979
0.427905 0.077252
0.417298 0.077456
0.406728 0.077582
0.396201 0.077619
0.385716 0.077555
0.375276 0.077391
0.364888 0.077140
0.354559 0.076815
0.344296 0.076426
0.334106 0.075986
0.323994 0.075505
0.313968 0.074994
0.304034 0.074464
0.294198 0.073914
0.284455 0.073220
0.274810 0.072360
0.265267 0.071360
0.255834 0.070245
0.246515 0.069036
0.237316 0.067756
0.228243 0.066425
0.219300 0.065063
0.210492 0.063687
0.201824 0.062316
0.193301 0.060937
0.184927 0.059434
0.176706 0.057824
0.168640 0.056144
0.160731 0.054428
0.152981 0.052706
0.145395 0.050999
0.137975 0.049263
0.130725 0.047499
0.123645 0.045721
0.116736 0.043946
0.109999 0.042187
0.103435 0.040456
0.097045 0.038764
0.090818 0.037132
0.084774 0.035518
0.078940 0.033869
0.073338 0.032141
0.067975 0.030288
0.062836 0.028351
0.057902 0.026405
0.053161 0.024508
0.048601 0.022711
0.044219 0.021016
0.040024 0.019397
0.036029 0.017837
0.032241 0.016324
0.028667 0.014850
0.025312 0.013410
0.022173 0.012004
0.019245 0.010638
0.016533 0.009321
0.014038 0.008062
0.011743 0.006868
0.009292 0.005710
0.006854 0.004612
0.004704 0.003611
0.002978 0.002728
0.001711 0.001973
0.000868 0.001347
0.000370 0.000849
0.000120 0.000471
0.000024 0.000207
0.000002 0.000051
0.000000 0.000000
0.000002 -0.000051
0.000025 -0.000205
0.000125 -0.000461
0.000383 -0.000817
0.000899 -0.001273
0.001773 -0.001824
0.003086 -0.002464
0.004876 -0.003184
0.007106 -0.003971
0.009638 -0.004805
0.012187 -0.005661
0.014587 -0.006512
0.017210 -0.007357
0.020066 -0.008207
0.023140 -0.009083
0.026410 -0.010019
0.029880 -0.011022
0.033555 -0.012077
0.037435 -0.013169
0.041523 -0.014279
0.045819 -0.015384
0.050326 -0.016453
0.055046 -0.017485
0.059979 -0.018501
0.065120 -0.019494
0.070463 -0.020453
0.076000 -0.021370
0.081732 -0.022281
0.087659 -0.023184
0.093780 -0.024008
0.100089 -0.024674
0.106585 -0.025192
0.113265 -0.025679
0.120126 -0.026131
0.127162 -0.026540
0.134368 -0.026899
0.141737 -0.027198
0.149263 -0.027429
0.156942 -0.027605
0.164777 -0.027773
0.172763 -0.027925
0.180894 -0.028052
0.189165 -0.028146
0.197569 -0.028195
0.206101 -0.028168
0.214761 -0.027975
0.223545 -0.027620
0.232449 -0.027121
0.241470 -0.026496
0.250602 -0.025767
0.259842 -0.024957
0.269185 -0.024091
0.278627 -0.023195
0.288164 -0.022299
0.297791 -0.021433
0.307502 -0.020579
0.317290 -0.019612
0.327151 -0.018548
0.337085 -0.017415
0.347086 -0.016241
0.357155 -0.015056
0.367287 -0.013892
0.377481 -0.012782
0.387734 -0.011757
0.398045 -0.010854
0.408409 -0.010066
0.418819 -0.009321
0.429270 -0.008613
0.439755 -0.007940
0.450270 -0.007299
0.460808 -0.006689
0.471365 -0.006107
0.481934 -0.005549
0.492510 -0.005014
0.503087 -0.004498
0.513662 -0.003986
0.524232 -0.003479
0.534791 -0.002985
0.545335 -0.002510
0.555859 -0.002062
0.566358 -0.001647
0.576827 -0.001273
0.587261 -0.000947
0.597657 -0.000674
0.608008 -0.000446
0.618312 -0.000233
0.628564 -0.000033
0.638757 0.000152
0.648889 0.000321
0.658954 0.000473
0.668948 0.000608
0.678865 0.000724
0.688702 0.000821
0.698454 0.000900
0.708116 0.000964
0.717685 0.001026
0.727157 0.001085
0.736526 0.001139
0.745790 0.001188
0.754943 0.001232
0.763981 0.001269
0.772902 0.001298
0.781700 0.001321
0.790372 0.001334
0.798913 0.001340
0.807321 0.001333
0.815591 0.001310
0.823719 0.001274
0.831703 0.001227
0.839538 0.001172
0.847222 0.001112
0.854750 0.001049
0.862119 0.000984
0.869326 0.000920
0.876368 0.000857
0.883241 0.000798
0.889944 0.000744
0.896472 0.000694
0.902822 0.000651
0.908993 0.000609
0.914981 0.000568
0.920783 0.000528
0.926397 0.000490
0.931820 0.000453
0.937051 0.000417
0.942086 0.000383
0.946924 0.000351
0.951562 0.000319
0.955998 0.000290
0.960231 0.000262
0.964258 0.000235
0.968078 0.000210
0.971688 0.000186
0.975088 0.000163
0.978275 0.000142
0.981249 0.000123
0.984008 0.000104
0.986551 0.000088
0.988876 0.000073
0.990984 0.000059
0.992871 0.000046
0.994539 0.000036
0.995986 0.000026
0.997211 0.000018
0.998215 0.000012
0.998995 0.000007
0.999553 0.000003
0.999888 0.000001
1.000000 -0.000000