goe15k
1.000000 0.000000
0.999903 0.000065
0.999612 0.000259
0.999126 0.000582
0.998446 0.001033
0.997571 0.001610
0.996500 0.002313
0.995234 0.003137
0.993771 0.004081
0.992110 0.005142
0.990252 0.006316
0.988194 0.007600
0.985937 0.008987
0.983479 0.010475
0.980819 0.012056
0.977956 0.013725
0.974889 0.015475
0.971617 0.017299
0.968140 0.019189
0.964455 0.021135
0.960563 0.023130
0.956461 0.025162
0.952150 0.027222
0.947626 0.029299
0.942870 0.031392
0.937884 0.033499
0.932671 0.035614
0.927236 0.037737
0.921588 0.039865
0.915734 0.041998
0.909685 0.044135
0.903455 0.046281
0.897055 0.048438
0.890470 0.050620
0.883698 0.052824
0.876742 0.055046
0.869605 0.057281
0.862291 0.059522
0.854803 0.061766
0.847144 0.064006
0.839319 0.066235
0.831332 0.068449
0.823187 0.070640
0.814890 0.072802
0.806445 0.074929
0.797857 0.077015
0.789124 0.079115
0.780245 0.081235
0.771226 0.083359
0.762070 0.085463
0.752781 0.087526
0.743365 0.089524
0.733824 0.091433
0.724166 0.093224
0.714393 0.094872
0.704511 0.096347
0.694523 0.097649
0.684423 0.098908
0.674216 0.100128
0.663912 0.101295
0.653517 0.102394
0.643041 0.103407
0.632492 0.104320
0.621878 0.105114
0.611209 0.105774
0.600493 0.106281
0.589732 0.106693
0.578921 0.107091
0.568067 0.107465
0.557176 0.107807
0.546255 0.108109
0.535310 0.108362
0.524349 0.108559
0.513378 0.108690
0.502403 0.108748
0.491430 0.108702
0.480458 0.108510
0.469493 0.108193
0.458541 0.107774
0.447607 0.107275
0.436697 0.106718
0.425815 0.106126
0.414969 0.105521
0.404162 0.104924
0.393400 0.104338
0.382681 0.103703
0.372014 0.103014
0.361403 0.102274
0.350856 0.101485
0.340379 0.100648
0.329978 0.099767
0.319659 0.098843
0.309428 0.097880
0.299292 0.096878
0.289251 0.095801
0.279307 0.094628
0.269465 0.093372
0.259730 0.092045
0.250107 0.090659
0.240601 0.089227
0.231217 0.087760
0.221959 0.086269
0.212832 0.084763
0.203841 0.083252
0.194988 0.081730
0.186279 0.080137
0.177717 0.078481
0.169309 0.076776
0.161059 0.075038
0.152972 0.073279
0.145048 0.071509
0.137279 0.069726
0.129676 0.067921
0.122249 0.066088
0.115008 0.064222
0.107963 0.062319
0.101120 0.060378
0.094472 0.058400
0.088000 0.056394
0.081718 0.054362
0.075635 0.052307
0.069764 0.050233
0.064112 0.048143
0.058685 0.046044
0.053490 0.043939
0.048518 0.041837
0.043657 0.039743
0.038973 0.037632
0.034569 0.035479
0.030527 0.033268
0.026902 0.030993
0.023672 0.028635
0.020427 0.026080
0.017216 0.023405
0.014167 0.020704
0.011370 0.018056
0.008885 0.015517
0.006743 0.013130
0.004952 0.010927
0.003501 0.008925
0.002369 0.007136
0.001519 0.005561
0.000911 0.004199
0.000501 0.003044
0.000246 0.002088
0.000102 0.001322
0.000033 0.000737
0.000006 0.000325
0.000000 0.000081
0.000000 0.000000
0.000001 -0.000081
0.000008 -0.000325
0.000042 -0.000733
0.000133 -0.001310
0.000319 -0.002059
0.000648 -0.002983
0.001174 -0.004085
0.001950 -0.005365
0.003028 -0.006820
0.004453 -0.008440
0.006258 -0.010210
0.008458 -0.012105
0.011047 -0.014089
0.013988 -0.016113
0.017209 -0.018114
0.020594 -0.020008
0.023977 -0.021695
0.027323 -0.023122
0.031049 -0.024439
0.035156 -0.025663
0.039592 -0.026804
0.044282 -0.027883
0.049126 -0.028933
0.054085 -0.029982
0.059253 -0.031026
0.064630 -0.032058
0.070214 -0.033071
0.076000 -0.034057
0.081982 -0.035009
0.088155 -0.035918
0.094512 -0.036775
0.101045 -0.037572
0.107760 -0.038335
0.114659 -0.039074
0.121737 -0.039781
0.128989 -0.040445
0.136410 -0.041057
0.143992 -0.041605
0.151730 -0.042080
0.159625 -0.042530
0.167674 -0.042965
0.175874 -0.043364
0.184219 -0.043706
0.192703 -0.043965
0.201322 -0.044116
0.210073 -0.044218
0.218952 -0.044314
0.227956 -0.044402
0.237080 -0.044482
0.246321 -0.044553
0.255673 -0.044614
0.265133 -0.044665
0.274695 -0.044705
0.284356 -0.044733
0.294111 -0.044748
0.303955 -0.044745
0.313884 -0.044687
0.323894 -0.044574
0.333981 -0.044415
0.344140 -0.044219
0.354367 -0.043997
0.364657 -0.043760
0.375006 -0.043519
0.385409 -0.043287
0.395862 -0.043075
0.406359 -0.042889
0.416897 -0.042704
0.427470 -0.042519
0.438074 -0.042334
0.448704 -0.042148
0.459355 -0.041961
0.470023 -0.041775
0.480703 -0.041588
0.491390 -0.041401
0.502079 -0.041214
0.512766 -0.041031
0.523447 -0.040852
0.534115 -0.040675
0.544766 -0.040499
0.555397 -0.040320
0.566001 -0.040138
0.576574 -0.039950
0.587111 -0.039754
0.597608 -0.039549
0.608060 -0.039334
0.618463 -0.039117
0.628811 -0.038894
0.639101 -0.038665
0.649328 -0.038428
0.659486 -0.038181
0.669571 -0.037923
0.679579 -0.037652
0.689504 -0.037369
0.699343 -0.037071
0.709092 -0.036756
0.718747 -0.036424
0.728304 -0.036074
0.737757 -0.035707
0.747103 -0.035322
0.756336 -0.034920
0.765452 -0.034501
0.774447 -0.034065
0.783316 -0.033613
0.792055 -0.033145
0.800660 -0.032662
0.809130 -0.032157
0.817462 -0.031624
0.825653 -0.031066
0.833697 -0.030484
0.841589 -0.029880
0.849327 -0.029256
0.856904 -0.028613
0.864318 -0.027954
0.871565 -0.027281
0.878640 -0.026595
0.885541 -0.025898
0.892265 -0.025193
0.898808 -0.024482
0.905175 -0.023760
0.911375 -0.023014
0.917394 -0.022238
0.923221 -0.021431
0.928846 -0.020594
0.934261 -0.019724
0.939459 -0.018826
0.944436 -0.017900
0.949187 -0.016950
0.953714 -0.015960
0.958030 -0.014907
0.962133 -0.013810
0.966025 -0.012687
0.969704 -0.011554
0.973171 -0.010426
0.976427 -0.009315
0.979471 -0.008234
0.982304 -0.007193
0.984925 -0.006199
0.987336 -0.005262
0.989537 -0.004388
0.991526 -0.003581
0.993306 -0.002849
0.994876 -0.002193
0.996236 -0.001619
0.997386 -0.001129
0.998327 -0.000725
0.999059 -0.000409
0.999582 -0.000182
0.999895 -0.000046
1.000000 -0.000000