goe180
1.000000 0.002500
0.999890 0.002530
0.999558 0.002621
0.999006 0.002773
0.998233 0.002984
0.997239 0.003254
0.996025 0.003583
0.994592 0.003969
0.992938 0.004412
0.991066 0.004909
0.988975 0.005459
0.986667 0.006060
0.984141 0.006711
0.981398 0.007408
0.978439 0.008148
0.975266 0.008930
0.971878 0.009750
0.968278 0.010604
0.964465 0.011488
0.960441 0.012399
0.956207 0.013332
0.951765 0.014281
0.947115 0.015241
0.942255 0.016201
0.937186 0.017163
0.931913 0.018130
0.926438 0.019104
0.920767 0.020094
0.914903 0.021105
0.908851 0.022148
0.902618 0.023236
0.896209 0.024377
0.889623 0.025557
0.882861 0.026772
0.875926 0.028020
0.868821 0.029299
0.861549 0.030605
0.854113 0.031935
0.846515 0.033285
0.838759 0.034652
0.830846 0.036031
0.822782 0.037417
0.814567 0.038806
0.806206 0.040192
0.797701 0.041570
0.789056 0.042952
0.780277 0.044341
0.771367 0.045735
0.762329 0.047130
0.753168 0.048524
0.743888 0.049912
0.734493 0.051292
0.724986 0.052659
0.715372 0.054010
0.705656 0.055342
0.695841 0.056651
0.685931 0.057944
0.675930 0.059224
0.665843 0.060488
0.655675 0.061736
0.645430 0.062966
0.635113 0.064178
0.624730 0.065370
0.614285 0.066542
0.603784 0.067692
0.593232 0.068823
0.582630 0.069939
0.571985 0.071040
0.561302 0.072123
0.550584 0.073185
0.539838 0.074222
0.529068 0.075233
0.518278 0.076214
0.507475 0.077164
0.496663 0.078082
0.485846 0.079020
0.475030 0.079976
0.464219 0.080925
0.453418 0.081845
0.442631 0.082712
0.431863 0.083504
0.421118 0.084199
0.410402 0.084775
0.399718 0.085210
0.389069 0.085567
0.378460 0.085912
0.367896 0.086237
0.357383 0.086534
0.346930 0.086797
0.336540 0.087020
0.326222 0.087197
0.315981 0.087322
0.305824 0.087389
0.295754 0.087378
0.285772 0.087168
0.275880 0.086761
0.266086 0.086192
0.256394 0.085492
0.246810 0.084693
0.237339 0.083823
0.227986 0.082911
0.218757 0.081981
0.209656 0.081059
0.200687 0.080167
0.191850 0.079258
0.183144 0.078254
0.174583 0.077162
0.166179 0.075990
0.157941 0.074743
0.149880 0.073430
0.141995 0.071997
0.134281 0.070418
0.126741 0.068732
0.119381 0.066974
0.112202 0.065177
0.105209 0.063370
0.098402 0.061576
0.091769 0.059757
0.085333 0.057873
0.079129 0.055900
0.073180 0.053820
0.067462 0.051597
0.061973 0.049268
0.056717 0.046883
0.051701 0.044486
0.046919 0.042098
0.042348 0.039693
0.037996 0.037283
0.033873 0.034886
0.029982 0.032518
0.026329 0.030192
0.022870 0.027926
0.019536 0.025717
0.016488 0.023520
0.013850 0.021304
0.011650 0.019039
0.009520 0.016634
0.007493 0.014197
0.005669 0.011841
0.004110 0.009645
0.002838 0.007659
0.001851 0.005911
0.001126 0.004412
0.000627 0.003158
0.000310 0.002138
0.000130 0.001338
0.000042 0.000738
0.000008 0.000323
0.000001 0.000080
0.000000 0.000000
0.000001 -0.000080
0.000018 -0.000322
0.000091 -0.000732
0.000280 -0.001316
0.000662 -0.002081
0.001317 -0.003024
0.002320 -0.004133
0.003723 -0.005376
0.005538 -0.006690
0.007719 -0.007981
0.010139 -0.009103
0.012565 -0.009854
0.015121 -0.010313
0.018073 -0.010699
0.021343 -0.011012
0.024804 -0.011267
0.028401 -0.011501
0.032211 -0.011736
0.036232 -0.011958
0.040462 -0.012150
0.044896 -0.012289
0.049530 -0.012349
0.054362 -0.012309
0.059392 -0.012179
0.064618 -0.011981
0.070035 -0.011744
0.075641 -0.011504
0.081433 -0.011235
0.087409 -0.010915
0.093566 -0.010564
0.099903 -0.010205
0.106417 -0.009846
0.113105 -0.009471
0.119964 -0.009082
0.126990 -0.008681
0.134181 -0.008266
0.141533 -0.007841
0.149044 -0.007405
0.156709 -0.006956
0.164526 -0.006489
0.172491 -0.006009
0.180600 -0.005521
0.188850 -0.005034
0.197239 -0.004554
0.205762 -0.004081
0.214415 -0.003597
0.223195 -0.003106
0.232096 -0.002609
0.241116 -0.002112
0.250251 -0.001619
0.259497 -0.001136
0.268849 -0.000666
0.278303 -0.000215
0.287857 0.000210
0.297504 0.000604
0.307242 0.000972
0.317066 0.001332
0.326971 0.001684
0.336953 0.002025
0.347008 0.002352
0.357130 0.002662
0.367316 0.002951
0.377560 0.003217
0.387857 0.003457
0.398204 0.003667
0.408596 0.003851
0.419028 0.004021
0.429495 0.004178
0.439994 0.004324
0.450518 0.004459
0.461064 0.004586
0.471627 0.004706
0.482201 0.004819
0.492783 0.004928
0.503366 0.005034
0.513947 0.005145
0.524521 0.005259
0.535084 0.005373
0.545630 0.005481
0.556154 0.005580
0.566654 0.005666
0.577122 0.005734
0.587556 0.005779
0.597950 0.005799
0.608299 0.005796
0.618600 0.005780
0.628847 0.005753
0.639035 0.005718
0.649162 0.005675
0.659221 0.005627
0.669208 0.005575
0.679119 0.005520
0.688950 0.005464
0.698696 0.005407
0.708352 0.005348
0.717915 0.005278
0.727381 0.005199
0.736744 0.005113
0.746001 0.005020
0.755148 0.004923
0.764181 0.004823
0.773095 0.004720
0.781887 0.004617
0.790552 0.004513
0.799088 0.004411
0.807490 0.004310
0.815755 0.004210
0.823878 0.004110
0.831856 0.004008
0.839687 0.003905
0.847365 0.003800
0.854888 0.003692
0.862252 0.003581
0.869454 0.003466
0.876490 0.003348
0.883358 0.003226
0.890055 0.003100
0.896577 0.002971
0.902922 0.002835
0.909087 0.002676
0.915068 0.002499
0.920864 0.002313
0.926471 0.002124
0.931889 0.001937
0.937113 0.001759
0.942143 0.001592
0.946976 0.001440
0.951609 0.001304
0.956041 0.001177
0.960269 0.001057
0.964292 0.000945
0.968108 0.000839
0.971715 0.000740
0.975111 0.000648
0.978296 0.000562
0.981267 0.000483
0.984023 0.000410
0.986563 0.000344
0.988887 0.000283
0.990992 0.000229
0.992878 0.000180
0.994544 0.000138
0.995990 0.000101
0.997214 0.000070
0.998216 0.000045
0.998996 0.000025
0.999554 0.000011
0.999888 0.000003
1.000000 -0.000000