goe281
1.000000 0.002600
0.999888 0.002622
0.999552 0.002690
0.998992 0.002802
0.998209 0.002959
0.997202 0.003162
0.995973 0.003409
0.994521 0.003701
0.992848 0.004037
0.990955 0.004419
0.988841 0.004846
0.986509 0.005317
0.983958 0.005833
0.981192 0.006394
0.978209 0.007000
0.975013 0.007650
0.971604 0.008345
0.967985 0.009085
0.964156 0.009869
0.960119 0.010698
0.955877 0.011570
0.951431 0.012488
0.946784 0.013452
0.941940 0.014473
0.936900 0.015548
0.931666 0.016672
0.926240 0.017839
0.920622 0.019042
0.914813 0.020271
0.908814 0.021517
0.902626 0.022766
0.896250 0.024011
0.889692 0.025274
0.882956 0.026556
0.876043 0.027856
0.868958 0.029172
0.861703 0.030502
0.854282 0.031846
0.846697 0.033202
0.838953 0.034568
0.831053 0.035944
0.823001 0.037328
0.814800 0.038718
0.806454 0.040114
0.797967 0.041514
0.789342 0.042922
0.780582 0.044335
0.771691 0.045753
0.762673 0.047171
0.753532 0.048588
0.744271 0.050000
0.734896 0.051404
0.725409 0.052798
0.715816 0.054178
0.706121 0.055541
0.696327 0.056885
0.686439 0.058213
0.676460 0.059528
0.666395 0.060827
0.656249 0.062111
0.646026 0.063380
0.635732 0.064632
0.625372 0.065867
0.614951 0.067086
0.604473 0.068288
0.593945 0.069481
0.583370 0.070705
0.572753 0.071945
0.562098 0.073181
0.551409 0.074390
0.540690 0.075552
0.529946 0.076644
0.519179 0.077642
0.508395 0.078526
0.497598 0.079275
0.486790 0.079960
0.475977 0.080619
0.465166 0.081244
0.454362 0.081827
0.443571 0.082360
0.432800 0.082835
0.422054 0.083244
0.411339 0.083581
0.400661 0.083837
0.390023 0.084040
0.379427 0.084234
0.368878 0.084415
0.358383 0.084580
0.347948 0.084726
0.337577 0.084850
0.327276 0.084949
0.317052 0.085020
0.306910 0.085061
0.296854 0.085062
0.286885 0.084906
0.277007 0.084568
0.267224 0.084079
0.257544 0.083467
0.247970 0.082757
0.238510 0.081977
0.229168 0.081149
0.219949 0.080296
0.210858 0.079439
0.201900 0.078599
0.193077 0.077745
0.184387 0.076777
0.175840 0.075705
0.167446 0.074548
0.159215 0.073321
0.151156 0.072039
0.143270 0.070682
0.135551 0.069198
0.128004 0.067614
0.120635 0.065958
0.113448 0.064254
0.106448 0.062525
0.099638 0.060790
0.093010 0.059025
0.086573 0.057185
0.080359 0.055258
0.074396 0.053236
0.068656 0.051100
0.063131 0.048858
0.057851 0.046535
0.052840 0.044153
0.048113 0.041726
0.043640 0.039206
0.039404 0.036626
0.035401 0.034034
0.031625 0.031473
0.028070 0.028976
0.024733 0.026572
0.021562 0.024260
0.018584 0.022010
0.015871 0.019803
0.013467 0.017632
0.011330 0.015475
0.009155 0.013257
0.007071 0.011078
0.005210 0.009027
0.003645 0.007164
0.002403 0.005520
0.001474 0.004111
0.000827 0.002935
0.000411 0.001982
0.000173 0.001236
0.000056 0.000681
0.000011 0.000297
0.000001 0.000074
0.000000 0.000000
0.000001 -0.000074
0.000021 -0.000298
0.000102 -0.000682
0.000314 -0.001237
0.000740 -0.001972
0.001469 -0.002887
0.002578 -0.003965
0.004115 -0.005158
0.006080 -0.006377
0.008401 -0.007479
0.010903 -0.008248
0.013331 -0.008421
0.015981 -0.008290
0.018972 -0.008029
0.022234 -0.007701
0.025660 -0.007403
0.029255 -0.007127
0.033058 -0.006836
0.037067 -0.006532
0.041282 -0.006218
0.045700 -0.005899
0.050319 -0.005581
0.055139 -0.005259
0.060156 -0.004934
0.065369 -0.004609
0.070775 -0.004292
0.076372 -0.003990
0.082159 -0.003709
0.088131 -0.003440
0.094287 -0.003170
0.100622 -0.002882
0.107132 -0.002568
0.113816 -0.002237
0.120671 -0.001891
0.127693 -0.001540
0.134881 -0.001188
0.142231 -0.000845
0.149740 -0.000521
0.157405 -0.000216
0.165223 0.000076
0.173190 0.000360
0.181301 0.000640
0.189554 0.000921
0.197944 0.001209
0.206467 0.001508
0.215120 0.001816
0.223899 0.002130
0.232800 0.002450
0.241820 0.002773
0.250953 0.003095
0.260197 0.003416
0.269547 0.003731
0.278998 0.004039
0.288548 0.004336
0.298192 0.004620
0.307925 0.004896
0.317743 0.005182
0.327641 0.005471
0.337616 0.005758
0.347663 0.006036
0.357777 0.006298
0.367954 0.006537
0.378190 0.006747
0.388479 0.006920
0.398817 0.007049
0.409200 0.007146
0.419624 0.007240
0.430083 0.007328
0.440572 0.007408
0.451088 0.007481
0.461625 0.007542
0.472178 0.007591
0.482744 0.007627
0.493316 0.007646
0.503890 0.007650
0.514462 0.007648
0.525027 0.007643
0.535581 0.007635
0.546118 0.007625
0.556634 0.007613
0.567124 0.007599
0.577583 0.007582
0.588007 0.007564
0.598390 0.007543
0.608729 0.007491
0.619018 0.007362
0.629253 0.007170
0.639430 0.006928
0.649544 0.006651
0.659590 0.006349
0.669565 0.006038
0.679464 0.005727
0.689283 0.005429
0.699016 0.005155
0.708661 0.004895
0.718211 0.004624
0.727664 0.004345
0.737015 0.004063
0.746260 0.003781
0.755395 0.003502
0.764415 0.003228
0.773318 0.002962
0.782099 0.002707
0.790754 0.002465
0.799279 0.002238
0.807671 0.002028
0.815926 0.001831
0.824041 0.001646
0.832010 0.001471
0.839832 0.001302
0.847502 0.001138
0.855017 0.000977
0.862373 0.000817
0.869568 0.000658
0.876597 0.000497
0.883458 0.000335
0.890148 0.000169
0.896664 -0.000000
0.903002 -0.000175
0.909161 -0.000367
0.915136 -0.000568
0.920926 -0.000771
0.926528 -0.000969
0.931941 -0.001157
0.937160 -0.001330
0.942186 -0.001484
0.947014 -0.001617
0.951643 -0.001728
0.956072 -0.001828
0.960297 -0.001921
0.964316 -0.002007
0.968129 -0.002086
0.971734 -0.002157
0.975128 -0.002222
0.978310 -0.002280
0.981279 -0.002332
0.984033 -0.002378
0.986572 -0.002418
0.988894 -0.002454
0.990997 -0.002484
0.992882 -0.002511
0.994547 -0.002533
0.995992 -0.002552
0.997216 -0.002567
0.998217 -0.002579
0.998997 -0.002588
0.999554 -0.002595
0.999889 -0.002599
1.000000 -0.002600