goe274
1.000000 0.004000
0.999889 0.004030
0.999557 0.004121
0.999002 0.004272
0.998227 0.004483
0.997230 0.004753
0.996013 0.005083
0.994575 0.005472
0.992918 0.005919
0.991041 0.006423
0.988946 0.006985
0.986634 0.007602
0.984104 0.008274
0.981359 0.009000
0.978399 0.009779
0.975225 0.010609
0.971839 0.011490
0.968241 0.012419
0.964434 0.013396
0.960418 0.014418
0.956195 0.015484
0.951767 0.016593
0.947135 0.017744
0.942302 0.018940
0.937269 0.020179
0.932039 0.021457
0.926612 0.022769
0.920990 0.024110
0.915176 0.025473
0.909170 0.026852
0.902975 0.028238
0.896592 0.029626
0.890025 0.031035
0.883278 0.032466
0.876354 0.033917
0.869255 0.035384
0.861984 0.036864
0.854545 0.038356
0.846941 0.039856
0.839175 0.041361
0.831251 0.042867
0.823172 0.044372
0.814942 0.045871
0.806565 0.047361
0.798044 0.048839
0.789382 0.050312
0.780580 0.051781
0.771644 0.053244
0.762578 0.054699
0.753385 0.056142
0.744071 0.057570
0.734639 0.058980
0.725095 0.060369
0.715443 0.061735
0.705688 0.063073
0.695834 0.064382
0.685884 0.065679
0.675842 0.066962
0.665712 0.068228
0.655500 0.069470
0.645209 0.070684
0.634846 0.071865
0.624414 0.073007
0.613919 0.074104
0.603366 0.075150
0.592760 0.076146
0.582102 0.077105
0.571398 0.078029
0.560654 0.078921
0.549874 0.079783
0.539065 0.080616
0.528233 0.081423
0.517382 0.082206
0.506519 0.082966
0.495648 0.083708
0.484775 0.084458
0.473902 0.085210
0.463034 0.085952
0.452178 0.086668
0.441336 0.087347
0.430515 0.087974
0.419718 0.088537
0.408951 0.089023
0.398218 0.089420
0.387523 0.089779
0.376870 0.090134
0.366264 0.090473
0.355713 0.090789
0.345220 0.091071
0.334792 0.091311
0.324434 0.091502
0.314152 0.091635
0.303951 0.091703
0.293834 0.091687
0.283800 0.091535
0.273855 0.091256
0.264005 0.090868
0.254257 0.090388
0.244618 0.089833
0.235093 0.089218
0.225690 0.088559
0.216414 0.087868
0.207270 0.087161
0.198264 0.086446
0.189393 0.085580
0.180663 0.084511
0.172081 0.083295
0.163657 0.081979
0.155399 0.080610
0.147312 0.079226
0.139375 0.077784
0.131596 0.076256
0.123992 0.074641
0.116583 0.072939
0.109383 0.071152
0.102404 0.069281
0.095661 0.067279
0.089156 0.064996
0.082874 0.062556
0.076801 0.060094
0.070912 0.057709
0.065181 0.055364
0.059669 0.052999
0.054430 0.050568
0.049508 0.048036
0.044882 0.045363
0.040508 0.042582
0.036377 0.039756
0.032482 0.036942
0.028815 0.034185
0.025369 0.031523
0.022089 0.028968
0.018967 0.026482
0.016123 0.024035
0.013641 0.021611
0.011524 0.019191
0.009443 0.016700
0.007447 0.014228
0.005645 0.011865
0.004097 0.009676
0.002833 0.007701
0.001849 0.005961
0.001126 0.004465
0.000628 0.003208
0.000311 0.002181
0.000130 0.001369
0.000042 0.000758
0.000008 0.000333
0.000001 0.000083
0.000000 0.000000
0.000001 -0.000083
0.000017 -0.000335
0.000085 -0.000767
0.000261 -0.001395
0.000619 -0.002231
0.001235 -0.003280
0.002180 -0.004531
0.003510 -0.005942
0.005243 -0.007431
0.007346 -0.008860
0.009718 -0.010018
0.012162 -0.010605
0.014671 -0.010585
0.017615 -0.010455
0.020913 -0.010243
0.024412 -0.009981
0.028000 -0.009636
0.031778 -0.009093
0.035752 -0.008395
0.039925 -0.007609
0.044302 -0.006830
0.048892 -0.006181
0.053700 -0.005732
0.058719 -0.005352
0.063942 -0.005009
0.069361 -0.004674
0.074967 -0.004304
0.080756 -0.003893
0.086730 -0.003466
0.092886 -0.003029
0.099222 -0.002585
0.105735 -0.002128
0.112422 -0.001643
0.119280 -0.001142
0.126307 -0.000639
0.133499 -0.000148
0.140855 0.000312
0.148371 0.000721
0.156045 0.001076
0.163874 0.001404
0.171854 0.001710
0.179980 0.001997
0.188248 0.002271
0.196653 0.002537
0.205192 0.002799
0.213861 0.003053
0.222657 0.003299
0.231576 0.003539
0.240613 0.003774
0.249765 0.004004
0.259027 0.004232
0.268395 0.004457
0.277866 0.004683
0.287434 0.004910
0.297096 0.005141
0.306847 0.005380
0.316683 0.005635
0.326599 0.005899
0.336591 0.006167
0.346655 0.006432
0.356786 0.006687
0.366981 0.006925
0.377233 0.007137
0.387540 0.007318
0.397896 0.007458
0.408297 0.007565
0.418738 0.007667
0.429215 0.007762
0.439722 0.007851
0.450256 0.007931
0.460810 0.008001
0.471382 0.008059
0.481965 0.008105
0.492555 0.008137
0.503147 0.008154
0.513737 0.008167
0.524320 0.008178
0.534892 0.008188
0.545447 0.008197
0.555981 0.008205
0.566488 0.008211
0.576965 0.008216
0.587407 0.008219
0.597809 0.008220
0.608165 0.008195
0.618473 0.008101
0.628726 0.007949
0.638921 0.007753
0.649053 0.007524
0.659118 0.007275
0.669111 0.007019
0.679028 0.006767
0.688865 0.006529
0.698616 0.006317
0.708279 0.006127
0.717848 0.005942
0.727320 0.005760
0.736689 0.005581
0.745952 0.005401
0.755105 0.005222
0.764143 0.005041
0.773063 0.004857
0.781861 0.004670
0.790532 0.004478
0.799072 0.004281
0.807479 0.004081
0.815748 0.003878
0.823876 0.003674
0.831858 0.003468
0.839692 0.003260
0.847375 0.003050
0.854901 0.002839
0.862269 0.002626
0.869474 0.002411
0.876514 0.002196
0.883386 0.001979
0.890085 0.001762
0.896611 0.001545
0.902958 0.001328
0.909126 0.001110
0.915112 0.000890
0.920911 0.000668
0.926523 0.000443
0.931943 0.000216
0.937169 -0.000014
0.942200 -0.000246
0.947032 -0.000480
0.951664 -0.000716
0.956094 -0.000956
0.960320 -0.001198
0.964340 -0.001439
0.968152 -0.001679
0.971756 -0.001913
0.975148 -0.002141
0.978329 -0.002361
0.981297 -0.002572
0.984049 -0.002771
0.986586 -0.002959
0.988906 -0.003133
0.991008 -0.003293
0.992891 -0.003438
0.994554 -0.003568
0.995997 -0.003681
0.997219 -0.003778
0.998220 -0.003857
0.998998 -0.003920
0.999555 -0.003964
0.999889 -0.003991
1.000000 -0.004000