goe382
1.000000 0.001050
0.999884 0.001084
0.999537 0.001185
0.998959 0.001353
0.998150 0.001589
0.997111 0.001893
0.995842 0.002265
0.994344 0.002706
0.992618 0.003217
0.990665 0.003797
0.988486 0.004448
0.986083 0.005170
0.983457 0.005965
0.980609 0.006833
0.977542 0.007774
0.974256 0.008791
0.970755 0.009883
0.967040 0.011052
0.963113 0.012299
0.958977 0.013624
0.954634 0.015030
0.950087 0.016516
0.945340 0.018091
0.940401 0.019770
0.935270 0.021550
0.929948 0.023426
0.924436 0.025390
0.918733 0.027433
0.912839 0.029544
0.906752 0.031709
0.900469 0.033911
0.893992 0.036141
0.887332 0.038430
0.880493 0.040780
0.873479 0.043188
0.866290 0.045650
0.858930 0.048163
0.851402 0.050721
0.843707 0.053321
0.835847 0.055957
0.827826 0.058624
0.819645 0.061315
0.811306 0.064024
0.802813 0.066745
0.794167 0.069471
0.785372 0.072211
0.776434 0.074969
0.767356 0.077742
0.758142 0.080526
0.748797 0.083318
0.739323 0.086114
0.729726 0.088908
0.720010 0.091698
0.710178 0.094479
0.700235 0.097247
0.690185 0.099998
0.680032 0.102743
0.669780 0.105482
0.659432 0.108209
0.648994 0.110920
0.638470 0.113610
0.627865 0.116273
0.617185 0.118904
0.606432 0.121498
0.595614 0.124050
0.584735 0.126576
0.573803 0.129135
0.562822 0.131704
0.551793 0.134251
0.540719 0.136744
0.529604 0.139149
0.518449 0.141434
0.507257 0.143565
0.496031 0.145510
0.484773 0.147274
0.473487 0.149052
0.462179 0.150827
0.450859 0.152543
0.439535 0.154146
0.428214 0.155582
0.416906 0.156796
0.405618 0.157736
0.394359 0.158351
0.383133 0.158654
0.371925 0.158903
0.360746 0.159126
0.349609 0.159324
0.338525 0.159492
0.327507 0.159630
0.316566 0.159736
0.305713 0.159808
0.294961 0.159845
0.284312 0.159788
0.273739 0.159309
0.263251 0.158416
0.252863 0.157179
0.242590 0.155665
0.232446 0.153938
0.222444 0.152060
0.212597 0.150090
0.202917 0.148081
0.193415 0.146084
0.184094 0.144012
0.174943 0.141534
0.165977 0.138740
0.157209 0.135738
0.148652 0.132632
0.140317 0.129512
0.132186 0.126290
0.124254 0.122913
0.116529 0.119419
0.109019 0.115844
0.101732 0.112222
0.094674 0.108582
0.087840 0.104909
0.081232 0.101123
0.074893 0.097240
0.068860 0.093283
0.063076 0.089262
0.057519 0.085178
0.052264 0.081035
0.047375 0.076839
0.042882 0.072587
0.038699 0.068247
0.034789 0.063876
0.031127 0.059534
0.027695 0.055274
0.024476 0.051138
0.021450 0.047163
0.018517 0.043335
0.015753 0.039623
0.013294 0.036011
0.011235 0.032493
0.009558 0.029051
0.007953 0.025651
0.006442 0.022355
0.005073 0.019218
0.003875 0.016281
0.002861 0.013573
0.002033 0.011112
0.001380 0.008907
0.000888 0.006962
0.000534 0.005272
0.000295 0.003833
0.000145 0.002636
0.000060 0.001673
0.000019 0.000935
0.000004 0.000413
0.000000 0.000103
0.000000 0.000000
0.000000 -0.000103
0.000008 -0.000413
0.000038 -0.000934
0.000118 -0.001669
0.000282 -0.002624
0.000572 -0.003803
0.001031 -0.005205
0.001703 -0.006825
0.002627 -0.008649
0.003834 -0.010649
0.005338 -0.012784
0.007136 -0.014992
0.009198 -0.017188
0.011460 -0.019256
0.013819 -0.021049
0.016545 -0.022552
0.019947 -0.023896
0.023820 -0.025124
0.027859 -0.026306
0.031951 -0.027516
0.036275 -0.028735
0.040828 -0.029921
0.045604 -0.031016
0.050594 -0.031954
0.055800 -0.032684
0.061240 -0.033271
0.066897 -0.033793
0.072745 -0.034340
0.078755 -0.035030
0.084923 -0.035986
0.091261 -0.037067
0.097783 -0.038031
0.104503 -0.038620
0.111418 -0.039028
0.118516 -0.039380
0.125793 -0.039684
0.133241 -0.039948
0.140851 -0.040183
0.148616 -0.040400
0.156527 -0.040616
0.164588 -0.040843
0.172796 -0.041067
0.181148 -0.041268
0.189638 -0.041426
0.198265 -0.041517
0.207022 -0.041526
0.215907 -0.041497
0.224916 -0.041440
0.234045 -0.041357
0.243289 -0.041252
0.252645 -0.041126
0.262108 -0.040984
0.271674 -0.040828
0.281338 -0.040663
0.291096 -0.040492
0.300944 -0.040319
0.310877 -0.040136
0.320891 -0.039919
0.330981 -0.039672
0.341144 -0.039398
0.351374 -0.039102
0.361667 -0.038787
0.372018 -0.038457
0.382423 -0.038118
0.392877 -0.037774
0.403376 -0.037430
0.413915 -0.037083
0.424490 -0.036729
0.435096 -0.036364
0.445728 -0.035985
0.456380 -0.035589
0.467047 -0.035174
0.477725 -0.034735
0.488409 -0.034272
0.499092 -0.033779
0.509770 -0.033245
0.520438 -0.032643
0.531092 -0.031987
0.541728 -0.031287
0.552341 -0.030557
0.562927 -0.029811
0.573482 -0.029060
0.584002 -0.028318
0.594483 -0.027596
0.604920 -0.026905
0.615308 -0.026225
0.625641 -0.025549
0.635917 -0.024878
0.646129 -0.024210
0.656273 -0.023547
0.666345 -0.022889
0.676341 -0.022236
0.686255 -0.021587
0.696083 -0.020945
0.705822 -0.020307
0.715467 -0.019676
0.725012 -0.019051
0.734455 -0.018433
0.743791 -0.017822
0.753016 -0.017217
0.762126 -0.016621
0.771116 -0.016032
0.779983 -0.015451
0.788723 -0.014879
0.797331 -0.014315
0.805805 -0.013760
0.814140 -0.013214
0.822333 -0.012678
0.830379 -0.012151
0.838276 -0.011634
0.846020 -0.011127
0.853607 -0.010630
0.861034 -0.010144
0.868298 -0.009669
0.875395 -0.009204
0.882323 -0.008750
0.889078 -0.008308
0.895657 -0.007877
0.902058 -0.007458
0.908277 -0.007051
0.914312 -0.006655
0.920159 -0.006272
0.925818 -0.005902
0.931284 -0.005544
0.936556 -0.005198
0.941631 -0.004866
0.946506 -0.004547
0.951181 -0.004241
0.955652 -0.003949
0.959918 -0.003670
0.963977 -0.003404
0.967826 -0.003152
0.971465 -0.002914
0.974892 -0.002690
0.978104 -0.002480
0.981102 -0.002285
0.983882 -0.002103
0.986445 -0.001935
0.988789 -0.001782
0.990913 -0.001644
0.992815 -0.001519
0.994496 -0.001409
0.995954 -0.001314
0.997189 -0.001234
0.998201 -0.001168
0.998988 -0.001116
0.999550 -0.001079
0.999887 -0.001057
1.000000 -0.001050