goe310
1.000000 0.000000
0.999889 0.000026
0.999555 0.000103
0.998999 0.000231
0.998221 0.000410
0.997221 0.000640
0.995999 0.000921
0.994556 0.001251
0.992894 0.001631
0.991011 0.002060
0.988909 0.002537
0.986589 0.003061
0.984052 0.003633
0.981299 0.004250
0.978330 0.004911
0.975147 0.005617
0.971752 0.006365
0.968145 0.007155
0.964328 0.007985
0.960302 0.008853
0.956070 0.009759
0.951632 0.010701
0.946991 0.011675
0.942147 0.012680
0.937102 0.013712
0.931859 0.014773
0.926420 0.015864
0.920789 0.016985
0.914968 0.018138
0.908960 0.019324
0.902769 0.020548
0.896398 0.021812
0.889851 0.023120
0.883130 0.024471
0.876238 0.025860
0.869177 0.027285
0.861950 0.028741
0.854559 0.030225
0.847008 0.031730
0.839298 0.033252
0.831432 0.034784
0.823414 0.036319
0.815244 0.037851
0.806927 0.039372
0.798465 0.040873
0.789860 0.042365
0.781119 0.043855
0.772246 0.045342
0.763243 0.046824
0.754116 0.048299
0.744869 0.049768
0.735507 0.051227
0.726033 0.052677
0.716453 0.054116
0.706772 0.055542
0.696994 0.056955
0.687121 0.058358
0.677158 0.059751
0.667110 0.061131
0.656980 0.062496
0.646773 0.063845
0.636495 0.065176
0.626150 0.066486
0.615743 0.067774
0.605279 0.069038
0.594763 0.070279
0.584199 0.071524
0.573592 0.072768
0.562947 0.074000
0.552266 0.075207
0.541556 0.076378
0.530821 0.077499
0.520064 0.078558
0.509291 0.079543
0.498506 0.080441
0.487713 0.081332
0.476917 0.082258
0.466124 0.083184
0.455338 0.084072
0.444565 0.084887
0.433812 0.085595
0.423082 0.086159
0.412381 0.086546
0.401716 0.086722
0.391088 0.086722
0.380499 0.086687
0.369954 0.086627
0.359462 0.086542
0.349028 0.086437
0.338659 0.086311
0.328363 0.086167
0.318144 0.086008
0.308011 0.085834
0.297968 0.085647
0.288015 0.085324
0.278154 0.084808
0.268390 0.084128
0.258729 0.083315
0.249177 0.082396
0.239740 0.081397
0.230421 0.080345
0.221228 0.079262
0.212164 0.078172
0.203234 0.077094
0.194442 0.076022
0.185787 0.074845
0.177277 0.073566
0.168919 0.072206
0.160722 0.070785
0.152692 0.069322
0.144830 0.067826
0.137124 0.066270
0.129583 0.064651
0.122220 0.062972
0.115046 0.061233
0.108071 0.059438
0.101304 0.057590
0.094746 0.055659
0.088391 0.053580
0.082259 0.051391
0.076364 0.049136
0.070728 0.046796
0.065355 0.044290
0.060199 0.041743
0.055219 0.039275
0.050382 0.036980
0.045650 0.034930
0.041033 0.033079
0.036596 0.031328
0.032390 0.029602
0.028452 0.027842
0.024811 0.026009
0.021378 0.024098
0.018155 0.022132
0.015270 0.020125
0.012809 0.018096
0.010641 0.015994
0.008491 0.013765
0.006494 0.011546
0.004749 0.009437
0.003302 0.007508
0.002166 0.005797
0.001324 0.004325
0.000740 0.003092
0.000367 0.002090
0.000154 0.001305
0.000050 0.000719
0.000010 0.000314
0.000001 0.000078
0.000000 0.000000
0.000001 -0.000078
0.000019 -0.000313
0.000094 -0.000712
0.000289 -0.001280
0.000683 -0.002025
0.001358 -0.002943
0.002391 -0.004023
0.003832 -0.005231
0.005692 -0.006506
0.007918 -0.007751
0.010373 -0.008821
0.012812 -0.009512
0.015398 -0.009915
0.018366 -0.010226
0.021637 -0.010501
0.025089 -0.010828
0.028676 -0.011255
0.032469 -0.011743
0.036467 -0.012271
0.040669 -0.012808
0.045078 -0.013313
0.049693 -0.013736
0.054516 -0.014095
0.059544 -0.014460
0.064772 -0.014787
0.070195 -0.015021
0.075808 -0.015099
0.081611 -0.015048
0.087603 -0.014924
0.093776 -0.014747
0.100124 -0.014541
0.106644 -0.014268
0.113337 -0.013877
0.120198 -0.013381
0.127223 -0.012795
0.134410 -0.012137
0.141752 -0.011428
0.149246 -0.010694
0.156885 -0.009884
0.164662 -0.008916
0.172580 -0.007840
0.180639 -0.006716
0.188841 -0.005609
0.197189 -0.004591
0.205683 -0.003697
0.214312 -0.002825
0.223071 -0.001967
0.231957 -0.001126
0.240964 -0.000303
0.250089 0.000498
0.259327 0.001276
0.268673 0.002029
0.278122 0.002753
0.287671 0.003446
0.297313 0.004106
0.307046 0.004755
0.316866 0.005443
0.326769 0.006150
0.336751 0.006853
0.346806 0.007527
0.356930 0.008147
0.367119 0.008685
0.377367 0.009115
0.387669 0.009409
0.398021 0.009537
0.408419 0.009517
0.418860 0.009432
0.429339 0.009288
0.439850 0.009095
0.450388 0.008858
0.460946 0.008586
0.471520 0.008285
0.482103 0.007965
0.492689 0.007631
0.503273 0.007284
0.513850 0.006820
0.524416 0.006230
0.534967 0.005544
0.545501 0.004794
0.556012 0.004013
0.566498 0.003230
0.576954 0.002476
0.587378 0.001782
0.597765 0.001176
0.608110 0.000652
0.618409 0.000149
0.628655 -0.000335
0.638845 -0.000800
0.648972 -0.001244
0.659034 -0.001667
0.669024 -0.002067
0.678939 -0.002445
0.688774 -0.002800
0.698524 -0.003131
0.708185 -0.003454
0.717753 -0.003790
0.727224 -0.004128
0.736594 -0.004459
0.745858 -0.004772
0.755012 -0.005059
0.764051 -0.005310
0.772973 -0.005518
0.781773 -0.005676
0.790446 -0.005779
0.798990 -0.005819
0.807400 -0.005817
0.815673 -0.005804
0.823805 -0.005784
0.831793 -0.005757
0.839632 -0.005723
0.847319 -0.005684
0.854851 -0.005639
0.862224 -0.005590
0.869435 -0.005537
0.876480 -0.005480
0.883356 -0.005421
0.890060 -0.005359
0.896590 -0.005295
0.902942 -0.005226
0.909114 -0.005124
0.915104 -0.004990
0.920908 -0.004831
0.926524 -0.004654
0.931948 -0.004463
0.937177 -0.004265
0.942211 -0.004062
0.947045 -0.003859
0.951677 -0.003657
0.956108 -0.003438
0.960334 -0.003201
0.964353 -0.002954
0.968166 -0.002699
0.971769 -0.002443
0.975161 -0.002187
0.978340 -0.001937
0.981307 -0.001694
0.984058 -0.001462
0.986594 -0.001242
0.988912 -0.001036
0.991013 -0.000846
0.992895 -0.000673
0.994558 -0.000518
0.996000 -0.000383
0.997221 -0.000267
0.998221 -0.000171
0.998999 -0.000097
0.999555 -0.000043
0.999889 -0.000011
1.000000 0.000000