goe366
1.000000 0.001500
0.999890 0.001543
0.999559 0.001673
0.999007 0.001888
0.998235 0.002189
0.997243 0.002576
0.996031 0.003047
0.994599 0.003601
0.992948 0.004238
0.991078 0.004957
0.988989 0.005755
0.986683 0.006633
0.984159 0.007587
0.981419 0.008616
0.978463 0.009719
0.975292 0.010893
0.971907 0.012136
0.968308 0.013445
0.964497 0.014818
0.960475 0.016252
0.956243 0.017744
0.951801 0.019291
0.947152 0.020889
0.942292 0.022529
0.937224 0.024211
0.931951 0.025934
0.926475 0.027700
0.920801 0.029510
0.914931 0.031366
0.908872 0.033274
0.902628 0.035237
0.896203 0.037261
0.889601 0.039348
0.882822 0.041495
0.875870 0.043697
0.868745 0.045950
0.861452 0.048248
0.853990 0.050587
0.846363 0.052958
0.838573 0.055357
0.830621 0.057774
0.822509 0.060202
0.814240 0.062631
0.805814 0.065054
0.797235 0.067459
0.788504 0.069858
0.779627 0.072257
0.770609 0.074655
0.761454 0.077049
0.752166 0.079439
0.742751 0.081823
0.733213 0.084199
0.723558 0.086567
0.713792 0.088925
0.703918 0.091273
0.693945 0.093615
0.683874 0.095988
0.673710 0.098382
0.663456 0.100776
0.653113 0.103150
0.642685 0.105482
0.632175 0.107750
0.621585 0.109931
0.610917 0.112002
0.600176 0.113937
0.589361 0.115753
0.578479 0.117513
0.567535 0.119214
0.556538 0.120850
0.545494 0.122418
0.534413 0.123911
0.523301 0.125326
0.512166 0.126657
0.501017 0.127901
0.489857 0.129093
0.478686 0.130320
0.467508 0.131546
0.456330 0.132731
0.445157 0.133834
0.433997 0.134813
0.422854 0.135630
0.411734 0.136244
0.400645 0.136618
0.389587 0.136794
0.378558 0.136947
0.367567 0.137084
0.356622 0.137204
0.345733 0.137306
0.334909 0.137390
0.324157 0.137453
0.313488 0.137496
0.302908 0.137517
0.292421 0.137467
0.282010 0.137085
0.271684 0.136381
0.261454 0.135409
0.251332 0.134216
0.241330 0.132853
0.231457 0.131364
0.221725 0.129794
0.212142 0.128183
0.202718 0.126570
0.193459 0.124930
0.184355 0.122962
0.175416 0.120703
0.166655 0.118243
0.158084 0.115670
0.149712 0.113061
0.141541 0.110402
0.133561 0.107584
0.125773 0.104648
0.118180 0.101633
0.110783 0.098577
0.103585 0.095513
0.096585 0.092467
0.089775 0.089383
0.083186 0.086230
0.076849 0.083005
0.070781 0.079707
0.064928 0.076342
0.059317 0.072920
0.053985 0.069451
0.048960 0.065946
0.044196 0.062404
0.039652 0.058835
0.035358 0.055263
0.031334 0.051707
0.027596 0.048190
0.024154 0.044728
0.020900 0.041303
0.017854 0.037902
0.015144 0.034545
0.012859 0.031250
0.010965 0.028012
0.009137 0.024774
0.007410 0.021608
0.005841 0.018577
0.004465 0.015731
0.003299 0.013102
0.002345 0.010713
0.001593 0.008574
0.001025 0.006690
0.000617 0.005057
0.000341 0.003670
0.000167 0.002520
0.000070 0.001597
0.000022 0.000891
0.000004 0.000394
0.000000 0.000098
0.000000 0.000000
0.000001 -0.000098
0.000010 -0.000398
0.000050 -0.000911
0.000154 -0.001655
0.000368 -0.002650
0.000742 -0.003911
0.001330 -0.005441
0.002181 -0.007223
0.003334 -0.009209
0.004813 -0.011309
0.006611 -0.013375
0.008693 -0.015190
0.010974 -0.016454
0.013345 -0.016792
0.016260 -0.016595
0.019795 -0.016192
0.023650 -0.015701
0.027501 -0.015244
0.031515 -0.014739
0.035732 -0.014177
0.040149 -0.013571
0.044768 -0.012937
0.049588 -0.012297
0.054608 -0.011659
0.059823 -0.011002
0.065233 -0.010331
0.070833 -0.009651
0.076624 -0.008966
0.082601 -0.008263
0.088762 -0.007553
0.095106 -0.006857
0.101633 -0.006202
0.108338 -0.005582
0.115220 -0.004984
0.122273 -0.004400
0.129493 -0.003821
0.136877 -0.003236
0.144419 -0.002632
0.152114 -0.001994
0.159959 -0.001299
0.167952 -0.000566
0.176090 0.000175
0.184371 0.000889
0.192794 0.001537
0.201356 0.002080
0.210053 0.002562
0.218880 0.003024
0.227833 0.003464
0.236907 0.003884
0.246099 0.004282
0.255403 0.004659
0.264815 0.005016
0.274330 0.005353
0.283943 0.005670
0.293650 0.005969
0.303445 0.006250
0.313326 0.006529
0.323289 0.006806
0.333329 0.007075
0.343442 0.007332
0.353623 0.007572
0.363867 0.007790
0.374170 0.007980
0.384527 0.008138
0.394933 0.008258
0.405384 0.008341
0.415875 0.008415
0.426402 0.008485
0.436960 0.008549
0.447544 0.008606
0.458150 0.008656
0.468772 0.008696
0.479406 0.008726
0.490046 0.008744
0.500690 0.008750
0.511330 0.008738
0.521964 0.008709
0.532585 0.008664
0.543190 0.008607
0.553774 0.008540
0.564332 0.008466
0.574859 0.008388
0.585351 0.008308
0.595803 0.008230
0.606210 0.008152
0.616567 0.008064
0.626871 0.007966
0.637116 0.007861
0.647299 0.007751
0.657413 0.007637
0.667456 0.007521
0.677422 0.007405
0.687307 0.007291
0.697107 0.007181
0.706817 0.007076
0.716433 0.006978
0.725952 0.006885
0.735368 0.006794
0.744677 0.006703
0.753875 0.006609
0.762959 0.006510
0.771923 0.006404
0.780763 0.006290
0.789476 0.006166
0.798058 0.006031
0.806505 0.005876
0.814813 0.005687
0.822978 0.005471
0.830998 0.005233
0.838868 0.004980
0.846586 0.004715
0.854147 0.004443
0.861548 0.004170
0.868787 0.003898
0.875860 0.003631
0.882763 0.003372
0.889495 0.003123
0.896051 0.002887
0.902429 0.002665
0.908627 0.002451
0.914641 0.002243
0.920469 0.002039
0.926107 0.001838
0.931554 0.001640
0.936807 0.001444
0.941864 0.001248
0.946721 0.001054
0.951378 0.000862
0.955833 0.000671
0.960082 0.000485
0.964125 0.000302
0.967959 0.000125
0.971583 -0.000047
0.974996 -0.000211
0.978196 -0.000368
0.981181 -0.000516
0.983950 -0.000656
0.986502 -0.000786
0.988836 -0.000907
0.990951 -0.001017
0.992846 -0.001117
0.994520 -0.001206
0.995972 -0.001283
0.997201 -0.001349
0.998208 -0.001403
0.998992 -0.001445
0.999552 -0.001476
0.999888 -0.001494
1.000000 -0.001500