goe308
1.000000 0.000000
0.999889 0.000029
0.999557 0.000117
0.999003 0.000263
0.998228 0.000466
0.997231 0.000728
0.996014 0.001046
0.994577 0.001420
0.992920 0.001850
0.991044 0.002335
0.988949 0.002873
0.986636 0.003463
0.984107 0.004105
0.981361 0.004796
0.978399 0.005535
0.975224 0.006320
0.971835 0.007150
0.968235 0.008022
0.964423 0.008934
0.960403 0.009885
0.956174 0.010870
0.951739 0.011889
0.947099 0.012938
0.942254 0.014017
0.937207 0.015123
0.931960 0.016254
0.926515 0.017410
0.920874 0.018587
0.915041 0.019784
0.909018 0.021000
0.902808 0.022234
0.896414 0.023483
0.889838 0.024748
0.883082 0.026029
0.876149 0.027326
0.869044 0.028636
0.861768 0.029962
0.854325 0.031302
0.846719 0.032657
0.838954 0.034027
0.831033 0.035413
0.822961 0.036817
0.814741 0.038239
0.806379 0.039681
0.797877 0.041144
0.789240 0.042633
0.780470 0.044145
0.771572 0.045674
0.762548 0.047217
0.753402 0.048766
0.744137 0.050316
0.734758 0.051860
0.725266 0.053392
0.715667 0.054905
0.705963 0.056391
0.696159 0.057844
0.686258 0.059280
0.676265 0.060703
0.666185 0.062110
0.656024 0.063499
0.645785 0.064868
0.635473 0.066215
0.625094 0.067537
0.614653 0.068833
0.604154 0.070100
0.593603 0.071341
0.583003 0.072575
0.572358 0.073798
0.561674 0.075002
0.550955 0.076179
0.540206 0.077319
0.529432 0.078415
0.518637 0.079459
0.507827 0.080442
0.497006 0.081358
0.486177 0.082246
0.475347 0.083119
0.464519 0.083965
0.453700 0.084776
0.442895 0.085540
0.432108 0.086248
0.421346 0.086890
0.410614 0.087458
0.399916 0.087942
0.389256 0.088381
0.378637 0.088819
0.368064 0.089243
0.357544 0.089642
0.347083 0.090003
0.336686 0.090315
0.326359 0.090567
0.316109 0.090749
0.305940 0.090851
0.295857 0.090858
0.285857 0.090698
0.275944 0.090375
0.266125 0.089910
0.256408 0.089328
0.246800 0.088649
0.237308 0.087894
0.227938 0.087082
0.218698 0.086233
0.209593 0.085364
0.200629 0.084491
0.191808 0.083515
0.183129 0.082302
0.174600 0.080914
0.166229 0.079409
0.158023 0.077843
0.149989 0.076267
0.142118 0.074666
0.134405 0.072988
0.126864 0.071236
0.119508 0.069416
0.112347 0.067533
0.105393 0.065591
0.098653 0.063595
0.092124 0.061456
0.085812 0.059172
0.079727 0.056804
0.073876 0.054404
0.068242 0.051958
0.062823 0.049458
0.057634 0.046923
0.052688 0.044371
0.047991 0.041816
0.043525 0.039235
0.039280 0.036649
0.035254 0.034087
0.031443 0.031575
0.027845 0.029134
0.024455 0.026782
0.021192 0.024543
0.018116 0.022380
0.015341 0.020244
0.012939 0.018108
0.010794 0.015918
0.008641 0.013650
0.006626 0.011422
0.004855 0.009325
0.003381 0.007415
0.002221 0.005727
0.001359 0.004275
0.000760 0.003060
0.000378 0.002071
0.000158 0.001295
0.000051 0.000714
0.000010 0.000313
0.000001 0.000077
0.000000 0.000000
0.000001 -0.000077
0.000019 -0.000312
0.000095 -0.000709
0.000292 -0.001276
0.000690 -0.002019
0.001373 -0.002936
0.002415 -0.004014
0.003868 -0.005218
0.005741 -0.006485
0.007979 -0.007712
0.010438 -0.008749
0.012870 -0.009386
0.015467 -0.009788
0.018439 -0.010134
0.021712 -0.010398
0.025165 -0.010553
0.028769 -0.010643
0.032586 -0.010724
0.036615 -0.010794
0.040851 -0.010850
0.045290 -0.010886
0.049927 -0.010900
0.054762 -0.010826
0.059796 -0.010606
0.065023 -0.010267
0.070434 -0.009844
0.076019 -0.009375
0.081770 -0.008682
0.087688 -0.007748
0.093784 -0.006728
0.100070 -0.005805
0.106547 -0.005015
0.113205 -0.004253
0.120038 -0.003511
0.127043 -0.002779
0.134214 -0.002045
0.141546 -0.001295
0.149034 -0.000513
0.156672 0.000328
0.164459 0.001231
0.172394 0.002158
0.180474 0.003070
0.188699 0.003921
0.197068 0.004661
0.205578 0.005283
0.214224 0.005905
0.223002 0.006528
0.231905 0.007140
0.240931 0.007729
0.250075 0.008281
0.259331 0.008781
0.268695 0.009216
0.278162 0.009567
0.287726 0.009820
0.297384 0.009956
0.307130 0.009996
0.316963 0.010028
0.326879 0.010057
0.336873 0.010082
0.346940 0.010105
0.357074 0.010124
0.367271 0.010139
0.377526 0.010150
0.387833 0.010157
0.398187 0.010160
0.408584 0.010115
0.419020 0.009952
0.429490 0.009688
0.439990 0.009346
0.450516 0.008946
0.461062 0.008509
0.471625 0.008058
0.482199 0.007615
0.492781 0.007202
0.503365 0.006837
0.513947 0.006486
0.524522 0.006134
0.535085 0.005779
0.545631 0.005423
0.556156 0.005065
0.566655 0.004705
0.577124 0.004343
0.587558 0.003979
0.597951 0.003612
0.608300 0.003246
0.618601 0.002884
0.628847 0.002525
0.639036 0.002165
0.649162 0.001804
0.659220 0.001437
0.669207 0.001064
0.679116 0.000682
0.688945 0.000290
0.698687 -0.000114
0.708340 -0.000567
0.717897 -0.001108
0.727355 -0.001705
0.736710 -0.002326
0.745960 -0.002944
0.755099 -0.003530
0.764124 -0.004059
0.773032 -0.004509
0.781820 -0.004858
0.790482 -0.005087
0.799017 -0.005179
0.807419 -0.005174
0.815686 -0.005153
0.823814 -0.005120
0.831797 -0.005074
0.839633 -0.005018
0.847318 -0.004954
0.854847 -0.004881
0.862217 -0.004802
0.869425 -0.004717
0.876468 -0.004628
0.883341 -0.004536
0.890043 -0.004440
0.896569 -0.004343
0.902917 -0.004239
0.909084 -0.004088
0.915068 -0.003898
0.920866 -0.003679
0.926476 -0.003445
0.931895 -0.003205
0.937121 -0.002966
0.942152 -0.002736
0.946985 -0.002520
0.951619 -0.002322
0.956051 -0.002130
0.960279 -0.001943
0.964302 -0.001761
0.968117 -0.001585
0.971724 -0.001416
0.975120 -0.001254
0.978303 -0.001100
0.981274 -0.000955
0.984029 -0.000819
0.986569 -0.000692
0.988891 -0.000575
0.990996 -0.000467
0.992881 -0.000371
0.994547 -0.000285
0.995991 -0.000210
0.997215 -0.000146
0.998217 -0.000094
0.998997 -0.000053
0.999554 -0.000023
0.999889 -0.000006
1.000000 0.000000