goe427
1.000000 0.000000
0.999890 0.000028
0.999560 0.000110
0.999010 0.000248
0.998240 0.000440
0.997250 0.000686
0.996042 0.000987
0.994614 0.001341
0.992969 0.001749
0.991107 0.002209
0.989027 0.002721
0.986732 0.003284
0.984222 0.003897
0.981497 0.004560
0.978560 0.005271
0.975411 0.006030
0.972051 0.006834
0.968482 0.007684
0.964705 0.008578
0.960721 0.009514
0.956533 0.010491
0.952141 0.011507
0.947548 0.012563
0.942756 0.013662
0.937767 0.014803
0.932583 0.015981
0.927204 0.017192
0.921634 0.018429
0.915873 0.019687
0.909923 0.020958
0.903785 0.022234
0.897461 0.023507
0.890956 0.024794
0.884273 0.026098
0.877413 0.027416
0.870381 0.028748
0.863180 0.030091
0.855812 0.031443
0.848282 0.032803
0.840592 0.034169
0.832746 0.035538
0.824748 0.036910
0.816602 0.038282
0.808311 0.039652
0.799880 0.041019
0.791311 0.042385
0.782606 0.043750
0.773770 0.045111
0.764806 0.046468
0.755719 0.047818
0.746513 0.049159
0.737192 0.050488
0.727760 0.051804
0.718223 0.053104
0.708584 0.054386
0.698848 0.055648
0.689020 0.056908
0.679103 0.058174
0.669101 0.059434
0.659018 0.060680
0.648858 0.061901
0.638627 0.063087
0.628328 0.064226
0.617966 0.065307
0.607545 0.066320
0.597070 0.067253
0.586543 0.068138
0.575970 0.068985
0.565355 0.069797
0.554705 0.070572
0.544025 0.071313
0.533321 0.072019
0.522599 0.072691
0.511864 0.073331
0.501123 0.073938
0.490378 0.074548
0.479634 0.075192
0.468896 0.075844
0.458168 0.076479
0.447454 0.077070
0.436762 0.077591
0.426094 0.078017
0.415456 0.078321
0.404853 0.078482
0.394289 0.078496
0.383766 0.078469
0.373289 0.078417
0.362865 0.078343
0.352500 0.078248
0.342199 0.078135
0.331969 0.078004
0.321815 0.077859
0.311742 0.077701
0.301758 0.077531
0.291863 0.077295
0.282056 0.076897
0.272344 0.076358
0.262733 0.075700
0.253229 0.074942
0.243838 0.074106
0.234566 0.073209
0.225419 0.072270
0.216401 0.071306
0.207518 0.070333
0.198775 0.069362
0.190176 0.068274
0.181723 0.067030
0.173421 0.065678
0.165271 0.064263
0.157279 0.062825
0.149447 0.061399
0.141773 0.059973
0.134259 0.058518
0.126912 0.057035
0.119740 0.055524
0.112748 0.053986
0.105942 0.052422
0.099327 0.050835
0.092910 0.049173
0.086690 0.047441
0.080665 0.045686
0.074833 0.043950
0.069179 0.042262
0.063711 0.040600
0.058451 0.038932
0.053420 0.037233
0.048629 0.035483
0.044077 0.033656
0.039748 0.031792
0.035632 0.029936
0.031720 0.028127
0.028005 0.026395
0.024480 0.024763
0.021042 0.023293
0.017793 0.021901
0.014890 0.020477
0.012431 0.018951
0.010137 0.017143
0.007884 0.015109
0.005840 0.013070
0.004103 0.011171
0.002713 0.009499
0.001669 0.008095
0.000938 0.006966
0.000468 0.006096
0.000197 0.005454
0.000063 0.005005
0.000013 0.004714
0.000001 0.004552
0.000000 0.004500
0.000002 0.004449
0.000027 0.004293
0.000135 0.004032
0.000415 0.003663
0.000971 0.003188
0.001911 0.002617
0.003314 0.001974
0.005210 0.001301
0.007544 0.000669
0.010137 0.000184
0.012650 0.000000
0.015145 0.000034
0.017901 0.000126
0.020896 0.000270
0.024101 0.000449
0.027487 0.000671
0.031074 0.001009
0.034865 0.001455
0.038857 0.001988
0.043052 0.002578
0.047449 0.003179
0.052051 0.003743
0.056854 0.004299
0.061855 0.004872
0.067047 0.005482
0.072423 0.006155
0.077978 0.006927
0.083705 0.007827
0.089608 0.008813
0.095693 0.009825
0.101964 0.010795
0.108417 0.011752
0.115045 0.012717
0.121845 0.013689
0.128815 0.014664
0.135951 0.015641
0.143251 0.016618
0.150709 0.017592
0.158324 0.018574
0.166093 0.019565
0.174011 0.020553
0.182078 0.021524
0.190288 0.022466
0.198640 0.023361
0.207129 0.024224
0.215752 0.025097
0.224503 0.025973
0.233379 0.026844
0.242376 0.027700
0.251490 0.028532
0.260716 0.029328
0.270051 0.030078
0.279491 0.030771
0.289030 0.031393
0.298664 0.031933
0.308391 0.032419
0.318207 0.032910
0.328108 0.033395
0.338088 0.033861
0.348142 0.034295
0.358265 0.034683
0.368452 0.035013
0.378697 0.035268
0.388995 0.035436
0.399340 0.035500
0.409729 0.035460
0.420159 0.035336
0.430624 0.035140
0.441120 0.034886
0.451642 0.034585
0.462186 0.034252
0.472745 0.033900
0.483315 0.033542
0.493891 0.033193
0.504469 0.032861
0.515045 0.032522
0.525614 0.032166
0.536171 0.031791
0.546711 0.031396
0.557229 0.030978
0.567719 0.030537
0.578177 0.030070
0.588596 0.029576
0.598973 0.029053
0.609301 0.028475
0.619577 0.027813
0.629796 0.027085
0.639955 0.026308
0.650049 0.025499
0.660076 0.024676
0.670032 0.023853
0.679912 0.023047
0.689713 0.022272
0.699431 0.021541
0.709063 0.020849
0.718601 0.020175
0.728043 0.019516
0.737384 0.018869
0.746619 0.018233
0.755744 0.017605
0.764755 0.016983
0.773648 0.016367
0.782418 0.015753
0.791062 0.015142
0.799576 0.014531
0.807956 0.013919
0.816197 0.013308
0.824298 0.012701
0.832253 0.012099
0.840061 0.011505
0.847717 0.010921
0.855218 0.010348
0.862561 0.009789
0.869742 0.009244
0.876760 0.008715
0.883609 0.008202
0.890289 0.007708
0.896795 0.007232
0.903125 0.006775
0.909275 0.006338
0.915244 0.005917
0.921029 0.005513
0.926625 0.005124
0.932032 0.004749
0.937247 0.004388
0.942267 0.004039
0.947090 0.003703
0.951713 0.003380
0.956136 0.003071
0.960355 0.002775
0.964369 0.002494
0.968177 0.002228
0.971776 0.001976
0.975165 0.001738
0.978343 0.001516
0.981308 0.001308
0.984058 0.001116
0.986593 0.000938
0.988911 0.000776
0.991012 0.000629
0.992894 0.000497
0.994556 0.000381
0.995999 0.000280
0.997220 0.000195
0.998220 0.000125
0.998999 0.000070
0.999555 0.000031
0.999889 0.000008
1.000000 0.000000