goe494
1.000000 0.000000
0.999890 0.000027
0.999561 0.000109
0.999012 0.000244
0.998245 0.000434
0.997258 0.000677
0.996053 0.000973
0.994630 0.001322
0.992989 0.001723
0.991131 0.002175
0.989057 0.002677
0.986768 0.003228
0.984264 0.003827
0.981546 0.004473
0.978615 0.005165
0.975472 0.005900
0.972119 0.006679
0.968556 0.007498
0.964786 0.008356
0.960809 0.009251
0.956626 0.010182
0.952240 0.011145
0.947652 0.012139
0.942863 0.013161
0.937874 0.014209
0.932688 0.015283
0.927307 0.016381
0.921734 0.017504
0.915972 0.018650
0.910023 0.019821
0.903891 0.021017
0.897579 0.022239
0.891090 0.023496
0.884427 0.024787
0.877592 0.026109
0.870589 0.027458
0.863419 0.028831
0.856086 0.030221
0.848592 0.031625
0.840941 0.033038
0.833134 0.034452
0.825174 0.035861
0.817066 0.037259
0.808810 0.038639
0.800411 0.039991
0.791871 0.041319
0.783193 0.042632
0.774382 0.043932
0.765442 0.045218
0.756378 0.046490
0.747194 0.047750
0.737896 0.048998
0.728488 0.050235
0.718975 0.051462
0.709362 0.052682
0.699656 0.053896
0.689859 0.055127
0.679975 0.056388
0.670008 0.057661
0.659962 0.058928
0.649840 0.060171
0.639647 0.061368
0.629385 0.062500
0.619060 0.063546
0.608674 0.064485
0.598232 0.065294
0.587737 0.066049
0.577194 0.066794
0.566609 0.067513
0.555987 0.068192
0.545335 0.068816
0.534658 0.069369
0.523963 0.069836
0.513255 0.070203
0.502541 0.070452
0.491826 0.070604
0.481109 0.070742
0.470396 0.070867
0.459693 0.070980
0.449006 0.071078
0.438340 0.071160
0.427702 0.071224
0.417095 0.071270
0.406527 0.071295
0.396002 0.071291
0.385522 0.071157
0.375091 0.070882
0.364715 0.070489
0.354399 0.070001
0.344149 0.069440
0.333969 0.068827
0.323866 0.068183
0.313843 0.067527
0.303907 0.066880
0.294062 0.066239
0.284310 0.065528
0.274654 0.064746
0.265100 0.063903
0.255652 0.063010
0.246315 0.062076
0.237093 0.061112
0.227990 0.060125
0.219011 0.059124
0.210159 0.058118
0.201440 0.057113
0.192855 0.056099
0.184407 0.055041
0.176102 0.053942
0.167948 0.052805
0.159948 0.051636
0.152109 0.050437
0.144432 0.049208
0.136916 0.047940
0.129565 0.046638
0.122386 0.045305
0.115382 0.043947
0.108559 0.042569
0.101922 0.041174
0.095471 0.039759
0.089205 0.038294
0.083138 0.036780
0.077280 0.035222
0.071639 0.033613
0.066214 0.031926
0.060996 0.030203
0.055980 0.028487
0.051161 0.026815
0.046535 0.025209
0.042101 0.023653
0.037868 0.022140
0.033843 0.020661
0.030030 0.019215
0.026435 0.017800
0.023037 0.016431
0.019787 0.015144
0.016781 0.013869
0.014098 0.012556
0.011751 0.011170
0.009381 0.009614
0.007087 0.007991
0.005055 0.006421
0.003383 0.004982
0.002101 0.003720
0.001189 0.002654
0.000596 0.001788
0.000252 0.001111
0.000082 0.000609
0.000016 0.000265
0.000001 0.000065
0.000000 0.000000
0.000001 -0.000065
0.000022 -0.000265
0.000111 -0.000609
0.000341 -0.001109
0.000804 -0.001775
0.001591 -0.002608
0.002783 -0.003590
0.004424 -0.004673
0.006502 -0.005768
0.008918 -0.006727
0.011459 -0.007332
0.013898 -0.007408
0.016606 -0.007397
0.019622 -0.007375
0.022885 -0.007344
0.026308 -0.007302
0.029919 -0.007213
0.033739 -0.007067
0.037766 -0.006871
0.041996 -0.006633
0.046429 -0.006367
0.051062 -0.006088
0.055890 -0.005754
0.060913 -0.005353
0.066130 -0.004908
0.071539 -0.004449
0.077141 -0.004009
0.082931 -0.003579
0.088908 -0.003143
0.095066 -0.002685
0.101402 -0.002189
0.107913 -0.001663
0.114598 -0.001111
0.121453 -0.000532
0.128475 0.000076
0.135659 0.000716
0.143003 0.001389
0.150502 0.002099
0.158153 0.002861
0.165951 0.003677
0.173894 0.004538
0.181981 0.005430
0.190207 0.006340
0.198572 0.007252
0.207071 0.008168
0.215698 0.009109
0.224450 0.010074
0.233323 0.011056
0.242314 0.012051
0.251420 0.013054
0.260636 0.014059
0.269958 0.015059
0.279385 0.016049
0.288911 0.017022
0.298533 0.017971
0.308246 0.018909
0.318046 0.019862
0.327927 0.020820
0.337886 0.021774
0.347918 0.022711
0.358020 0.023621
0.368186 0.024493
0.378414 0.025313
0.388698 0.026071
0.399034 0.026752
0.409419 0.027385
0.419848 0.028012
0.430315 0.028622
0.440816 0.029205
0.451345 0.029752
0.461898 0.030252
0.472468 0.030695
0.483051 0.031070
0.493641 0.031367
0.504233 0.031585
0.514825 0.031781
0.525412 0.031967
0.535989 0.032140
0.546550 0.032295
0.557091 0.032430
0.567606 0.032542
0.578090 0.032626
0.588537 0.032679
0.598944 0.032700
0.609306 0.032662
0.619620 0.032541
0.629881 0.032348
0.640083 0.032095
0.650222 0.031792
0.660293 0.031450
0.670289 0.031081
0.680208 0.030693
0.690042 0.030296
0.699789 0.029900
0.709443 0.029461
0.719001 0.028938
0.728460 0.028345
0.737815 0.027696
0.747062 0.027004
0.756197 0.026282
0.765216 0.025539
0.774115 0.024788
0.782891 0.024039
0.791539 0.023301
0.800056 0.022582
0.808438 0.021869
0.816682 0.021146
0.824784 0.020416
0.832740 0.019680
0.840548 0.018940
0.848202 0.018198
0.855700 0.017456
0.863039 0.016716
0.870214 0.015979
0.877224 0.015247
0.884065 0.014521
0.890733 0.013803
0.897227 0.013095
0.903542 0.012394
0.909676 0.011688
0.915626 0.010980
0.921390 0.010277
0.926966 0.009584
0.932352 0.008905
0.937545 0.008245
0.942544 0.007606
0.947346 0.006991
0.951950 0.006403
0.956353 0.005837
0.960554 0.005292
0.964550 0.004771
0.968340 0.004274
0.971922 0.003801
0.975295 0.003353
0.978457 0.002931
0.981407 0.002535
0.984143 0.002166
0.986665 0.001825
0.988971 0.001512
0.991060 0.001228
0.992932 0.000972
0.994586 0.000745
0.996020 0.000548
0.997235 0.000381
0.998230 0.000244
0.999004 0.000138
0.999557 0.000061
0.999889 0.000015
1.000000 -0.000000