goe478
1.000000 0.000000
0.999889 0.000034
0.999556 0.000137
0.999000 0.000307
0.998223 0.000546
0.997224 0.000851
0.996004 0.001224
0.994562 0.001662
0.992900 0.002165
0.991019 0.002733
0.988917 0.003363
0.986597 0.004055
0.984059 0.004808
0.981304 0.005619
0.978332 0.006487
0.975146 0.007410
0.971744 0.008386
0.968130 0.009413
0.964303 0.010488
0.960266 0.011610
0.956019 0.012775
0.951564 0.013981
0.946902 0.015224
0.942032 0.016497
0.936957 0.017800
0.931679 0.019132
0.926200 0.020494
0.920525 0.021888
0.914656 0.023316
0.908598 0.024782
0.902355 0.026289
0.895930 0.027843
0.889327 0.029438
0.882545 0.031072
0.875589 0.032743
0.868460 0.034448
0.861163 0.036187
0.853699 0.037955
0.846072 0.039751
0.838285 0.041572
0.830341 0.043414
0.822243 0.045276
0.813994 0.047152
0.805598 0.049042
0.797057 0.050939
0.788377 0.052849
0.779559 0.054772
0.770609 0.056707
0.761531 0.058652
0.752327 0.060604
0.743003 0.062560
0.733562 0.064519
0.724009 0.066478
0.714348 0.068435
0.704582 0.070388
0.694718 0.072335
0.684762 0.074325
0.674719 0.076358
0.664591 0.078411
0.654380 0.080459
0.644090 0.082476
0.633722 0.084434
0.623278 0.086307
0.612761 0.088066
0.602173 0.089681
0.591515 0.091136
0.580792 0.092509
0.570010 0.093816
0.559176 0.095061
0.548299 0.096243
0.537386 0.097367
0.526444 0.098432
0.515483 0.099443
0.504509 0.100401
0.493531 0.101312
0.482548 0.102254
0.471562 0.103227
0.460579 0.104195
0.449604 0.105117
0.438643 0.105956
0.427701 0.106675
0.416783 0.107236
0.405895 0.107603
0.395042 0.107742
0.384224 0.107772
0.373444 0.107799
0.362709 0.107822
0.352027 0.107842
0.341407 0.107858
0.330855 0.107871
0.320378 0.107881
0.309983 0.107887
0.299678 0.107890
0.289467 0.107821
0.279343 0.107450
0.269313 0.106802
0.259383 0.105927
0.249561 0.104872
0.239853 0.103683
0.230265 0.102403
0.220804 0.101073
0.211475 0.099730
0.202283 0.098410
0.193234 0.097130
0.184327 0.095723
0.175567 0.094164
0.166964 0.092493
0.158524 0.090744
0.150256 0.088950
0.142163 0.087127
0.134235 0.085222
0.126478 0.083242
0.118901 0.081197
0.111513 0.079102
0.104320 0.076968
0.097328 0.074806
0.090537 0.072576
0.083952 0.070243
0.077590 0.067836
0.071465 0.065377
0.065550 0.062867
0.059851 0.060302
0.054395 0.057687
0.049203 0.055030
0.044252 0.052344
0.039486 0.049643
0.034955 0.046919
0.030703 0.044173
0.026762 0.041405
0.023153 0.038621
0.019725 0.035782
0.016538 0.032889
0.013775 0.029981
0.011559 0.027090
0.009685 0.024188
0.007889 0.021274
0.006242 0.018428
0.004786 0.015710
0.003546 0.013165
0.002526 0.010823
0.001719 0.008706
0.001108 0.006823
0.000668 0.005178
0.000369 0.003771
0.000181 0.002597
0.000075 0.001650
0.000024 0.000922
0.000005 0.000408
0.000000 0.000102
0.000000 0.000000
0.000000 -0.000102
0.000007 -0.000409
0.000033 -0.000925
0.000103 -0.001657
0.000247 -0.002613
0.000503 -0.003800
0.000908 -0.005220
0.001504 -0.006872
0.002326 -0.008746
0.003407 -0.010818
0.004764 -0.013049
0.006401 -0.015380
0.008301 -0.017726
0.010420 -0.019973
0.012685 -0.021971
0.015216 -0.023642
0.018524 -0.025166
0.022385 -0.026502
0.026410 -0.027584
0.030540 -0.028494
0.034937 -0.029323
0.039585 -0.030070
0.044460 -0.030741
0.049532 -0.031346
0.054780 -0.031923
0.060234 -0.032521
0.065889 -0.033063
0.071741 -0.033447
0.077781 -0.033565
0.084010 -0.033581
0.090428 -0.033592
0.097025 -0.033599
0.103796 -0.033597
0.110740 -0.033554
0.117854 -0.033467
0.125135 -0.033338
0.132579 -0.033175
0.140181 -0.032984
0.147939 -0.032773
0.155846 -0.032524
0.163899 -0.032137
0.172095 -0.031637
0.180433 -0.031071
0.188909 -0.030492
0.197522 -0.029956
0.206270 -0.029503
0.215146 -0.029071
0.224147 -0.028649
0.233268 -0.028235
0.242505 -0.027828
0.251854 -0.027428
0.261311 -0.027031
0.270871 -0.026636
0.280530 -0.026242
0.290283 -0.025846
0.300126 -0.025445
0.310054 -0.025043
0.320065 -0.024646
0.330152 -0.024253
0.340312 -0.023863
0.350540 -0.023474
0.360832 -0.023086
0.371182 -0.022696
0.381586 -0.022304
0.392040 -0.021907
0.402538 -0.021504
0.413077 -0.021098
0.423651 -0.020691
0.434256 -0.020282
0.444886 -0.019871
0.455539 -0.019460
0.466207 -0.019049
0.476888 -0.018637
0.487576 -0.018225
0.498266 -0.017813
0.508954 -0.017401
0.519635 -0.016990
0.530303 -0.016580
0.540956 -0.016170
0.551587 -0.015762
0.562191 -0.015354
0.572765 -0.014947
0.583304 -0.014542
0.593802 -0.014139
0.604256 -0.013736
0.614659 -0.013332
0.625009 -0.012927
0.635300 -0.012522
0.645528 -0.012120
0.655687 -0.011723
0.665775 -0.011332
0.675786 -0.010949
0.685716 -0.010576
0.695560 -0.010214
0.705315 -0.009865
0.714975 -0.009526
0.724537 -0.009198
0.733996 -0.008879
0.743349 -0.008567
0.752590 -0.008261
0.761715 -0.007961
0.770721 -0.007666
0.779604 -0.007374
0.788359 -0.007086
0.796982 -0.006800
0.805471 -0.006516
0.813820 -0.006240
0.822027 -0.005971
0.830088 -0.005709
0.837999 -0.005451
0.845756 -0.005198
0.853357 -0.004950
0.860797 -0.004704
0.868073 -0.004462
0.875183 -0.004222
0.882122 -0.003985
0.888889 -0.003750
0.895479 -0.003517
0.901890 -0.003286
0.908119 -0.003049
0.914163 -0.002809
0.920019 -0.002571
0.925686 -0.002340
0.931160 -0.002118
0.936440 -0.001910
0.941523 -0.001718
0.946406 -0.001543
0.951089 -0.001386
0.955568 -0.001241
0.959841 -0.001106
0.963907 -0.000980
0.967764 -0.000864
0.971409 -0.000756
0.974842 -0.000656
0.978061 -0.000565
0.981064 -0.000482
0.983850 -0.000406
0.986418 -0.000338
0.988766 -0.000276
0.990894 -0.000222
0.992801 -0.000174
0.994485 -0.000132
0.995946 -0.000096
0.997184 -0.000067
0.998197 -0.000042
0.998986 -0.000024
0.999549 -0.000011
0.999887 -0.000003
1.000000 -0.000000