goe441
1.000000 0.001350
0.999888 0.001393
0.999554 0.001522
0.998997 0.001736
0.998216 0.002036
0.997214 0.002421
0.995989 0.002891
0.994543 0.003445
0.992876 0.004082
0.990988 0.004803
0.988881 0.005605
0.986554 0.006489
0.984009 0.007454
0.981247 0.008497
0.978268 0.009619
0.975074 0.010817
0.971666 0.012091
0.968045 0.013440
0.964212 0.014860
0.960169 0.016353
0.955917 0.017914
0.951458 0.019544
0.946794 0.021240
0.941926 0.023004
0.936857 0.024834
0.931588 0.026726
0.926121 0.028678
0.920456 0.030684
0.914596 0.032741
0.908543 0.034843
0.902297 0.036984
0.895861 0.039162
0.889240 0.041387
0.882437 0.043661
0.875455 0.045981
0.868296 0.048343
0.860964 0.050744
0.853460 0.053181
0.845789 0.055649
0.837952 0.058146
0.829953 0.060667
0.821794 0.063207
0.813479 0.065763
0.805012 0.068330
0.796394 0.070902
0.787629 0.073487
0.778721 0.076086
0.769673 0.078696
0.760489 0.081313
0.751174 0.083933
0.741730 0.086550
0.732163 0.089162
0.722477 0.091764
0.712676 0.094350
0.702765 0.096917
0.692748 0.099466
0.682631 0.102037
0.672418 0.104623
0.662112 0.107206
0.651716 0.109767
0.641231 0.112285
0.630663 0.114740
0.620012 0.117110
0.609283 0.119373
0.598478 0.121506
0.587598 0.123510
0.576645 0.125428
0.565627 0.127269
0.554554 0.129041
0.543433 0.130751
0.532275 0.132409
0.521087 0.134023
0.509879 0.135603
0.498661 0.137157
0.487438 0.138729
0.476210 0.140381
0.464980 0.142064
0.453753 0.143722
0.442531 0.145302
0.431319 0.146749
0.420121 0.148010
0.408941 0.149033
0.397783 0.149766
0.386645 0.150267
0.375527 0.150733
0.364440 0.151166
0.353396 0.151555
0.342405 0.151895
0.331479 0.152178
0.320629 0.152396
0.309867 0.152544
0.299201 0.152614
0.288633 0.152525
0.278139 0.152021
0.267731 0.151142
0.257422 0.149951
0.247226 0.148510
0.237156 0.146876
0.227224 0.145107
0.217442 0.143255
0.207821 0.141369
0.198370 0.139497
0.189089 0.137549
0.179962 0.135234
0.171012 0.132625
0.162261 0.129811
0.153729 0.126873
0.145433 0.123885
0.137354 0.120756
0.129478 0.117428
0.121813 0.113954
0.114367 0.110379
0.107145 0.106747
0.100153 0.103097
0.093390 0.099440
0.086845 0.095673
0.080559 0.091801
0.074575 0.087848
0.068916 0.083812
0.063549 0.079653
0.058438 0.075444
0.053555 0.071261
0.048877 0.067168
0.044384 0.063188
0.040078 0.059289
0.035970 0.055474
0.032066 0.051747
0.028374 0.048114
0.024894 0.044581
0.021567 0.041168
0.018298 0.037893
0.015316 0.034696
0.012807 0.031532
0.010841 0.028367
0.009020 0.025177
0.007306 0.022032
0.005753 0.019002
0.004394 0.016140
0.003245 0.013483
0.002305 0.011055
0.001565 0.008871
0.001007 0.006939
0.000606 0.005258
0.000334 0.003824
0.000164 0.002630
0.000068 0.001669
0.000022 0.000933
0.000004 0.000412
0.000000 0.000103
0.000000 0.000000
0.000000 -0.000103
0.000007 -0.000413
0.000037 -0.000933
0.000116 -0.001670
0.000277 -0.002629
0.000562 -0.003816
0.001014 -0.005231
0.001674 -0.006869
0.002582 -0.008716
0.003766 -0.010743
0.005241 -0.012906
0.007001 -0.015139
0.009017 -0.017347
0.011222 -0.019407
0.013527 -0.021162
0.016364 -0.022721
0.019871 -0.024140
0.023769 -0.025328
0.027732 -0.026222
0.031913 -0.027051
0.036357 -0.027824
0.041047 -0.028492
0.045954 -0.028992
0.051047 -0.029254
0.056331 -0.029370
0.061825 -0.029467
0.067518 -0.029539
0.073399 -0.029576
0.079455 -0.029511
0.085688 -0.029124
0.092100 -0.028528
0.098690 -0.027897
0.105458 -0.027373
0.112402 -0.026862
0.119517 -0.026343
0.126797 -0.025803
0.134239 -0.025228
0.141836 -0.024602
0.149582 -0.023909
0.157472 -0.023110
0.165502 -0.022185
0.173672 -0.021167
0.181981 -0.020094
0.190428 -0.019005
0.199015 -0.017949
0.207739 -0.016941
0.216592 -0.015939
0.225570 -0.014939
0.234669 -0.013939
0.243883 -0.012935
0.253210 -0.011923
0.262643 -0.010900
0.272179 -0.009861
0.281812 -0.008801
0.291537 -0.007715
0.301349 -0.006599
0.311245 -0.005451
0.321219 -0.004276
0.331268 -0.003077
0.341389 -0.001861
0.351576 -0.000631
0.361827 0.000607
0.372136 0.001847
0.382500 0.003084
0.392916 0.004313
0.403378 0.005532
0.413878 0.006776
0.424414 0.008045
0.434979 0.009323
0.445572 0.010595
0.456188 0.011845
0.466824 0.013057
0.477476 0.014214
0.488140 0.015300
0.498813 0.016299
0.509490 0.017240
0.520166 0.018167
0.530835 0.019069
0.541491 0.019937
0.552130 0.020758
0.562746 0.021524
0.573333 0.022225
0.583887 0.022850
0.594402 0.023390
0.604874 0.023852
0.615300 0.024306
0.625675 0.024751
0.635994 0.025175
0.646252 0.025566
0.656443 0.025913
0.666562 0.026205
0.676605 0.026433
0.686565 0.026586
0.696439 0.026656
0.706223 0.026649
0.715917 0.026600
0.725514 0.026514
0.735009 0.026396
0.744397 0.026249
0.753671 0.026077
0.762827 0.025883
0.771859 0.025671
0.780762 0.025443
0.789532 0.025202
0.798162 0.024952
0.806651 0.024627
0.814996 0.024136
0.823194 0.023509
0.831242 0.022772
0.839138 0.021951
0.846877 0.021069
0.854457 0.020149
0.861874 0.019209
0.869127 0.018266
0.876212 0.017337
0.883125 0.016435
0.889866 0.015571
0.896429 0.014756
0.902814 0.013992
0.909019 0.013241
0.915038 0.012496
0.920870 0.011756
0.926509 0.011021
0.931955 0.010289
0.937202 0.009562
0.942249 0.008840
0.947093 0.008124
0.951733 0.007416
0.956168 0.006715
0.960396 0.006025
0.964417 0.005350
0.968229 0.004694
0.971829 0.004059
0.975218 0.003449
0.978394 0.002867
0.981356 0.002315
0.984102 0.001795
0.986633 0.001310
0.988946 0.000861
0.991041 0.000450
0.992918 0.000079
0.994576 -0.000251
0.996013 -0.000540
0.997230 -0.000786
0.998227 -0.000988
0.999003 -0.001146
0.999557 -0.001259
0.999889 -0.001327
1.000000 -0.001350