goe573
1.000000 0.000000
0.999892 0.000047
0.999567 0.000190
0.999026 0.000426
0.998269 0.000756
0.997295 0.001179
0.996105 0.001692
0.994698 0.002294
0.993074 0.002983
0.991234 0.003757
0.989178 0.004612
0.986904 0.005544
0.984414 0.006551
0.981707 0.007627
0.978784 0.008769
0.975644 0.009970
0.972287 0.011224
0.968713 0.012526
0.964923 0.013867
0.960917 0.015241
0.956695 0.016639
0.952256 0.018051
0.947601 0.019466
0.942718 0.020872
0.937610 0.022268
0.932280 0.023658
0.926734 0.025050
0.920980 0.026454
0.915025 0.027883
0.908879 0.029353
0.902555 0.030885
0.896060 0.032492
0.889384 0.034140
0.882528 0.035823
0.875493 0.037540
0.868284 0.039291
0.860904 0.041074
0.853356 0.042889
0.845643 0.044736
0.837770 0.046614
0.829739 0.048522
0.821555 0.050460
0.813221 0.052428
0.804741 0.054426
0.796119 0.056454
0.787360 0.058514
0.778467 0.060603
0.769443 0.062718
0.760291 0.064855
0.751016 0.067012
0.741622 0.069183
0.732110 0.071365
0.722486 0.073553
0.712752 0.075744
0.702912 0.077931
0.692971 0.080115
0.682935 0.082307
0.672807 0.084502
0.662592 0.086698
0.652294 0.088891
0.641917 0.091076
0.631466 0.093251
0.620945 0.095410
0.610359 0.097551
0.599711 0.099668
0.589009 0.101785
0.578259 0.103916
0.567463 0.106047
0.556626 0.108160
0.545750 0.110239
0.534839 0.112266
0.523896 0.114225
0.512925 0.116099
0.501929 0.117870
0.490912 0.119575
0.479882 0.121306
0.468843 0.123028
0.457802 0.124705
0.446763 0.126297
0.435731 0.127767
0.424712 0.129079
0.413711 0.130196
0.402733 0.131082
0.391780 0.131770
0.380846 0.132428
0.369942 0.133053
0.359079 0.133631
0.348267 0.134147
0.337516 0.134587
0.326838 0.134938
0.316242 0.135189
0.305739 0.135326
0.295333 0.135317
0.285007 0.134947
0.274763 0.134216
0.264615 0.133184
0.254574 0.131908
0.244650 0.130442
0.234854 0.128837
0.225197 0.127144
0.215687 0.125408
0.206334 0.123672
0.197145 0.121964
0.188102 0.120030
0.179216 0.117815
0.170507 0.115390
0.161996 0.112818
0.153700 0.110158
0.145629 0.107436
0.137763 0.104519
0.130099 0.101431
0.122637 0.098225
0.115381 0.094950
0.108330 0.091649
0.101486 0.088362
0.094851 0.085077
0.088435 0.081705
0.082249 0.078274
0.076303 0.074816
0.070596 0.071347
0.065110 0.067851
0.059848 0.064350
0.054816 0.060867
0.050017 0.057422
0.045432 0.054026
0.041046 0.050676
0.036871 0.047382
0.032918 0.044148
0.029191 0.040984
0.025697 0.037896
0.022377 0.034901
0.019185 0.032000
0.016274 0.029156
0.013758 0.026346
0.011671 0.023546
0.009672 0.020663
0.007759 0.017785
0.006017 0.015017
0.004499 0.012431
0.003230 0.010075
0.002213 0.007977
0.001434 0.006149
0.000868 0.004589
0.000481 0.003288
0.000237 0.002230
0.000099 0.001397
0.000032 0.000772
0.000006 0.000339
0.000000 0.000084
0.000000 0.000000
0.000001 -0.000084
0.000017 -0.000337
0.000086 -0.000763
0.000266 -0.001368
0.000630 -0.002153
0.001256 -0.003115
0.002216 -0.004243
0.003564 -0.005506
0.005317 -0.006852
0.007438 -0.008198
0.009820 -0.009422
0.012254 -0.010354
0.014753 -0.011010
0.017663 -0.011631
0.020915 -0.012129
0.024382 -0.012382
0.027975 -0.012388
0.031786 -0.012379
0.035813 -0.012364
0.040052 -0.012341
0.044497 -0.012312
0.049139 -0.012277
0.053976 -0.012224
0.059009 -0.012127
0.064238 -0.011992
0.069658 -0.011830
0.075268 -0.011653
0.081065 -0.011438
0.087045 -0.011170
0.093208 -0.010872
0.099551 -0.010572
0.106071 -0.010267
0.112764 -0.009929
0.119629 -0.009571
0.126661 -0.009212
0.133860 -0.008873
0.141221 -0.008577
0.148742 -0.008350
0.156420 -0.008194
0.164252 -0.008067
0.172233 -0.007960
0.180361 -0.007862
0.188629 -0.007762
0.197035 -0.007647
0.205574 -0.007507
0.214242 -0.007351
0.223037 -0.007183
0.231953 -0.007005
0.240988 -0.006819
0.250137 -0.006627
0.259397 -0.006433
0.268762 -0.006239
0.278230 -0.006049
0.287795 -0.005866
0.297455 -0.005693
0.307203 -0.005526
0.317037 -0.005344
0.326951 -0.005152
0.336941 -0.004959
0.347003 -0.004771
0.357132 -0.004597
0.367325 -0.004444
0.377575 -0.004321
0.387879 -0.004237
0.398232 -0.004201
0.408630 -0.004207
0.419067 -0.004231
0.429540 -0.004271
0.440044 -0.004324
0.450574 -0.004388
0.461124 -0.004460
0.471691 -0.004538
0.482270 -0.004617
0.492856 -0.004697
0.503444 -0.004775
0.514030 -0.004863
0.524608 -0.004962
0.535175 -0.005071
0.545725 -0.005186
0.556254 -0.005305
0.566757 -0.005426
0.577229 -0.005547
0.587667 -0.005666
0.598064 -0.005779
0.608418 -0.005888
0.618722 -0.005996
0.628972 -0.006104
0.639165 -0.006211
0.649295 -0.006317
0.659357 -0.006423
0.669348 -0.006528
0.679263 -0.006632
0.689097 -0.006735
0.698847 -0.006838
0.708507 -0.006945
0.718074 -0.007065
0.727543 -0.007191
0.736910 -0.007319
0.746170 -0.007444
0.755321 -0.007561
0.764357 -0.007666
0.773275 -0.007756
0.782071 -0.007827
0.790740 -0.007875
0.799280 -0.007899
0.807686 -0.007907
0.815956 -0.007914
0.824086 -0.007921
0.832071 -0.007926
0.839907 -0.007931
0.847592 -0.007936
0.855120 -0.007939
0.862489 -0.007943
0.869695 -0.007945
0.876735 -0.007947
0.883605 -0.007949
0.890302 -0.007949
0.896823 -0.007950
0.903165 -0.007928
0.909326 -0.007767
0.915304 -0.007485
0.921095 -0.007119
0.926698 -0.006699
0.932109 -0.006254
0.937325 -0.005807
0.942346 -0.005376
0.947169 -0.004976
0.951791 -0.004615
0.956211 -0.004262
0.960427 -0.003910
0.964438 -0.003563
0.968241 -0.003222
0.971836 -0.002890
0.975220 -0.002569
0.978392 -0.002261
0.981351 -0.001968
0.984096 -0.001691
0.986626 -0.001432
0.988939 -0.001192
0.991035 -0.000971
0.992912 -0.000771
0.994571 -0.000593
0.996009 -0.000438
0.997228 -0.000305
0.998225 -0.000196
0.999001 -0.000110
0.999556 -0.000049
0.999889 -0.000012
1.000000 0.000000