goe595
1.000000 0.000000
0.999890 0.000027
0.999558 0.000109
0.999006 0.000245
0.998233 0.000436
0.997240 0.000680
0.996027 0.000978
0.994594 0.001328
0.992942 0.001730
0.991072 0.002184
0.988984 0.002688
0.986679 0.003241
0.984158 0.003843
0.981421 0.004491
0.978471 0.005185
0.975307 0.005924
0.971931 0.006705
0.968345 0.007526
0.964549 0.008387
0.960545 0.009285
0.956334 0.010218
0.951919 0.011184
0.947299 0.012180
0.942477 0.013202
0.937454 0.014249
0.932232 0.015321
0.926814 0.016417
0.921203 0.017538
0.915401 0.018686
0.909412 0.019862
0.903240 0.021068
0.896888 0.022308
0.890359 0.023585
0.883655 0.024899
0.876779 0.026246
0.869734 0.027622
0.862521 0.029024
0.855145 0.030447
0.847608 0.031886
0.839912 0.033337
0.832060 0.034793
0.824055 0.036248
0.815900 0.037696
0.807597 0.039129
0.799150 0.040540
0.790562 0.041940
0.781837 0.043338
0.772980 0.044732
0.763993 0.046118
0.754883 0.047494
0.745652 0.048856
0.736305 0.050203
0.726847 0.051531
0.717282 0.052838
0.707616 0.054119
0.697852 0.055373
0.687994 0.056617
0.678045 0.057853
0.668009 0.059077
0.657893 0.060280
0.647699 0.061456
0.637433 0.062597
0.627099 0.063697
0.616703 0.064746
0.606249 0.065739
0.595742 0.066672
0.585184 0.067579
0.574580 0.068463
0.563937 0.069320
0.553258 0.070142
0.542550 0.070924
0.531818 0.071659
0.521066 0.072341
0.510302 0.072965
0.499529 0.073523
0.488752 0.074059
0.477974 0.074600
0.467200 0.075130
0.456437 0.075633
0.445688 0.076092
0.434959 0.076492
0.424256 0.076818
0.413584 0.077053
0.402948 0.077184
0.392351 0.077228
0.381796 0.077264
0.371289 0.077295
0.360835 0.077323
0.350440 0.077346
0.340110 0.077366
0.329851 0.077381
0.319668 0.077392
0.309567 0.077398
0.299553 0.077400
0.289627 0.077273
0.279793 0.076939
0.270055 0.076431
0.260419 0.075783
0.250890 0.075026
0.241472 0.074189
0.232171 0.073302
0.222992 0.072389
0.213938 0.071477
0.205015 0.070587
0.196226 0.069729
0.187567 0.068811
0.179047 0.067815
0.170677 0.066745
0.162467 0.065605
0.154426 0.064401
0.146562 0.063128
0.138862 0.061734
0.131332 0.060230
0.123978 0.058642
0.116807 0.056991
0.109824 0.055299
0.103035 0.053586
0.096444 0.051844
0.090052 0.049992
0.083866 0.048059
0.077890 0.046085
0.072130 0.044094
0.066582 0.042051
0.061243 0.039982
0.056109 0.037919
0.051179 0.035890
0.046442 0.033918
0.041889 0.032004
0.037539 0.030128
0.033407 0.028278
0.029504 0.026447
0.025837 0.024630
0.022346 0.022849
0.018998 0.021112
0.015960 0.019357
0.013351 0.017546
0.011114 0.015617
0.008897 0.013490
0.006822 0.011322
0.004998 0.009239
0.003481 0.007324
0.002287 0.005627
0.001399 0.004173
0.000783 0.002964
0.000389 0.001990
0.000163 0.001235
0.000053 0.000676
0.000011 0.000294
0.000001 0.000073
0.000000 0.000000
0.000001 -0.000072
0.000021 -0.000290
0.000105 -0.000653
0.000323 -0.001162
0.000762 -0.001815
0.001510 -0.002606
0.002646 -0.003519
0.004216 -0.004531
0.006215 -0.005600
0.008559 -0.006669
0.011061 -0.007651
0.013463 -0.008449
0.016083 -0.009123
0.019014 -0.009721
0.022204 -0.010291
0.025569 -0.010910
0.029110 -0.011605
0.032860 -0.012347
0.036818 -0.013108
0.040985 -0.013852
0.045362 -0.014533
0.049948 -0.015095
0.054749 -0.015543
0.059761 -0.015937
0.064979 -0.016291
0.070393 -0.016624
0.075993 -0.016960
0.081778 -0.017309
0.087750 -0.017651
0.093906 -0.017961
0.100244 -0.018208
0.106759 -0.018416
0.113451 -0.018619
0.120315 -0.018811
0.127348 -0.018984
0.134546 -0.019130
0.141907 -0.019238
0.149425 -0.019298
0.157099 -0.019325
0.164925 -0.019348
0.172900 -0.019368
0.181020 -0.019384
0.189280 -0.019395
0.197678 -0.019400
0.206210 -0.019390
0.214871 -0.019347
0.223658 -0.019272
0.232567 -0.019169
0.241594 -0.019044
0.250736 -0.018901
0.259987 -0.018745
0.269345 -0.018583
0.278805 -0.018422
0.288362 -0.018267
0.298012 -0.018126
0.307752 -0.018002
0.317577 -0.017884
0.327483 -0.017769
0.337465 -0.017655
0.347518 -0.017539
0.357638 -0.017418
0.367821 -0.017289
0.378061 -0.017149
0.388354 -0.016995
0.398696 -0.016823
0.409082 -0.016623
0.419507 -0.016383
0.429966 -0.016112
0.440456 -0.015814
0.450971 -0.015498
0.461507 -0.015171
0.472059 -0.014840
0.482623 -0.014512
0.493195 -0.014195
0.503769 -0.013894
0.514340 -0.013598
0.524905 -0.013303
0.535458 -0.013007
0.545994 -0.012712
0.556510 -0.012418
0.566999 -0.012124
0.577459 -0.011831
0.587883 -0.011539
0.598267 -0.011249
0.608607 -0.010959
0.618898 -0.010671
0.629135 -0.010384
0.639314 -0.010099
0.649431 -0.009816
0.659481 -0.009535
0.669459 -0.009255
0.679361 -0.008978
0.689183 -0.008703
0.698919 -0.008430
0.708567 -0.008160
0.718122 -0.007893
0.727578 -0.007628
0.736933 -0.007366
0.746182 -0.007107
0.755321 -0.006851
0.764346 -0.006598
0.773252 -0.006349
0.782036 -0.006103
0.790694 -0.005861
0.799223 -0.005622
0.807617 -0.005387
0.815875 -0.005156
0.823991 -0.004928
0.831962 -0.004705
0.839785 -0.004486
0.847457 -0.004271
0.854973 -0.004061
0.862331 -0.003855
0.869527 -0.003653
0.876558 -0.003456
0.883421 -0.003264
0.890113 -0.003077
0.896631 -0.002894
0.902972 -0.002717
0.909133 -0.002544
0.915111 -0.002377
0.920905 -0.002215
0.926510 -0.002058
0.931925 -0.001906
0.937148 -0.001760
0.942175 -0.001619
0.947006 -0.001484
0.951637 -0.001354
0.956066 -0.001230
0.960292 -0.001112
0.964313 -0.000999
0.968127 -0.000892
0.971732 -0.000792
0.975126 -0.000696
0.978309 -0.000607
0.981278 -0.000524
0.984033 -0.000447
0.986572 -0.000376
0.988894 -0.000311
0.990997 -0.000252
0.992882 -0.000199
0.994548 -0.000153
0.995992 -0.000112
0.997216 -0.000078
0.998217 -0.000050
0.998997 -0.000028
0.999554 -0.000012
0.999889 -0.000003
1.000000 0.000000