goe548
1.000000 0.000000
0.999891 0.000032
0.999563 0.000128
0.999017 0.000287
0.998252 0.000510
0.997270 0.000795
0.996070 0.001142
0.994652 0.001551
0.993017 0.002019
0.991166 0.002546
0.989099 0.003131
0.986816 0.003771
0.984319 0.004465
0.981608 0.005211
0.978683 0.006007
0.975546 0.006850
0.972198 0.007738
0.968639 0.008669
0.964871 0.009638
0.960895 0.010643
0.956711 0.011680
0.952322 0.012746
0.947728 0.013834
0.942927 0.014935
0.937921 0.016048
0.932713 0.017174
0.927307 0.018318
0.921705 0.019484
0.915914 0.020681
0.909937 0.021916
0.903782 0.023200
0.897452 0.024545
0.890952 0.025957
0.884280 0.027430
0.877441 0.028959
0.870436 0.030536
0.863267 0.032154
0.855936 0.033802
0.848445 0.035471
0.840795 0.037148
0.832988 0.038821
0.825026 0.040475
0.816910 0.042095
0.808641 0.043663
0.800220 0.045162
0.791650 0.046600
0.782935 0.048000
0.774080 0.049367
0.765092 0.050703
0.755975 0.052015
0.746734 0.053307
0.737378 0.054585
0.727910 0.055855
0.718339 0.057125
0.708670 0.058402
0.698910 0.059695
0.689063 0.061017
0.679128 0.062364
0.669111 0.063722
0.659014 0.065075
0.648841 0.066408
0.638596 0.067704
0.628283 0.068945
0.617906 0.070115
0.607467 0.071196
0.596971 0.072173
0.586422 0.073111
0.575825 0.074029
0.565185 0.074916
0.554509 0.075761
0.543802 0.076553
0.533070 0.077280
0.522319 0.077933
0.511555 0.078500
0.500783 0.078970
0.490006 0.079381
0.479228 0.079786
0.468453 0.080176
0.457688 0.080539
0.446938 0.080864
0.436208 0.081143
0.425505 0.081363
0.414833 0.081517
0.404198 0.081593
0.393605 0.081583
0.383054 0.081486
0.372550 0.081312
0.362100 0.081071
0.351710 0.080771
0.341386 0.080424
0.331134 0.080038
0.320961 0.079623
0.310873 0.079187
0.300875 0.078740
0.290969 0.078216
0.281158 0.077534
0.271445 0.076719
0.261836 0.075794
0.252336 0.074782
0.242948 0.073705
0.233677 0.072584
0.224528 0.071439
0.215506 0.070286
0.206613 0.069144
0.197855 0.068025
0.189234 0.066861
0.180754 0.065631
0.172422 0.064350
0.164242 0.063029
0.156220 0.061679
0.148360 0.060311
0.140656 0.058923
0.133112 0.057508
0.125737 0.056062
0.118538 0.054583
0.111524 0.053068
0.104699 0.051517
0.098071 0.049924
0.091647 0.048219
0.085423 0.046434
0.079395 0.044631
0.073554 0.042865
0.067870 0.041176
0.062372 0.039512
0.057106 0.037811
0.052108 0.036024
0.047398 0.034109
0.042937 0.032048
0.038712 0.029905
0.034718 0.027738
0.030947 0.025597
0.027396 0.023521
0.024054 0.021538
0.020877 0.019633
0.017917 0.017771
0.015234 0.015930
0.012863 0.014103
0.010633 0.012266
0.008357 0.010424
0.006240 0.008651
0.004412 0.006998
0.002932 0.005500
0.001811 0.004178
0.001021 0.003040
0.000510 0.002090
0.000215 0.001325
0.000069 0.000739
0.000014 0.000326
0.000001 0.000081
0.000000 0.000000
0.000001 -0.000081
0.000015 -0.000326
0.000076 -0.000739
0.000234 -0.001324
0.000555 -0.002085
0.001110 -0.003026
0.001966 -0.004143
0.003175 -0.005426
0.004763 -0.006850
0.006712 -0.008378
0.008944 -0.009946
0.011306 -0.011469
0.013633 -0.012852
0.016271 -0.014167
0.019266 -0.015422
0.022544 -0.016604
0.025999 -0.017707
0.029666 -0.018748
0.033581 -0.019742
0.037732 -0.020700
0.042105 -0.021642
0.046682 -0.022599
0.051438 -0.023608
0.056385 -0.024659
0.061533 -0.025723
0.066881 -0.026772
0.072428 -0.027773
0.078176 -0.028699
0.084125 -0.029576
0.090269 -0.030410
0.096600 -0.031201
0.103110 -0.031956
0.109799 -0.032712
0.116664 -0.033464
0.123702 -0.034198
0.130910 -0.034899
0.138284 -0.035547
0.145820 -0.036123
0.153515 -0.036617
0.161368 -0.037087
0.169376 -0.037533
0.177533 -0.037940
0.185834 -0.038291
0.194274 -0.038567
0.202848 -0.038754
0.211553 -0.038913
0.220386 -0.039065
0.229343 -0.039208
0.238421 -0.039340
0.247614 -0.039460
0.256918 -0.039565
0.266328 -0.039653
0.275842 -0.039723
0.285452 -0.039771
0.295156 -0.039797
0.304948 -0.039790
0.314826 -0.039716
0.324784 -0.039574
0.334819 -0.039375
0.344926 -0.039127
0.355099 -0.038841
0.365335 -0.038525
0.375629 -0.038191
0.385976 -0.037850
0.396370 -0.037514
0.406809 -0.037180
0.417286 -0.036808
0.427799 -0.036400
0.438341 -0.035960
0.448908 -0.035492
0.459496 -0.035000
0.470099 -0.034491
0.480713 -0.033968
0.491334 -0.033437
0.501956 -0.032901
0.512574 -0.032344
0.523184 -0.031760
0.533781 -0.031152
0.544361 -0.030527
0.554919 -0.029888
0.565451 -0.029241
0.575951 -0.028590
0.586416 -0.027939
0.596842 -0.027294
0.607222 -0.026655
0.617553 -0.026014
0.627831 -0.025370
0.638049 -0.024724
0.648205 -0.024078
0.658292 -0.023430
0.668308 -0.022782
0.678247 -0.022134
0.688105 -0.021487
0.697877 -0.020841
0.707560 -0.020195
0.717148 -0.019547
0.726638 -0.018899
0.736025 -0.018252
0.745306 -0.017609
0.754476 -0.016970
0.763532 -0.016338
0.772468 -0.015714
0.781283 -0.015099
0.789971 -0.014494
0.798528 -0.013902
0.806952 -0.013319
0.815237 -0.012743
0.823381 -0.012175
0.831380 -0.011615
0.839230 -0.011066
0.846927 -0.010528
0.854469 -0.010003
0.861852 -0.009490
0.869073 -0.008992
0.876129 -0.008507
0.883016 -0.008038
0.889732 -0.007585
0.896273 -0.007147
0.902637 -0.006727
0.908822 -0.006329
0.914823 -0.005950
0.920639 -0.005587
0.926267 -0.005237
0.931703 -0.004896
0.936946 -0.004563
0.941992 -0.004236
0.946840 -0.003915
0.951487 -0.003598
0.955931 -0.003289
0.960172 -0.002990
0.964206 -0.002702
0.968032 -0.002426
0.971648 -0.002162
0.975053 -0.001911
0.978246 -0.001673
0.981224 -0.001450
0.983987 -0.001241
0.986533 -0.001047
0.988862 -0.000868
0.990972 -0.000706
0.992862 -0.000559
0.994532 -0.000429
0.995981 -0.000316
0.997208 -0.000220
0.998212 -0.000141
0.998994 -0.000079
0.999553 -0.000035
0.999888 -0.000009
1.000000 -0.000000