goe513
1.000000 0.000000
0.999888 0.000039
0.999551 0.000155
0.998990 0.000349
0.998205 0.000620
0.997197 0.000969
0.995965 0.001395
0.994511 0.001898
0.992836 0.002479
0.990939 0.003137
0.988822 0.003872
0.986486 0.004685
0.983932 0.005574
0.981162 0.006540
0.978176 0.007583
0.974976 0.008703
0.971564 0.009899
0.967942 0.011171
0.964110 0.012519
0.960071 0.013944
0.955828 0.015444
0.951381 0.017020
0.946735 0.018677
0.941897 0.020433
0.936870 0.022285
0.931651 0.024222
0.926241 0.026232
0.920637 0.028301
0.914838 0.030410
0.908839 0.032538
0.902636 0.034661
0.896226 0.036761
0.889623 0.038884
0.882831 0.041037
0.875853 0.043216
0.868691 0.045417
0.861349 0.047637
0.853830 0.049871
0.846137 0.052115
0.838275 0.054366
0.830246 0.056620
0.822055 0.058871
0.813707 0.061115
0.805205 0.063348
0.796553 0.065566
0.787749 0.067763
0.778793 0.069939
0.769690 0.072097
0.760447 0.074237
0.751069 0.076363
0.741562 0.078477
0.731932 0.080583
0.722187 0.082686
0.712332 0.084788
0.702375 0.086895
0.692323 0.089017
0.682175 0.091170
0.671935 0.093340
0.661605 0.095511
0.651190 0.097665
0.640691 0.099782
0.630112 0.101845
0.619455 0.103832
0.608724 0.105725
0.597922 0.107501
0.587049 0.109176
0.576112 0.110778
0.565118 0.112315
0.554073 0.113796
0.542987 0.115229
0.531867 0.116622
0.520721 0.117984
0.509557 0.119325
0.498382 0.120652
0.487202 0.122005
0.476018 0.123399
0.464833 0.124801
0.453653 0.126176
0.442480 0.127489
0.431319 0.128705
0.420174 0.129792
0.409050 0.130717
0.397950 0.131446
0.386876 0.132061
0.375833 0.132661
0.364828 0.133231
0.353869 0.133757
0.342963 0.134222
0.332119 0.134613
0.321343 0.134916
0.310644 0.135118
0.300027 0.135207
0.289494 0.135140
0.279037 0.134860
0.268666 0.134391
0.258389 0.133763
0.248217 0.133004
0.238157 0.132140
0.228219 0.131196
0.218411 0.130197
0.208740 0.129164
0.199214 0.128120
0.189823 0.126963
0.180561 0.125519
0.171454 0.123843
0.162529 0.121989
0.153811 0.120008
0.145319 0.117934
0.137013 0.115618
0.128896 0.113053
0.120984 0.110298
0.113296 0.107406
0.105846 0.104424
0.098646 0.101399
0.091697 0.098228
0.085003 0.094820
0.078580 0.091274
0.072441 0.087680
0.066542 0.084019
0.060885 0.080278
0.055503 0.076485
0.050421 0.072663
0.045630 0.068829
0.041054 0.064973
0.036716 0.061117
0.032640 0.057280
0.028844 0.053484
0.025338 0.049747
0.022083 0.046071
0.018988 0.042428
0.016174 0.038834
0.013742 0.035306
0.011757 0.031863
0.009969 0.028448
0.008243 0.025077
0.006643 0.021820
0.005209 0.018730
0.003965 0.015845
0.002919 0.013192
0.002068 0.010786
0.001401 0.008636
0.000900 0.006741
0.000540 0.005100
0.000298 0.003704
0.000146 0.002546
0.000061 0.001614
0.000019 0.000901
0.000004 0.000398
0.000000 0.000099
0.000000 0.000000
0.000001 -0.000099
0.000010 -0.000398
0.000049 -0.000898
0.000153 -0.001604
0.000365 -0.002518
0.000736 -0.003641
0.001318 -0.004970
0.002160 -0.006495
0.003301 -0.008196
0.004760 -0.010039
0.006534 -0.011975
0.008581 -0.013932
0.010816 -0.015812
0.013108 -0.017488
0.015765 -0.018984
0.018963 -0.020365
0.022535 -0.021638
0.026243 -0.022827
0.030120 -0.023960
0.034247 -0.025041
0.038612 -0.026081
0.043201 -0.027093
0.047992 -0.028100
0.052965 -0.029127
0.058141 -0.030162
0.063521 -0.031181
0.069103 -0.032161
0.074882 -0.033077
0.080858 -0.033936
0.087033 -0.034764
0.093399 -0.035526
0.099949 -0.036181
0.106681 -0.036766
0.113593 -0.037369
0.120682 -0.037958
0.127942 -0.038496
0.135369 -0.038941
0.142957 -0.039246
0.150701 -0.039360
0.158599 -0.039308
0.166652 -0.039161
0.174852 -0.038937
0.183196 -0.038655
0.191675 -0.038336
0.200285 -0.038004
0.209019 -0.037612
0.217875 -0.037093
0.226851 -0.036467
0.235944 -0.035755
0.245149 -0.034982
0.254465 -0.034173
0.263888 -0.033356
0.273414 -0.032562
0.283041 -0.031823
0.292767 -0.031171
0.302587 -0.030638
0.312496 -0.030133
0.322490 -0.029615
0.332562 -0.029100
0.342709 -0.028603
0.352925 -0.028142
0.363206 -0.027734
0.373546 -0.027398
0.383940 -0.027151
0.394384 -0.027013
0.404873 -0.026994
0.415403 -0.027035
0.425969 -0.027115
0.436567 -0.027227
0.447192 -0.027367
0.457839 -0.027527
0.468502 -0.027700
0.479176 -0.027882
0.489858 -0.028064
0.500541 -0.028241
0.511220 -0.028450
0.521893 -0.028717
0.532552 -0.029023
0.543195 -0.029345
0.553817 -0.029663
0.564413 -0.029956
0.574978 -0.030203
0.585508 -0.030384
0.595998 -0.030480
0.606445 -0.030487
0.616843 -0.030466
0.627188 -0.030427
0.637476 -0.030371
0.647700 -0.030301
0.657856 -0.030217
0.667938 -0.030121
0.677943 -0.030015
0.687864 -0.029900
0.697697 -0.029777
0.707438 -0.029617
0.717084 -0.029347
0.726630 -0.028981
0.736073 -0.028536
0.745406 -0.028031
0.754628 -0.027481
0.763733 -0.026904
0.772718 -0.026312
0.781578 -0.025720
0.790309 -0.025141
0.798909 -0.024586
0.807373 -0.024051
0.815699 -0.023511
0.823884 -0.022966
0.831922 -0.022413
0.839810 -0.021853
0.847544 -0.021284
0.855119 -0.020706
0.862532 -0.020119
0.869780 -0.019523
0.876858 -0.018918
0.883764 -0.018306
0.890494 -0.017686
0.897046 -0.017059
0.903416 -0.016424
0.909607 -0.015769
0.915614 -0.015092
0.921432 -0.014398
0.927057 -0.013690
0.932486 -0.012970
0.937714 -0.012243
0.942739 -0.011512
0.947559 -0.010781
0.952171 -0.010050
0.956577 -0.009310
0.960775 -0.008564
0.964766 -0.007822
0.968547 -0.007088
0.972118 -0.006369
0.975477 -0.005671
0.978624 -0.004998
0.981557 -0.004355
0.984277 -0.003746
0.986781 -0.003174
0.989070 -0.002643
0.991143 -0.002155
0.992999 -0.001713
0.994638 -0.001318
0.996060 -0.000972
0.997263 -0.000678
0.998248 -0.000435
0.999014 -0.000245
0.999562 -0.000109
0.999890 -0.000027
1.000000 0.000000