goe534
1.000000 0.000000
0.999886 0.000028
0.999542 0.000111
0.998970 0.000249
0.998169 0.000443
0.997140 0.000691
0.995883 0.000994
0.994399 0.001350
0.992688 0.001760
0.990751 0.002223
0.988589 0.002739
0.986202 0.003305
0.983591 0.003922
0.980758 0.004589
0.977703 0.005304
0.974428 0.006066
0.970934 0.006875
0.967222 0.007729
0.963295 0.008626
0.959152 0.009566
0.954797 0.010546
0.950230 0.011566
0.945453 0.012622
0.940468 0.013714
0.935277 0.014839
0.929882 0.015998
0.924286 0.017189
0.918491 0.018412
0.912500 0.019666
0.906315 0.020951
0.899941 0.022267
0.893379 0.023613
0.886631 0.024985
0.879700 0.026382
0.872591 0.027805
0.865305 0.029254
0.857846 0.030728
0.850219 0.032228
0.842426 0.033756
0.834471 0.035311
0.826359 0.036895
0.818093 0.038509
0.809677 0.040156
0.801116 0.041835
0.792414 0.043549
0.783574 0.045290
0.774599 0.047059
0.765493 0.048852
0.756261 0.050669
0.746905 0.052508
0.737430 0.054366
0.727840 0.056242
0.718139 0.058134
0.708332 0.060039
0.698421 0.061956
0.688414 0.063897
0.678317 0.065875
0.668134 0.067879
0.657866 0.069897
0.647517 0.071918
0.637091 0.073929
0.626589 0.075918
0.616014 0.077871
0.605370 0.079775
0.594660 0.081617
0.583888 0.083418
0.573062 0.085191
0.562186 0.086934
0.551267 0.088645
0.540309 0.090323
0.529319 0.091966
0.518302 0.093574
0.507264 0.095146
0.496210 0.096679
0.485146 0.098203
0.474076 0.099731
0.463003 0.101243
0.451933 0.102723
0.440870 0.104152
0.429818 0.105511
0.418782 0.106784
0.407766 0.107954
0.396775 0.109002
0.385812 0.110003
0.374883 0.111036
0.363993 0.112061
0.353148 0.113040
0.342354 0.113936
0.331618 0.114712
0.320945 0.115333
0.310342 0.115767
0.299813 0.115982
0.289363 0.115987
0.278988 0.115915
0.268694 0.115784
0.258491 0.115599
0.248385 0.115365
0.238385 0.115086
0.228498 0.114769
0.218732 0.114416
0.209092 0.114033
0.199587 0.113624
0.190216 0.113120
0.180971 0.112288
0.171867 0.111186
0.162922 0.109901
0.154150 0.108510
0.145566 0.107083
0.137156 0.105517
0.128913 0.103737
0.120852 0.101787
0.112989 0.099709
0.105335 0.097541
0.097901 0.095320
0.090687 0.092985
0.083694 0.090422
0.076952 0.087703
0.070483 0.084892
0.064228 0.081972
0.058214 0.078929
0.052504 0.075770
0.047151 0.072508
0.042063 0.069128
0.037200 0.065638
0.032632 0.062073
0.028415 0.058462
0.024588 0.054835
0.021116 0.051188
0.017831 0.047438
0.014900 0.043653
0.012476 0.039905
0.010632 0.036238
0.008989 0.032559
0.007449 0.028906
0.006043 0.025355
0.004792 0.021966
0.003706 0.018782
0.002788 0.015834
0.002032 0.013142
0.001427 0.010715
0.000960 0.008557
0.000613 0.006666
0.000366 0.005033
0.000201 0.003649
0.000098 0.002504
0.000041 0.001586
0.000013 0.000885
0.000003 0.000391
0.000000 0.000097
0.000000 0.000000
0.000001 -0.000097
0.000011 -0.000389
0.000055 -0.000877
0.000172 -0.001561
0.000410 -0.002442
0.000825 -0.003517
0.001475 -0.004780
0.002409 -0.006221
0.003667 -0.007820
0.005262 -0.009548
0.007177 -0.011364
0.009352 -0.013211
0.011670 -0.015012
0.014005 -0.016681
0.016723 -0.018258
0.019875 -0.019755
0.023341 -0.021168
0.026957 -0.022511
0.030775 -0.023900
0.034842 -0.025317
0.039152 -0.026685
0.043697 -0.027904
0.048464 -0.028851
0.053445 -0.029431
0.058675 -0.029877
0.064142 -0.030247
0.069821 -0.030546
0.075681 -0.030785
0.081711 -0.030998
0.087929 -0.031197
0.094330 -0.031347
0.100910 -0.031410
0.107665 -0.031392
0.114594 -0.031338
0.121694 -0.031250
0.128959 -0.031131
0.136387 -0.030984
0.143972 -0.030813
0.151710 -0.030624
0.159598 -0.030336
0.167633 -0.029905
0.175812 -0.029357
0.184129 -0.028726
0.192580 -0.028045
0.201161 -0.027355
0.209868 -0.026634
0.218697 -0.025841
0.227646 -0.024981
0.236710 -0.024060
0.245886 -0.023085
0.255170 -0.022064
0.264557 -0.021003
0.274044 -0.019911
0.283628 -0.018798
0.293303 -0.017673
0.303067 -0.016544
0.312912 -0.015372
0.322832 -0.014145
0.332825 -0.012875
0.342887 -0.011573
0.353015 -0.010250
0.363205 -0.008920
0.373456 -0.007594
0.383762 -0.006286
0.394122 -0.005010
0.404531 -0.003770
0.414981 -0.002510
0.425466 -0.001230
0.435983 0.000051
0.446529 0.001315
0.457098 0.002544
0.467688 0.003717
0.478295 0.004818
0.488915 0.005826
0.499543 0.006723
0.510177 0.007568
0.520810 0.008424
0.531438 0.009266
0.542054 0.010071
0.552652 0.010814
0.563228 0.011472
0.573775 0.012023
0.584288 0.012444
0.594762 0.012713
0.605192 0.012836
0.615575 0.012932
0.625909 0.013019
0.636186 0.013096
0.646401 0.013163
0.656549 0.013219
0.666626 0.013264
0.676624 0.013297
0.686540 0.013319
0.696368 0.013329
0.706104 0.013300
0.715745 0.013154
0.725286 0.012907
0.734724 0.012578
0.744054 0.012188
0.753273 0.011754
0.762376 0.011293
0.771359 0.010821
0.780218 0.010355
0.788950 0.009906
0.797550 0.009488
0.806015 0.009094
0.814340 0.008686
0.822523 0.008268
0.830559 0.007842
0.838445 0.007412
0.846177 0.006982
0.853753 0.006554
0.861170 0.006132
0.868423 0.005717
0.875510 0.005313
0.882427 0.004920
0.889172 0.004540
0.895742 0.004175
0.902134 0.003824
0.908344 0.003463
0.914369 0.003098
0.920208 0.002740
0.925857 0.002399
0.931315 0.002083
0.936580 0.001800
0.941649 0.001553
0.946519 0.001345
0.951190 0.001179
0.955658 0.001031
0.959921 0.000894
0.963978 0.000768
0.967826 0.000654
0.971464 0.000551
0.974889 0.000460
0.978101 0.000380
0.981099 0.000310
0.983879 0.000249
0.986442 0.000197
0.988786 0.000154
0.990910 0.000118
0.992813 0.000088
0.994494 0.000064
0.995953 0.000045
0.997188 0.000030
0.998200 0.000018
0.998987 0.000010
0.999550 0.000004
0.999887 0.000001
1.000000 -0.000000