goe670
1.000000 0.000000
0.999889 0.000026
0.999557 0.000106
0.999003 0.000238
0.998228 0.000422
0.997232 0.000660
0.996016 0.000949
0.994580 0.001290
0.992924 0.001682
0.991049 0.002125
0.988957 0.002618
0.986647 0.003161
0.984122 0.003753
0.981381 0.004394
0.978426 0.005082
0.975258 0.005817
0.971878 0.006597
0.968289 0.007422
0.964490 0.008291
0.960485 0.009203
0.956274 0.010156
0.951859 0.011149
0.947242 0.012181
0.942425 0.013251
0.937409 0.014357
0.932198 0.015498
0.926792 0.016672
0.921195 0.017878
0.915408 0.019114
0.909435 0.020378
0.903276 0.021669
0.896936 0.022985
0.890416 0.024332
0.883720 0.025709
0.876849 0.027112
0.869808 0.028539
0.862599 0.029987
0.855224 0.031452
0.847687 0.032930
0.839990 0.034417
0.832138 0.035909
0.824132 0.037402
0.815976 0.038890
0.807674 0.040368
0.799228 0.041832
0.790643 0.043296
0.781921 0.044770
0.773067 0.046248
0.764085 0.047722
0.754977 0.049185
0.745749 0.050631
0.736405 0.052051
0.726947 0.053437
0.717381 0.054780
0.707710 0.056072
0.697939 0.057304
0.688070 0.058485
0.678105 0.059627
0.668050 0.060732
0.657912 0.061804
0.647696 0.062847
0.637408 0.063867
0.627053 0.064867
0.616639 0.065852
0.606170 0.066829
0.595653 0.067806
0.585090 0.068819
0.574486 0.069856
0.563845 0.070893
0.553170 0.071907
0.542466 0.072874
0.531738 0.073768
0.520989 0.074566
0.510224 0.075243
0.499447 0.075773
0.488663 0.076231
0.477875 0.076677
0.467089 0.077103
0.456312 0.077495
0.445549 0.077845
0.434807 0.078140
0.424090 0.078371
0.413405 0.078526
0.402757 0.078597
0.392151 0.078586
0.381588 0.078526
0.371074 0.078423
0.360613 0.078282
0.350213 0.078109
0.339877 0.077909
0.329611 0.077686
0.319421 0.077446
0.309312 0.077193
0.299288 0.076931
0.289350 0.076609
0.279500 0.076195
0.269745 0.075699
0.260090 0.075130
0.250542 0.074499
0.241108 0.073816
0.231794 0.073089
0.222604 0.072326
0.213545 0.071537
0.204622 0.070729
0.195837 0.069900
0.187176 0.068998
0.178647 0.068017
0.170257 0.066963
0.162015 0.065842
0.153928 0.064660
0.146005 0.063423
0.138252 0.062135
0.130674 0.060803
0.123279 0.059431
0.116070 0.058027
0.109053 0.056595
0.102231 0.055139
0.095614 0.053586
0.089214 0.051754
0.083025 0.049776
0.077037 0.047784
0.071237 0.045868
0.065613 0.043977
0.060198 0.042071
0.055020 0.040123
0.050101 0.038113
0.045433 0.036022
0.040991 0.033866
0.036775 0.031686
0.032785 0.029517
0.029018 0.027387
0.025474 0.025320
0.022089 0.023339
0.018865 0.021417
0.015937 0.019501
0.013397 0.017560
0.011189 0.015562
0.008981 0.013490
0.006902 0.011434
0.005065 0.009468
0.003533 0.007646
0.002323 0.006001
0.001423 0.004553
0.000796 0.003311
0.000396 0.002275
0.000166 0.001441
0.000054 0.000804
0.000011 0.000355
0.000001 0.000088
0.000000 0.000000
0.000001 -0.000088
0.000012 -0.000356
0.000060 -0.000807
0.000185 -0.001452
0.000441 -0.002297
0.000886 -0.003349
0.001580 -0.004608
0.002574 -0.006063
0.003904 -0.007689
0.005578 -0.009438
0.007566 -0.011237
0.009789 -0.012975
0.012103 -0.014500
0.014566 -0.015774
0.017540 -0.016965
0.020923 -0.018021
0.024531 -0.018870
0.028261 -0.019548
0.032239 -0.020197
0.036460 -0.020795
0.040911 -0.021310
0.045573 -0.021707
0.050421 -0.021943
0.055464 -0.022093
0.060711 -0.022223
0.066158 -0.022322
0.071796 -0.022381
0.077617 -0.022368
0.083620 -0.022185
0.089807 -0.021876
0.096173 -0.021530
0.102718 -0.021237
0.109437 -0.020958
0.116329 -0.020672
0.123389 -0.020379
0.130615 -0.020079
0.138003 -0.019772
0.145551 -0.019459
0.153254 -0.019139
0.161110 -0.018813
0.169114 -0.018481
0.177264 -0.018143
0.185555 -0.017799
0.193984 -0.017450
0.202548 -0.017093
0.211242 -0.016719
0.220062 -0.016325
0.229004 -0.015918
0.238065 -0.015502
0.247241 -0.015084
0.256528 -0.014671
0.265921 -0.014269
0.275417 -0.013886
0.285012 -0.013529
0.294702 -0.013207
0.304482 -0.012924
0.314348 -0.012658
0.324296 -0.012403
0.334321 -0.012161
0.344419 -0.011930
0.354585 -0.011711
0.364814 -0.011505
0.375101 -0.011312
0.385442 -0.011131
0.395833 -0.010964
0.406267 -0.010808
0.416742 -0.010660
0.427253 -0.010519
0.437794 -0.010386
0.448361 -0.010260
0.458950 -0.010142
0.469556 -0.010031
0.480173 -0.009926
0.490797 -0.009829
0.501424 -0.009738
0.512048 -0.009650
0.522665 -0.009562
0.533270 -0.009477
0.543859 -0.009396
0.554427 -0.009321
0.564969 -0.009253
0.575481 -0.009194
0.585957 -0.009146
0.596393 -0.009110
0.606784 -0.009085
0.617127 -0.009067
0.627416 -0.009053
0.637647 -0.009042
0.647815 -0.009032
0.657915 -0.009022
0.667944 -0.009011
0.677895 -0.008998
0.687765 -0.008980
0.697549 -0.008957
0.707244 -0.008906
0.716843 -0.008779
0.726345 -0.008590
0.735743 -0.008352
0.745035 -0.008079
0.754216 -0.007782
0.763282 -0.007475
0.772229 -0.007168
0.781054 -0.006871
0.789752 -0.006594
0.798320 -0.006345
0.806754 -0.006123
0.815050 -0.005909
0.823204 -0.005702
0.831213 -0.005501
0.839073 -0.005304
0.846780 -0.005109
0.854332 -0.004917
0.861724 -0.004726
0.868954 -0.004535
0.876017 -0.004344
0.882912 -0.004152
0.889635 -0.003960
0.896182 -0.003766
0.902551 -0.003571
0.908740 -0.003377
0.914745 -0.003183
0.920564 -0.002991
0.926194 -0.002802
0.931634 -0.002615
0.936879 -0.002432
0.941929 -0.002253
0.946780 -0.002078
0.951431 -0.001907
0.955880 -0.001742
0.960124 -0.001583
0.964162 -0.001430
0.967992 -0.001283
0.971612 -0.001142
0.975021 -0.001009
0.978217 -0.000883
0.981199 -0.000765
0.983966 -0.000654
0.986515 -0.000552
0.988847 -0.000458
0.990960 -0.000372
0.992853 -0.000294
0.994525 -0.000226
0.995975 -0.000166
0.997204 -0.000116
0.998210 -0.000074
0.998993 -0.000042
0.999552 -0.000019
0.999888 -0.000005
1.000000 -0.000000