goe612
1.000000 0.000000
0.999886 0.000028
0.999544 0.000110
0.998974 0.000249
0.998177 0.000442
0.997152 0.000692
0.995902 0.000998
0.994425 0.001361
0.992724 0.001781
0.990798 0.002259
0.988650 0.002795
0.986281 0.003391
0.983691 0.004048
0.980883 0.004765
0.977857 0.005545
0.974617 0.006387
0.971162 0.007293
0.967497 0.008265
0.963621 0.009302
0.959539 0.010407
0.955252 0.011579
0.950762 0.012821
0.946075 0.014138
0.941195 0.015549
0.936124 0.017051
0.930864 0.018638
0.925415 0.020302
0.919776 0.022035
0.913949 0.023824
0.907930 0.025654
0.901720 0.027508
0.895317 0.029377
0.888733 0.031295
0.881973 0.033265
0.875039 0.035284
0.867932 0.037347
0.860657 0.039450
0.853214 0.041588
0.845607 0.043754
0.837837 0.045944
0.829907 0.048149
0.821820 0.050363
0.813576 0.052579
0.805179 0.054787
0.796631 0.056980
0.787934 0.059163
0.779093 0.061345
0.770113 0.063523
0.760997 0.065697
0.751751 0.067865
0.742379 0.070027
0.732887 0.072181
0.723279 0.074328
0.713561 0.076467
0.703739 0.078597
0.693817 0.080720
0.683798 0.082852
0.673687 0.084991
0.663486 0.087127
0.653200 0.089249
0.642832 0.091345
0.632386 0.093402
0.621865 0.095409
0.611275 0.097353
0.600617 0.099220
0.589898 0.101014
0.579121 0.102812
0.568291 0.104604
0.557415 0.106364
0.546497 0.108066
0.535541 0.109685
0.524554 0.111194
0.513540 0.112566
0.502504 0.113776
0.491452 0.114808
0.480383 0.115808
0.469302 0.116805
0.458216 0.117765
0.447134 0.118656
0.436063 0.119444
0.425009 0.120098
0.413981 0.120586
0.402985 0.120878
0.392029 0.120949
0.381110 0.120928
0.370232 0.120878
0.359401 0.120802
0.348624 0.120703
0.337909 0.120582
0.327261 0.120441
0.316689 0.120283
0.306197 0.120110
0.295794 0.119923
0.285477 0.119654
0.275243 0.119204
0.265100 0.118596
0.255058 0.117852
0.245124 0.116994
0.235307 0.116041
0.225615 0.115015
0.216054 0.113933
0.206633 0.112813
0.197358 0.111673
0.188229 0.110445
0.179242 0.108956
0.170410 0.107261
0.161747 0.105418
0.153265 0.103485
0.144975 0.101512
0.136865 0.099446
0.128928 0.097237
0.121177 0.094912
0.113624 0.092498
0.106278 0.090018
0.099148 0.087494
0.092235 0.084922
0.085526 0.082211
0.079061 0.079371
0.072877 0.076424
0.066969 0.073371
0.061291 0.070194
0.055878 0.066927
0.050762 0.063602
0.045963 0.060247
0.041419 0.056834
0.037116 0.053381
0.033065 0.049926
0.029273 0.046501
0.025746 0.043136
0.022478 0.039854
0.019361 0.036631
0.016464 0.033455
0.013904 0.030333
0.011761 0.027273
0.009938 0.024260
0.008160 0.021274
0.006498 0.018383
0.005009 0.015640
0.003727 0.013084
0.002665 0.010743
0.001820 0.008631
0.001176 0.006758
0.000710 0.005126
0.000393 0.003731
0.000193 0.002568
0.000081 0.001631
0.000026 0.000912
0.000005 0.000403
0.000000 0.000101
0.000000 0.000000
0.000000 -0.000100
0.000008 -0.000403
0.000039 -0.000911
0.000123 -0.001627
0.000293 -0.002558
0.000594 -0.003705
0.001070 -0.005070
0.001766 -0.006647
0.002719 -0.008423
0.003958 -0.010376
0.005495 -0.012467
0.007320 -0.014643
0.009394 -0.016826
0.011641 -0.018916
0.013962 -0.020786
0.016762 -0.022501
0.020146 -0.024095
0.023903 -0.025536
0.027765 -0.026804
0.031842 -0.027984
0.036186 -0.029096
0.040780 -0.030137
0.045600 -0.031109
0.050615 -0.032016
0.055815 -0.032883
0.061232 -0.033723
0.066857 -0.034498
0.072683 -0.035161
0.078700 -0.035668
0.084913 -0.036099
0.091319 -0.036471
0.097909 -0.036757
0.104672 -0.036943
0.111609 -0.037102
0.118718 -0.037248
0.125995 -0.037377
0.133437 -0.037483
0.141039 -0.037559
0.148797 -0.037597
0.156707 -0.037580
0.164767 -0.037472
0.172974 -0.037284
0.181323 -0.037035
0.189809 -0.036744
0.198427 -0.036434
0.207173 -0.036110
0.216044 -0.035713
0.225036 -0.035241
0.234146 -0.034703
0.243370 -0.034105
0.252703 -0.033457
0.262142 -0.032769
0.271682 -0.032050
0.281318 -0.031312
0.291048 -0.030567
0.300867 -0.029827
0.310769 -0.029068
0.320749 -0.028257
0.330803 -0.027403
0.340927 -0.026516
0.351118 -0.025605
0.361371 -0.024683
0.371684 -0.023760
0.382051 -0.022848
0.392470 -0.021958
0.402936 -0.021102
0.413443 -0.020251
0.423986 -0.019393
0.434561 -0.018536
0.445162 -0.017688
0.455786 -0.016856
0.466428 -0.016049
0.477083 -0.015274
0.487748 -0.014540
0.498417 -0.013855
0.509087 -0.013213
0.519751 -0.012591
0.530407 -0.011990
0.541047 -0.011412
0.551668 -0.010859
0.562264 -0.010333
0.572830 -0.009836
0.583362 -0.009370
0.593854 -0.008935
0.604301 -0.008534
0.614700 -0.008161
0.625047 -0.007812
0.635335 -0.007484
0.645562 -0.007173
0.655721 -0.006876
0.665808 -0.006591
0.675818 -0.006313
0.685747 -0.006040
0.695590 -0.005769
0.705343 -0.005498
0.715001 -0.005228
0.724561 -0.004960
0.734018 -0.004697
0.743368 -0.004441
0.752606 -0.004195
0.761730 -0.003958
0.770734 -0.003735
0.779614 -0.003525
0.788368 -0.003330
0.796990 -0.003152
0.805477 -0.002987
0.813826 -0.002828
0.822032 -0.002673
0.830092 -0.002525
0.838002 -0.002383
0.845759 -0.002250
0.853360 -0.002125
0.860800 -0.002010
0.868076 -0.001904
0.875186 -0.001809
0.882126 -0.001725
0.888893 -0.001651
0.895484 -0.001588
0.901895 -0.001536
0.908126 -0.001496
0.914172 -0.001465
0.920031 -0.001439
0.925699 -0.001416
0.931176 -0.001392
0.936457 -0.001366
0.941541 -0.001336
0.946425 -0.001301
0.951108 -0.001260
0.955586 -0.001206
0.959859 -0.001139
0.963924 -0.001063
0.967780 -0.000979
0.971424 -0.000892
0.974856 -0.000803
0.978073 -0.000714
0.981075 -0.000626
0.983860 -0.000541
0.986426 -0.000460
0.988773 -0.000384
0.990900 -0.000314
0.992805 -0.000250
0.994489 -0.000192
0.995949 -0.000142
0.997186 -0.000099
0.998198 -0.000063
0.998986 -0.000036
0.999549 -0.000016
0.999887 -0.000004
1.000000 -0.000000