goe623
1.000000 0.003000
0.999888 0.003027
0.999552 0.003107
0.998992 0.003240
0.998208 0.003425
0.997201 0.003664
0.995971 0.003955
0.994518 0.004298
0.992843 0.004692
0.990947 0.005137
0.988830 0.005631
0.986494 0.006175
0.983938 0.006768
0.981165 0.007408
0.978175 0.008095
0.974969 0.008827
0.971549 0.009603
0.967916 0.010422
0.964072 0.011283
0.960017 0.012184
0.955753 0.013124
0.951283 0.014101
0.946608 0.015112
0.941728 0.016154
0.936645 0.017225
0.931363 0.018325
0.925884 0.019457
0.920211 0.020621
0.914346 0.021819
0.908294 0.023054
0.902058 0.024328
0.895641 0.025645
0.889045 0.027000
0.882273 0.028392
0.875327 0.029820
0.868211 0.031281
0.860928 0.032774
0.853480 0.034296
0.845871 0.035847
0.838103 0.037422
0.830181 0.039020
0.822106 0.040638
0.813882 0.042273
0.805513 0.043923
0.797001 0.045585
0.788354 0.047276
0.779574 0.048998
0.770666 0.050742
0.761632 0.052503
0.752475 0.054271
0.743199 0.056039
0.733805 0.057798
0.724299 0.059538
0.714682 0.061249
0.704958 0.062922
0.695129 0.064550
0.685202 0.066153
0.675179 0.067736
0.665068 0.069296
0.654872 0.070832
0.644597 0.072344
0.634248 0.073831
0.623831 0.075292
0.613352 0.076725
0.602815 0.078131
0.592225 0.079517
0.581586 0.080904
0.570901 0.082281
0.560177 0.083637
0.549416 0.084960
0.538625 0.086239
0.527806 0.087460
0.516966 0.088614
0.506109 0.089687
0.495239 0.090685
0.484360 0.091725
0.473477 0.092795
0.462597 0.093850
0.451723 0.094848
0.440863 0.095745
0.430021 0.096499
0.419202 0.097068
0.408413 0.097413
0.397658 0.097500
0.386937 0.097495
0.376256 0.097485
0.365620 0.097469
0.355037 0.097448
0.344513 0.097421
0.334056 0.097389
0.323670 0.097352
0.313364 0.097311
0.303142 0.097265
0.293010 0.097161
0.282963 0.096852
0.273007 0.096359
0.263150 0.095712
0.253397 0.094943
0.243755 0.094078
0.234228 0.093146
0.224823 0.092171
0.215545 0.091177
0.206399 0.090188
0.197390 0.089214
0.188515 0.088132
0.179779 0.086916
0.171194 0.085592
0.162770 0.084185
0.154517 0.082716
0.146440 0.081199
0.138518 0.079588
0.130761 0.077879
0.123185 0.076082
0.115802 0.074205
0.108625 0.072258
0.101664 0.070248
0.094922 0.068130
0.088396 0.065816
0.082099 0.063377
0.076041 0.060881
0.070221 0.058338
0.064625 0.055709
0.059255 0.053034
0.054114 0.050351
0.049202 0.047693
0.044485 0.045067
0.039968 0.042467
0.035674 0.039888
0.031620 0.037330
0.027819 0.034795
0.024273 0.032287
0.020855 0.029818
0.017663 0.027366
0.014851 0.024908
0.012523 0.022437
0.010445 0.019888
0.008422 0.017280
0.006559 0.014723
0.004921 0.012294
0.003543 0.010050
0.002433 0.008024
0.001579 0.006234
0.000957 0.004688
0.000532 0.003383
0.000262 0.002309
0.000110 0.001455
0.000035 0.000808
0.000007 0.000356
0.000000 0.000088
0.000000 0.000000
0.000001 -0.000088
0.000014 -0.000354
0.000072 -0.000800
0.000224 -0.001429
0.000531 -0.002245
0.001062 -0.003244
0.001884 -0.004422
0.003049 -0.005760
0.004586 -0.007227
0.006484 -0.008775
0.008679 -0.010328
0.011035 -0.011785
0.013381 -0.013025
0.016063 -0.014119
0.019151 -0.015117
0.022536 -0.016049
0.026064 -0.016966
0.029772 -0.017897
0.033706 -0.018826
0.037862 -0.019734
0.042235 -0.020600
0.046819 -0.021398
0.051605 -0.022103
0.056606 -0.022742
0.061819 -0.023331
0.067236 -0.023874
0.072846 -0.024379
0.078641 -0.024878
0.084626 -0.025421
0.090799 -0.025909
0.097155 -0.026213
0.103692 -0.026249
0.110406 -0.026243
0.117296 -0.026231
0.124356 -0.026214
0.131584 -0.026191
0.138974 -0.026165
0.146522 -0.026135
0.154224 -0.026098
0.162078 -0.026035
0.170081 -0.025949
0.178229 -0.025841
0.186519 -0.025717
0.194946 -0.025583
0.203506 -0.025440
0.212197 -0.025272
0.221014 -0.025076
0.229953 -0.024854
0.239010 -0.024610
0.248182 -0.024346
0.257464 -0.024067
0.266852 -0.023777
0.276343 -0.023480
0.285931 -0.023180
0.295613 -0.022882
0.305384 -0.022588
0.315240 -0.022284
0.325177 -0.021970
0.335189 -0.021646
0.345274 -0.021315
0.355425 -0.020979
0.365640 -0.020638
0.375912 -0.020295
0.386239 -0.019952
0.396614 -0.019610
0.407035 -0.019271
0.417495 -0.018931
0.427990 -0.018590
0.438516 -0.018248
0.449068 -0.017905
0.459641 -0.017562
0.470230 -0.017218
0.480831 -0.016873
0.491440 -0.016528
0.502050 -0.016183
0.512659 -0.015839
0.523260 -0.015494
0.533849 -0.015150
0.544422 -0.014806
0.554974 -0.014463
0.565500 -0.014121
0.575995 -0.013780
0.586456 -0.013440
0.596876 -0.013102
0.607251 -0.012764
0.617578 -0.012429
0.627851 -0.012095
0.638065 -0.011763
0.648217 -0.011433
0.658302 -0.011105
0.668314 -0.010780
0.678251 -0.010457
0.688106 -0.010137
0.697877 -0.009819
0.707558 -0.009504
0.717146 -0.009193
0.726635 -0.008884
0.736022 -0.008579
0.745303 -0.008278
0.754474 -0.007980
0.763530 -0.007685
0.772467 -0.007395
0.781281 -0.007108
0.789970 -0.006826
0.798528 -0.006548
0.806951 -0.006274
0.815237 -0.006005
0.823381 -0.005740
0.831380 -0.005481
0.839231 -0.005226
0.846929 -0.004975
0.854471 -0.004730
0.861854 -0.004491
0.869075 -0.004256
0.876131 -0.004027
0.883018 -0.003803
0.889733 -0.003584
0.896273 -0.003371
0.902636 -0.003164
0.908818 -0.002963
0.914817 -0.002767
0.920631 -0.002577
0.926256 -0.002394
0.931690 -0.002216
0.936930 -0.002045
0.941975 -0.001881
0.946822 -0.001723
0.951469 -0.001572
0.955914 -0.001428
0.960155 -0.001290
0.964189 -0.001159
0.968016 -0.001035
0.971634 -0.000918
0.975040 -0.000807
0.978234 -0.000704
0.981213 -0.000608
0.983977 -0.000518
0.986525 -0.000436
0.988855 -0.000360
0.990966 -0.000292
0.992858 -0.000231
0.994529 -0.000177
0.995978 -0.000130
0.997206 -0.000090
0.998211 -0.000058
0.998994 -0.000033
0.999553 -0.000014
0.999888 -0.000004
1.000000 -0.000000