goe802a
1.000000 0.004000
0.999887 0.004028
0.999549 0.004112
0.998985 0.004252
0.998197 0.004447
0.997183 0.004699
0.995946 0.005006
0.994484 0.005368
0.992799 0.005786
0.990893 0.006259
0.988764 0.006786
0.986415 0.007369
0.983847 0.008006
0.981060 0.008697
0.978056 0.009442
0.974836 0.010241
0.971402 0.011092
0.967755 0.011997
0.963897 0.012953
0.959830 0.013962
0.955554 0.015023
0.951073 0.016134
0.946389 0.017297
0.941503 0.018513
0.936419 0.019780
0.931137 0.021098
0.925660 0.022464
0.919991 0.023875
0.914130 0.025329
0.908080 0.026822
0.901843 0.028351
0.895422 0.029915
0.888822 0.031526
0.882046 0.033182
0.875096 0.034879
0.867975 0.036615
0.860685 0.038386
0.853230 0.040190
0.845612 0.042022
0.837834 0.043878
0.829899 0.045754
0.821808 0.047643
0.813566 0.049542
0.805174 0.051444
0.796636 0.053347
0.787958 0.055268
0.779143 0.057208
0.770196 0.059163
0.761119 0.061124
0.751916 0.063086
0.742590 0.065042
0.733145 0.066982
0.723585 0.068901
0.713912 0.070789
0.704132 0.072639
0.694246 0.074447
0.684259 0.076242
0.674177 0.078020
0.664003 0.079776
0.653743 0.081505
0.643401 0.083200
0.632983 0.084855
0.622493 0.086463
0.611938 0.088020
0.601322 0.089518
0.590649 0.090971
0.579921 0.092402
0.569144 0.093803
0.558323 0.095168
0.547465 0.096487
0.536573 0.097754
0.525654 0.098959
0.514714 0.100096
0.503758 0.101156
0.492790 0.102162
0.481814 0.103196
0.470834 0.104235
0.459856 0.105244
0.448885 0.106191
0.437927 0.107042
0.426988 0.107765
0.416073 0.108327
0.405188 0.108699
0.394337 0.108880
0.383519 0.109024
0.372740 0.109154
0.362009 0.109269
0.351331 0.109369
0.340714 0.109452
0.330165 0.109517
0.319689 0.109564
0.309295 0.109592
0.298988 0.109599
0.288763 0.109447
0.278621 0.109068
0.268570 0.108494
0.258619 0.107758
0.248776 0.106891
0.239049 0.105923
0.229445 0.104881
0.219971 0.103793
0.210635 0.102683
0.201443 0.101574
0.192398 0.100364
0.183499 0.098884
0.174754 0.097207
0.166169 0.095406
0.157749 0.093545
0.149502 0.091687
0.141418 0.089799
0.133497 0.087831
0.125751 0.085794
0.118190 0.083697
0.110821 0.081549
0.103654 0.079357
0.096693 0.077118
0.089930 0.074766
0.083386 0.072310
0.077083 0.069775
0.071022 0.067173
0.065173 0.064489
0.059559 0.061736
0.054204 0.058934
0.049123 0.056099
0.044236 0.053248
0.039547 0.050380
0.035116 0.047490
0.030988 0.044577
0.027195 0.041644
0.023743 0.038689
0.020514 0.035650
0.017561 0.032573
0.014961 0.029518
0.012760 0.026536
0.010803 0.023587
0.008876 0.020619
0.007072 0.017727
0.005454 0.014983
0.004059 0.012438
0.002903 0.010125
0.001983 0.008060
0.001282 0.006252
0.000774 0.004697
0.000428 0.003388
0.000211 0.002313
0.000088 0.001458
0.000028 0.000810
0.000006 0.000357
0.000000 0.000089
0.000000 0.000000
0.000001 -0.000089
0.000016 -0.000359
0.000078 -0.000823
0.000242 -0.001496
0.000574 -0.002391
0.001147 -0.003517
0.002031 -0.004861
0.003280 -0.006385
0.004920 -0.008011
0.006930 -0.009602
0.009231 -0.010951
0.011661 -0.011764
0.014142 -0.011889
0.017096 -0.011941
0.020463 -0.011980
0.024060 -0.011999
0.027735 -0.011953
0.031617 -0.011743
0.035710 -0.011371
0.040002 -0.010857
0.044482 -0.010229
0.049134 -0.009531
0.053971 -0.008726
0.059020 -0.007655
0.064228 -0.006306
0.069527 -0.004675
0.074836 -0.002764
0.080360 -0.000269
0.085187 0.003195
0.088298 0.008630
0.092047 0.014047
0.097538 0.017553
0.104250 0.016861
0.109146 0.012060
0.113633 0.006350
0.119562 0.002148
0.126897 0.000835
0.134524 0.000283
0.142354 -0.000077
0.150325 -0.000200
0.158419 0.000050
0.166652 0.000687
0.175023 0.001590
0.183532 0.002625
0.192179 0.003642
0.200963 0.004479
0.209880 0.005215
0.218922 0.005966
0.228086 0.006723
0.237366 0.007478
0.246761 0.008221
0.256264 0.008941
0.265874 0.009629
0.275584 0.010273
0.285391 0.010861
0.295291 0.011381
0.305279 0.011835
0.315353 0.012283
0.325507 0.012727
0.335736 0.013157
0.346036 0.013561
0.356401 0.013928
0.366826 0.014247
0.377306 0.014506
0.387836 0.014692
0.398411 0.014793
0.409026 0.014833
0.419677 0.014868
0.430361 0.014900
0.441071 0.014927
0.451804 0.014951
0.462553 0.014970
0.473315 0.014985
0.484083 0.014994
0.494854 0.014999
0.505622 0.014999
0.516382 0.014990
0.527131 0.014974
0.537864 0.014951
0.548574 0.014921
0.559259 0.014885
0.569912 0.014843
0.580529 0.014797
0.591105 0.014746
0.601635 0.014691
0.612115 0.014594
0.622541 0.014443
0.632907 0.014246
0.643210 0.014013
0.653443 0.013751
0.663603 0.013470
0.673686 0.013176
0.683686 0.012879
0.693599 0.012586
0.703421 0.012300
0.713148 0.012000
0.722774 0.011679
0.732296 0.011342
0.741711 0.010992
0.751012 0.010632
0.760197 0.010265
0.769262 0.009894
0.778201 0.009522
0.787013 0.009151
0.795691 0.008783
0.804233 0.008417
0.812635 0.008039
0.820892 0.007649
0.829002 0.007253
0.836960 0.006855
0.844764 0.006460
0.852410 0.006071
0.859895 0.005691
0.867216 0.005323
0.874369 0.004971
0.881351 0.004635
0.888159 0.004319
0.894791 0.004023
0.901244 0.003748
0.907514 0.003493
0.913598 0.003255
0.919495 0.003031
0.925200 0.002818
0.930712 0.002615
0.936028 0.002420
0.941146 0.002231
0.946062 0.002049
0.950775 0.001871
0.955284 0.001699
0.959585 0.001536
0.963678 0.001380
0.967559 0.001233
0.971228 0.001093
0.974683 0.000962
0.977922 0.000839
0.980945 0.000724
0.983748 0.000618
0.986333 0.000519
0.988696 0.000430
0.990837 0.000348
0.992756 0.000275
0.994450 0.000211
0.995921 0.000155
0.997166 0.000108
0.998186 0.000069
0.998979 0.000039
0.999546 0.000017
0.999887 0.000004
1.000000 0.000000