goe802b
1.000000 0.004000
0.999887 0.004028
0.999549 0.004112
0.998985 0.004252
0.998197 0.004447
0.997183 0.004699
0.995946 0.005006
0.994484 0.005368
0.992799 0.005786
0.990893 0.006259
0.988764 0.006786
0.986415 0.007369
0.983847 0.008006
0.981060 0.008697
0.978056 0.009442
0.974836 0.010241
0.971402 0.011092
0.967755 0.011997
0.963897 0.012953
0.959830 0.013962
0.955554 0.015023
0.951073 0.016134
0.946389 0.017297
0.941503 0.018513
0.936419 0.019780
0.931137 0.021098
0.925660 0.022464
0.919991 0.023875
0.914130 0.025329
0.908080 0.026822
0.901843 0.028351
0.895422 0.029915
0.888822 0.031526
0.882046 0.033182
0.875096 0.034879
0.867975 0.036615
0.860685 0.038386
0.853230 0.040190
0.845612 0.042022
0.837834 0.043878
0.829899 0.045754
0.821808 0.047643
0.813566 0.049542
0.805174 0.051444
0.796636 0.053347
0.787958 0.055268
0.779143 0.057208
0.770196 0.059163
0.761119 0.061124
0.751916 0.063086
0.742590 0.065042
0.733145 0.066982
0.723585 0.068901
0.713912 0.070789
0.704132 0.072639
0.694246 0.074447
0.684259 0.076242
0.674177 0.078020
0.664003 0.079776
0.653743 0.081505
0.643401 0.083200
0.632983 0.084855
0.622493 0.086463
0.611938 0.088020
0.601322 0.089518
0.590649 0.090971
0.579921 0.092402
0.569144 0.093803
0.558323 0.095168
0.547465 0.096487
0.536573 0.097754
0.525654 0.098959
0.514714 0.100096
0.503758 0.101156
0.492790 0.102162
0.481814 0.103196
0.470834 0.104235
0.459856 0.105244
0.448885 0.106191
0.437927 0.107042
0.426988 0.107765
0.416073 0.108327
0.405188 0.108699
0.394337 0.108880
0.383519 0.109024
0.372740 0.109154
0.362009 0.109269
0.351331 0.109369
0.340714 0.109452
0.330165 0.109517
0.319689 0.109564
0.309295 0.109592
0.298988 0.109599
0.288763 0.109447
0.278621 0.109068
0.268570 0.108494
0.258619 0.107758
0.248776 0.106891
0.239049 0.105923
0.229445 0.104881
0.219971 0.103793
0.210635 0.102683
0.201443 0.101574
0.192398 0.100364
0.183499 0.098884
0.174754 0.097207
0.166169 0.095406
0.157749 0.093545
0.149502 0.091687
0.141418 0.089799
0.133497 0.087831
0.125751 0.085794
0.118190 0.083697
0.110821 0.081549
0.103654 0.079357
0.096693 0.077118
0.089930 0.074766
0.083386 0.072310
0.077083 0.069775
0.071022 0.067173
0.065173 0.064489
0.059559 0.061736
0.054204 0.058934
0.049123 0.056099
0.044236 0.053248
0.039547 0.050380
0.035116 0.047490
0.030988 0.044577
0.027195 0.041644
0.023743 0.038689
0.020514 0.035650
0.017561 0.032573
0.014961 0.029518
0.012760 0.026536
0.010803 0.023586
0.008876 0.020618
0.007072 0.017726
0.005454 0.014981
0.004059 0.012436
0.002903 0.010122
0.001983 0.008057
0.001282 0.006249
0.000774 0.004694
0.000428 0.003386
0.000211 0.002311
0.000088 0.001457
0.000028 0.000809
0.000006 0.000356
0.000000 0.000089
0.000000 0.000000
0.000001 -0.000089
0.000016 -0.000359
0.000078 -0.000822
0.000241 -0.001494
0.000573 -0.002388
0.001144 -0.003512
0.002026 -0.004855
0.003272 -0.006377
0.004907 -0.008001
0.006914 -0.009591
0.009212 -0.010942
0.011639 -0.011760
0.014116 -0.011888
0.017063 -0.011941
0.020423 -0.011980
0.024016 -0.011999
0.027687 -0.011955
0.031563 -0.011747
0.035650 -0.011378
0.039936 -0.010865
0.044410 -0.010239
0.049055 -0.009543
0.053884 -0.008742
0.058926 -0.007677
0.064128 -0.006334
0.069422 -0.004710
0.074727 -0.002806
0.080243 -0.000332
0.085102 0.003104
0.088230 0.008493
0.091939 0.013924
0.097360 0.017499
0.104169 0.018000
0.110794 0.016098
0.116687 0.011986
0.122693 0.007834
0.128852 0.003590
0.135926 0.000764
0.143644 -0.000445
0.151585 -0.000096
0.159667 0.000532
0.167886 0.001284
0.176244 0.002115
0.184739 0.002976
0.193373 0.003814
0.202144 0.004578
0.211047 0.005323
0.220075 0.006077
0.229225 0.006835
0.238492 0.007586
0.247873 0.008323
0.257363 0.009035
0.266959 0.009713
0.276655 0.010346
0.286448 0.010922
0.296334 0.011432
0.306308 0.011881
0.316367 0.012328
0.326506 0.012770
0.336720 0.013197
0.347005 0.013597
0.357355 0.013960
0.367764 0.014273
0.378229 0.014525
0.388744 0.014704
0.399303 0.014797
0.409902 0.014836
0.420538 0.014871
0.431206 0.014902
0.441900 0.014929
0.452617 0.014952
0.463350 0.014971
0.474096 0.014985
0.484848 0.014995
0.495603 0.015000
0.506355 0.014999
0.517100 0.014990
0.527833 0.014973
0.538549 0.014949
0.549244 0.014919
0.559912 0.014882
0.570550 0.014841
0.581151 0.014794
0.591711 0.014743
0.602226 0.014687
0.612691 0.014587
0.623101 0.014434
0.633452 0.014235
0.643739 0.014000
0.653957 0.013737
0.664102 0.013455
0.674170 0.013162
0.684155 0.012865
0.694054 0.012572
0.703861 0.012287
0.713573 0.011986
0.723185 0.011665
0.732693 0.011328
0.742093 0.010978
0.751381 0.010618
0.760553 0.010251
0.769604 0.009880
0.778530 0.009508
0.787328 0.009137
0.795994 0.008770
0.804524 0.008405
0.812913 0.008026
0.821158 0.007636
0.829255 0.007240
0.837202 0.006843
0.844994 0.006448
0.852629 0.006059
0.860103 0.005680
0.867412 0.005313
0.874555 0.004962
0.881527 0.004627
0.888325 0.004311
0.894947 0.004016
0.901390 0.003742
0.907651 0.003488
0.913726 0.003250
0.919614 0.003027
0.925311 0.002814
0.930815 0.002611
0.936123 0.002417
0.941233 0.002228
0.946142 0.002046
0.950848 0.001868
0.955350 0.001697
0.959645 0.001533
0.963731 0.001378
0.967607 0.001231
0.971271 0.001092
0.974721 0.000961
0.977955 0.000838
0.980973 0.000723
0.983773 0.000617
0.986353 0.000519
0.988713 0.000429
0.990851 0.000348
0.992766 0.000275
0.994459 0.000211
0.995927 0.000155
0.997170 0.000108
0.998188 0.000069
0.998981 0.000039
0.999547 0.000017
0.999887 0.000004
1.000000 -0.000000