gs1
1.000000 0.000000
0.999888 0.000028
0.999551 0.000111
0.998989 0.000251
0.998203 0.000446
0.997193 0.000696
0.995960 0.001002
0.994504 0.001363
0.992825 0.001779
0.990925 0.002250
0.988805 0.002776
0.986464 0.003357
0.983905 0.003992
0.981128 0.004680
0.978135 0.005422
0.974927 0.006218
0.971505 0.007067
0.967872 0.007968
0.964028 0.008921
0.959975 0.009926
0.955715 0.010983
0.951250 0.012090
0.946582 0.013250
0.941715 0.014465
0.936650 0.015735
0.931390 0.017056
0.925934 0.018424
0.920286 0.019836
0.914447 0.021285
0.908418 0.022767
0.902200 0.024273
0.895795 0.025802
0.889210 0.027366
0.882446 0.028964
0.875507 0.030594
0.868396 0.032254
0.861115 0.033943
0.853668 0.035659
0.846057 0.037399
0.838286 0.039160
0.830359 0.040941
0.822278 0.042740
0.814046 0.044553
0.805668 0.046377
0.797147 0.048212
0.788487 0.050066
0.779692 0.051938
0.770764 0.053824
0.761709 0.055719
0.752529 0.057618
0.743228 0.059517
0.733809 0.061410
0.724277 0.063291
0.714635 0.065155
0.704887 0.066995
0.695037 0.068809
0.685089 0.070613
0.675047 0.072406
0.664917 0.074185
0.654702 0.075944
0.644407 0.077681
0.634038 0.079392
0.623600 0.081072
0.613096 0.082716
0.602532 0.084322
0.591914 0.085902
0.581244 0.087483
0.570528 0.089055
0.559770 0.090601
0.548975 0.092108
0.538146 0.093561
0.527290 0.094943
0.516409 0.096241
0.505510 0.097438
0.494595 0.098543
0.483670 0.099673
0.472738 0.100812
0.461806 0.101924
0.450880 0.102971
0.439966 0.103914
0.429070 0.104717
0.418197 0.105343
0.407353 0.105757
0.396544 0.105938
0.385767 0.106050
0.375028 0.106150
0.364333 0.106239
0.353692 0.106316
0.343110 0.106379
0.332597 0.106430
0.322158 0.106467
0.311801 0.106491
0.301534 0.106500
0.291355 0.106388
0.281260 0.105995
0.271257 0.105360
0.261353 0.104525
0.251556 0.103530
0.241875 0.102413
0.232316 0.101209
0.222887 0.099953
0.213593 0.098676
0.204442 0.097410
0.195436 0.096141
0.186565 0.094675
0.177843 0.093022
0.169286 0.091226
0.160907 0.089329
0.152721 0.087370
0.144727 0.085357
0.136902 0.083229
0.129250 0.081002
0.121776 0.078696
0.114485 0.076330
0.107382 0.073922
0.100471 0.071487
0.093756 0.069042
0.087239 0.066600
0.080925 0.064175
0.074814 0.061776
0.068909 0.059340
0.063220 0.056826
0.057758 0.054267
0.052534 0.051692
0.047542 0.049126
0.042738 0.046575
0.038147 0.044031
0.033800 0.041487
0.029718 0.038941
0.025917 0.036395
0.022323 0.033851
0.018872 0.031296
0.015784 0.028716
0.013220 0.026107
0.011133 0.023450
0.009127 0.020726
0.007259 0.018021
0.005590 0.015407
0.004156 0.012939
0.002969 0.010655
0.002026 0.008580
0.001309 0.006729
0.000790 0.005110
0.000437 0.003722
0.000215 0.002564
0.000090 0.001629
0.000029 0.000910
0.000006 0.000403
0.000000 0.000100
0.000000 0.000000
0.000000 -0.000100
0.000007 -0.000403
0.000036 -0.000910
0.000113 -0.001627
0.000270 -0.002560
0.000547 -0.003711
0.000985 -0.005085
0.001626 -0.006677
0.002505 -0.008477
0.003650 -0.010468
0.005072 -0.012616
0.006765 -0.014874
0.008695 -0.017173
0.010795 -0.019422
0.012977 -0.021507
0.015631 -0.023477
0.018870 -0.025354
0.022499 -0.027093
0.026260 -0.028652
0.030243 -0.030128
0.034514 -0.031544
0.039053 -0.032883
0.043831 -0.034126
0.048812 -0.035255
0.053983 -0.036302
0.059388 -0.037334
0.065016 -0.038272
0.070850 -0.039014
0.076871 -0.039459
0.083082 -0.039803
0.089487 -0.040132
0.096081 -0.040441
0.102860 -0.040727
0.109820 -0.040984
0.116955 -0.041210
0.124261 -0.041399
0.131731 -0.041546
0.139360 -0.041647
0.147139 -0.041696
0.155066 -0.041672
0.163143 -0.041524
0.171368 -0.041269
0.179735 -0.040933
0.188238 -0.040547
0.196873 -0.040143
0.205636 -0.039730
0.214522 -0.039243
0.223530 -0.038680
0.232656 -0.038049
0.241894 -0.037358
0.251242 -0.036616
0.260695 -0.035835
0.270250 -0.035025
0.279903 -0.034197
0.289648 -0.033365
0.299484 -0.032542
0.309403 -0.031708
0.319401 -0.030829
0.329474 -0.029914
0.339617 -0.028971
0.349826 -0.028010
0.360099 -0.027039
0.370431 -0.026067
0.380818 -0.025105
0.391256 -0.024163
0.401742 -0.023251
0.412269 -0.022349
0.422833 -0.021448
0.433428 -0.020552
0.444050 -0.019664
0.454695 -0.018788
0.465357 -0.017929
0.476033 -0.017089
0.486717 -0.016274
0.497405 -0.015486
0.508093 -0.014724
0.518775 -0.013971
0.529447 -0.013233
0.540103 -0.012511
0.550739 -0.011810
0.561351 -0.011132
0.571933 -0.010482
0.582481 -0.009861
0.592989 -0.009273
0.603454 -0.008721
0.613871 -0.008190
0.624235 -0.007677
0.634542 -0.007183
0.644786 -0.006710
0.654963 -0.006258
0.665069 -0.005828
0.675098 -0.005420
0.685046 -0.005037
0.694909 -0.004677
0.704681 -0.004342
0.714360 -0.004031
0.723941 -0.003739
0.733419 -0.003464
0.742790 -0.003204
0.752050 -0.002955
0.761195 -0.002714
0.770220 -0.002480
0.779121 -0.002250
0.787895 -0.002021
0.796536 -0.001793
0.805042 -0.001560
0.813409 -0.001311
0.821632 -0.001053
0.829709 -0.000792
0.837635 -0.000534
0.845408 -0.000286
0.853024 -0.000051
0.860479 0.000165
0.867771 0.000359
0.874895 0.000528
0.881850 0.000669
0.888631 0.000780
0.895237 0.000861
0.901663 0.000911
0.907907 0.000949
0.913967 0.000985
0.919839 0.001016
0.925522 0.001042
0.931011 0.001064
0.936305 0.001081
0.941401 0.001092
0.946297 0.001098
0.950990 0.001099
0.955479 0.001082
0.959762 0.001044
0.963837 0.000991
0.967702 0.000926
0.971355 0.000852
0.974795 0.000774
0.978020 0.000692
0.981029 0.000611
0.983821 0.000530
0.986393 0.000452
0.988746 0.000379
0.990878 0.000310
0.992788 0.000247
0.994475 0.000190
0.995939 0.000141
0.997179 0.000098
0.998194 0.000063
0.998984 0.000035
0.999548 0.000016
0.999887 0.000004
1.000000 -0.000000