clarym18
1.000000 0.000900
0.999888 0.000936
0.999552 0.001044
0.998992 0.001223
0.998209 0.001474
0.997202 0.001795
0.995972 0.002188
0.994519 0.002651
0.992845 0.003184
0.990950 0.003786
0.988833 0.004457
0.986497 0.005196
0.983942 0.006001
0.981169 0.006873
0.978180 0.007810
0.974974 0.008812
0.971554 0.009876
0.967921 0.011002
0.964076 0.012188
0.960021 0.013434
0.955757 0.014738
0.951286 0.016098
0.946610 0.017513
0.941730 0.018984
0.936649 0.020509
0.931369 0.022086
0.925891 0.023712
0.920217 0.025383
0.914349 0.027097
0.908289 0.028849
0.902040 0.030636
0.895603 0.032456
0.888983 0.034317
0.882183 0.036219
0.875206 0.038161
0.868055 0.040138
0.860731 0.042149
0.853240 0.044191
0.845582 0.046261
0.837762 0.048355
0.829782 0.050469
0.821645 0.052601
0.813356 0.054747
0.804916 0.056902
0.796329 0.059063
0.787600 0.061240
0.778731 0.063433
0.769728 0.065640
0.760592 0.067854
0.751328 0.070071
0.741940 0.072285
0.732431 0.074490
0.722805 0.076680
0.713066 0.078849
0.703219 0.080992
0.693266 0.083103
0.683213 0.085211
0.673063 0.087314
0.662821 0.089403
0.652491 0.091469
0.642079 0.093503
0.631587 0.095493
0.621021 0.097430
0.610385 0.099303
0.599683 0.101103
0.588921 0.102838
0.578100 0.104557
0.567227 0.106250
0.556307 0.107902
0.545345 0.109498
0.534348 0.111024
0.523320 0.112465
0.512267 0.113806
0.501195 0.115031
0.490109 0.116155
0.479010 0.117303
0.467903 0.118455
0.456794 0.119571
0.445691 0.120613
0.434599 0.121538
0.423525 0.122309
0.412475 0.122887
0.401456 0.123233
0.390472 0.123346
0.379523 0.123414
0.368613 0.123474
0.357749 0.123527
0.346940 0.123572
0.336192 0.123608
0.325512 0.123636
0.314907 0.123656
0.304383 0.123667
0.293948 0.123666
0.283592 0.123506
0.273316 0.123133
0.263131 0.122574
0.253047 0.121859
0.243075 0.121016
0.233223 0.120070
0.223501 0.119047
0.213917 0.117969
0.204480 0.116860
0.195198 0.115738
0.186064 0.114373
0.177081 0.112669
0.168262 0.110724
0.159620 0.108633
0.151164 0.106479
0.142902 0.104319
0.134816 0.102032
0.126912 0.099611
0.119198 0.097087
0.111685 0.094487
0.104379 0.091838
0.097287 0.089163
0.090412 0.086405
0.083761 0.083512
0.077344 0.080537
0.071171 0.077525
0.065183 0.074500
0.059411 0.071435
0.053917 0.068304
0.048758 0.065088
0.043911 0.061771
0.039290 0.058367
0.034929 0.054915
0.030855 0.051449
0.027091 0.047999
0.023647 0.044593
0.020438 0.041203
0.017440 0.037803
0.014771 0.034434
0.012513 0.031131
0.010660 0.027912
0.008893 0.024734
0.007219 0.021641
0.005694 0.018684
0.004356 0.015901
0.003220 0.013318
0.002290 0.010955
0.001557 0.008822
0.001002 0.006926
0.000603 0.005268
0.000333 0.003845
0.000164 0.002654
0.000068 0.001690
0.000022 0.000946
0.000004 0.000419
0.000000 0.000105
0.000000 0.000000
0.000000 -0.000105
0.000006 -0.000419
0.000029 -0.000945
0.000092 -0.001687
0.000220 -0.002646
0.000447 -0.003827
0.000809 -0.005230
0.001342 -0.006855
0.002080 -0.008693
0.003053 -0.010734
0.004279 -0.012956
0.005768 -0.015328
0.007508 -0.017806
0.009469 -0.020331
0.011591 -0.022827
0.013802 -0.025198
0.016512 -0.027461
0.019838 -0.029635
0.023566 -0.031695
0.027421 -0.033628
0.031495 -0.035509
0.035860 -0.037346
0.040497 -0.039115
0.045379 -0.040792
0.050473 -0.042348
0.055774 -0.043774
0.061330 -0.045102
0.067121 -0.046341
0.073120 -0.047510
0.079297 -0.048629
0.085671 -0.049709
0.092242 -0.050727
0.099002 -0.051656
0.105942 -0.052491
0.113062 -0.053315
0.120359 -0.054118
0.127828 -0.054879
0.135465 -0.055571
0.143264 -0.056166
0.151219 -0.056635
0.159329 -0.057016
0.167594 -0.057385
0.176008 -0.057720
0.184566 -0.057995
0.193260 -0.058182
0.202085 -0.058250
0.211037 -0.058222
0.220113 -0.058141
0.229311 -0.058012
0.238626 -0.057840
0.248053 -0.057631
0.257588 -0.057390
0.267226 -0.057126
0.276964 -0.056844
0.286795 -0.056552
0.296717 -0.056260
0.306723 -0.055969
0.316811 -0.055642
0.326975 -0.055276
0.337212 -0.054875
0.347516 -0.054443
0.357883 -0.053983
0.368309 -0.053502
0.378788 -0.053003
0.389316 -0.052491
0.399889 -0.051973
0.410500 -0.051442
0.421147 -0.050884
0.431824 -0.050299
0.442526 -0.049691
0.453249 -0.049062
0.463987 -0.048415
0.474736 -0.047752
0.485492 -0.047077
0.496249 -0.046392
0.507003 -0.045698
0.517748 -0.044986
0.528480 -0.044256
0.539195 -0.043509
0.549887 -0.042747
0.560552 -0.041973
0.571186 -0.041189
0.581782 -0.040396
0.592337 -0.039598
0.602846 -0.038794
0.613305 -0.037983
0.623708 -0.037161
0.634051 -0.036331
0.644330 -0.035494
0.654540 -0.034650
0.664676 -0.033802
0.674734 -0.032950
0.684710 -0.032097
0.694598 -0.031242
0.704395 -0.030388
0.714097 -0.029530
0.723698 -0.028669
0.733195 -0.027806
0.742583 -0.026944
0.751860 -0.026084
0.761019 -0.025227
0.770058 -0.024375
0.778973 -0.023530
0.787759 -0.022693
0.796413 -0.021865
0.804931 -0.021047
0.813309 -0.020237
0.821543 -0.019436
0.829630 -0.018644
0.837566 -0.017861
0.845348 -0.017090
0.852972 -0.016330
0.860436 -0.015583
0.867734 -0.014849
0.874865 -0.014129
0.881826 -0.013424
0.888612 -0.012734
0.895222 -0.012060
0.901652 -0.011402
0.907899 -0.010759
0.913961 -0.010131
0.919835 -0.009520
0.925518 -0.008925
0.931008 -0.008348
0.936302 -0.007789
0.941399 -0.007249
0.946295 -0.006728
0.950989 -0.006228
0.955479 -0.005748
0.959762 -0.005288
0.963837 -0.004850
0.967702 -0.004432
0.971355 -0.004037
0.974795 -0.003664
0.978021 -0.003313
0.981030 -0.002985
0.983821 -0.002680
0.986394 -0.002398
0.988747 -0.002140
0.990878 -0.001906
0.992788 -0.001696
0.994476 -0.001510
0.995939 -0.001349
0.997179 -0.001212
0.998194 -0.001100
0.998984 -0.001012
0.999548 -0.000950
0.999887 -0.000912
1.000000 -0.000900