coanda1
1.000000 0.010000
0.999890 0.010023
0.999559 0.010093
0.999007 0.010208
0.998235 0.010370
0.997243 0.010577
0.996031 0.010829
0.994599 0.011125
0.992949 0.011464
0.991081 0.011846
0.988995 0.012269
0.986692 0.012732
0.984173 0.013233
0.981439 0.013772
0.978491 0.014346
0.975330 0.014953
0.971957 0.015592
0.968373 0.016260
0.964580 0.016954
0.960579 0.017673
0.956371 0.018412
0.951958 0.019170
0.947342 0.019942
0.942522 0.020726
0.937501 0.021521
0.932282 0.022327
0.926866 0.023143
0.921257 0.023970
0.915457 0.024810
0.909471 0.025665
0.903301 0.026536
0.896952 0.027428
0.890424 0.028340
0.883722 0.029273
0.876846 0.030222
0.869800 0.031187
0.862588 0.032165
0.855212 0.033152
0.847675 0.034147
0.839981 0.035147
0.832132 0.036147
0.824133 0.037144
0.815986 0.038135
0.807695 0.039116
0.799264 0.040083
0.790694 0.041037
0.781991 0.041980
0.773158 0.042914
0.764198 0.043839
0.755118 0.044756
0.745920 0.045666
0.736609 0.046569
0.727190 0.047468
0.717668 0.048364
0.708047 0.049258
0.698333 0.050153
0.688527 0.051050
0.678636 0.051948
0.668662 0.052842
0.658610 0.053730
0.648484 0.054608
0.638289 0.055473
0.628030 0.056321
0.617711 0.057148
0.607336 0.057951
0.596910 0.058727
0.586437 0.059488
0.575922 0.060237
0.565370 0.060972
0.554786 0.061689
0.544174 0.062386
0.533539 0.063060
0.522887 0.063708
0.512221 0.064328
0.501548 0.064917
0.490871 0.065500
0.480195 0.066109
0.469525 0.066725
0.458866 0.067327
0.448222 0.067894
0.437598 0.068408
0.426999 0.068847
0.416430 0.069192
0.405895 0.069425
0.395399 0.069541
0.384946 0.069628
0.374540 0.069708
0.364187 0.069779
0.353892 0.069841
0.343660 0.069894
0.333495 0.069936
0.323404 0.069968
0.313390 0.069989
0.303459 0.069999
0.293614 0.069982
0.283858 0.069889
0.274196 0.069727
0.264633 0.069505
0.255174 0.069233
0.245822 0.068920
0.236583 0.068576
0.227462 0.068208
0.218463 0.067824
0.209591 0.067432
0.200849 0.067038
0.192240 0.066599
0.183767 0.066059
0.175436 0.065441
0.167252 0.064766
0.159220 0.064055
0.151344 0.063326
0.143624 0.062582
0.136057 0.061797
0.128652 0.060968
0.121419 0.060089
0.114365 0.059159
0.107499 0.058174
0.100826 0.057135
0.094347 0.055987
0.088060 0.054678
0.081980 0.053264
0.076118 0.051791
0.070472 0.050264
0.065032 0.048644
0.059807 0.046961
0.054807 0.045243
0.050036 0.043513
0.045468 0.041784
0.041094 0.040049
0.036939 0.038304
0.033024 0.036549
0.029362 0.034787
0.025962 0.033024
0.022827 0.031234
0.019947 0.029371
0.017297 0.027518
0.014857 0.025739
0.012612 0.024082
0.010320 0.022516
0.007936 0.021013
0.005736 0.019625
0.003878 0.018380
0.002427 0.017295
0.001382 0.016375
0.000696 0.015618
0.000295 0.015018
0.000096 0.014564
0.000019 0.014248
0.000001 0.014061
0.000000 0.014000
0.000001 0.013939
0.000023 0.013755
0.000116 0.013449
0.000356 0.013022
0.000837 0.012478
0.001655 0.011820
0.002887 0.011058
0.004577 0.010205
0.006699 0.009280
0.009139 0.008313
0.011653 0.007340
0.014023 0.006384
0.016607 0.005396
0.019445 0.004423
0.022524 0.003543
0.025822 0.002848
0.029355 0.002210
0.033129 0.001572
0.037137 0.000974
0.041366 0.000469
0.045799 0.000119
0.050415 0.000002
0.055218 0.000219
0.060220 0.000755
0.065414 0.001515
0.070794 0.002374
0.076353 0.003193
0.082079 0.004147
0.087978 0.005229
0.094062 0.006261
0.100345 0.007032
0.106828 0.007589
0.113501 0.008093
0.120358 0.008548
0.127392 0.008958
0.134596 0.009328
0.141962 0.009665
0.149483 0.009979
0.157155 0.010272
0.164981 0.010540
0.172957 0.010787
0.181079 0.011017
0.189343 0.011234
0.197744 0.011445
0.206278 0.011658
0.214943 0.011886
0.223734 0.012123
0.232647 0.012364
0.241679 0.012601
0.250825 0.012826
0.260082 0.013033
0.269445 0.013213
0.278910 0.013357
0.288473 0.013455
0.298130 0.013499
0.307876 0.013500
0.317707 0.013500
0.327619 0.013500
0.337607 0.013500
0.347668 0.013500
0.357795 0.013500
0.367985 0.013500
0.378233 0.013500
0.388535 0.013500
0.398885 0.013500
0.409280 0.013485
0.419715 0.013436
0.430184 0.013358
0.440684 0.013256
0.451210 0.013135
0.461756 0.013002
0.472319 0.012861
0.482894 0.012719
0.493476 0.012581
0.504060 0.012451
0.514642 0.012319
0.525217 0.012182
0.535780 0.012038
0.546326 0.011888
0.556851 0.011731
0.567350 0.011567
0.577819 0.011395
0.588252 0.011214
0.598645 0.011025
0.608993 0.010827
0.619293 0.010618
0.629539 0.010397
0.639727 0.010165
0.649851 0.009921
0.659909 0.009665
0.669893 0.009397
0.679802 0.009117
0.689629 0.008825
0.699370 0.008520
0.709020 0.008188
0.718576 0.007815
0.728034 0.007410
0.737388 0.006983
0.746637 0.006541
0.755774 0.006094
0.764798 0.005648
0.773704 0.005211
0.782487 0.004789
0.791146 0.004388
0.799674 0.004014
0.808071 0.003637
0.816330 0.003231
0.824449 0.002809
0.832424 0.002384
0.840250 0.001969
0.847925 0.001574
0.855444 0.001209
0.862804 0.000881
0.870002 0.000597
0.877034 0.000364
0.883898 0.000186
0.890590 0.000066
0.897106 0.000006
0.903446 0.000022
0.909609 0.000165
0.915590 0.000412
0.921386 0.000737
0.926993 0.001115
0.932406 0.001526
0.937622 0.001950
0.942639 0.002374
0.947453 0.002784
0.952062 0.003179
0.956468 0.003602
0.960669 0.004051
0.964662 0.004519
0.968448 0.004997
0.972025 0.005477
0.975391 0.005952
0.978545 0.006418
0.981486 0.006868
0.984214 0.007298
0.986727 0.007706
0.989024 0.008086
0.991104 0.008437
0.992968 0.008757
0.994614 0.009043
0.996041 0.009293
0.997250 0.009507
0.998240 0.009684
0.999010 0.009822
0.999560 0.009921
0.999890 0.009980
1.000000 0.010000