cootie
1.000000 0.005000
0.999889 0.005028
0.999555 0.005111
0.998998 0.005250
0.998219 0.005445
0.997219 0.005694
0.995996 0.005998
0.994553 0.006356
0.992889 0.006769
0.991005 0.007234
0.988901 0.007751
0.986580 0.008321
0.984041 0.008941
0.981285 0.009611
0.978314 0.010330
0.975128 0.011097
0.971730 0.011911
0.968120 0.012770
0.964299 0.013674
0.960270 0.014620
0.956033 0.015607
0.951591 0.016634
0.946945 0.017698
0.942095 0.018793
0.937043 0.019918
0.931793 0.021076
0.926347 0.022266
0.920708 0.023492
0.914879 0.024756
0.908865 0.026062
0.902668 0.027414
0.896293 0.028817
0.889741 0.030267
0.883016 0.031762
0.876120 0.033299
0.869056 0.034877
0.861826 0.036493
0.854433 0.038143
0.846880 0.039825
0.839169 0.041535
0.831305 0.043268
0.823288 0.045020
0.815122 0.046787
0.806811 0.048564
0.798356 0.050345
0.789764 0.052153
0.781041 0.053994
0.772189 0.055860
0.763212 0.057743
0.754111 0.059632
0.744891 0.061518
0.735554 0.063389
0.726102 0.065235
0.716539 0.067043
0.706867 0.068801
0.697089 0.070497
0.687209 0.072151
0.677231 0.073774
0.667162 0.075364
0.657007 0.076924
0.646771 0.078454
0.636461 0.079957
0.626083 0.081432
0.615642 0.082883
0.605145 0.084311
0.594597 0.085723
0.584001 0.087146
0.573360 0.088570
0.562679 0.089979
0.551962 0.091356
0.541214 0.092684
0.530439 0.093947
0.519641 0.095126
0.508825 0.096206
0.497995 0.097172
0.487154 0.098130
0.476308 0.099112
0.465462 0.100080
0.454623 0.100998
0.443795 0.101830
0.432986 0.102541
0.422201 0.103095
0.411446 0.103459
0.400727 0.103599
0.390045 0.103600
0.379402 0.103600
0.368805 0.103600
0.358260 0.103600
0.347774 0.103600
0.337354 0.103600
0.327005 0.103600
0.316734 0.103600
0.306548 0.103600
0.296451 0.103585
0.286438 0.103384
0.276512 0.102976
0.266683 0.102391
0.256956 0.101661
0.247341 0.100815
0.237843 0.099878
0.228471 0.098878
0.219230 0.097840
0.210126 0.096785
0.201166 0.095736
0.192352 0.094596
0.183682 0.093219
0.175166 0.091668
0.166811 0.090001
0.158622 0.088273
0.150607 0.086533
0.142762 0.084762
0.135083 0.082905
0.127579 0.080976
0.120256 0.078990
0.113122 0.076961
0.106182 0.074902
0.099441 0.072824
0.092912 0.070654
0.086592 0.068386
0.080473 0.066091
0.074547 0.063827
0.068787 0.061633
0.063209 0.059475
0.057853 0.057304
0.052751 0.055083
0.047920 0.052789
0.043301 0.050442
0.038904 0.048064
0.034747 0.045673
0.030846 0.043285
0.027209 0.040915
0.023833 0.038576
0.020648 0.036233
0.017706 0.033893
0.015070 0.031574
0.012776 0.029296
0.010651 0.027012
0.008515 0.024699
0.006523 0.022457
0.004775 0.020362
0.003324 0.018460
0.002182 0.016778
0.001335 0.015328
0.000746 0.014109
0.000371 0.013113
0.000155 0.012326
0.000050 0.011733
0.000010 0.011322
0.000001 0.011080
0.000000 0.011000
0.000001 0.010920
0.000018 0.010678
0.000090 0.010266
0.000276 0.009674
0.000653 0.008894
0.001301 0.007925
0.002293 0.006780
0.003682 0.005493
0.005481 0.004132
0.007648 0.002808
0.010059 0.001686
0.012491 0.001001
0.015045 0.000647
0.018007 0.000333
0.021296 0.000100
0.024775 0.000000
0.028383 0.000000
0.032205 0.000000
0.036237 0.000000
0.040476 0.000000
0.044915 0.000000
0.049549 0.000000
0.054374 0.000133
0.059390 0.000552
0.064596 0.001185
0.069987 0.001932
0.075559 0.002670
0.081304 0.003482
0.087220 0.004430
0.093316 0.005421
0.099600 0.006347
0.106074 0.007192
0.112726 0.008043
0.119554 0.008887
0.126555 0.009710
0.133725 0.010496
0.141060 0.011228
0.148558 0.011885
0.156216 0.012467
0.164034 0.013005
0.172006 0.013505
0.180127 0.013973
0.188391 0.014416
0.196792 0.014842
0.205326 0.015258
0.213991 0.015663
0.222782 0.016058
0.231697 0.016442
0.240732 0.016816
0.249881 0.017180
0.259142 0.017537
0.268509 0.017887
0.277978 0.018230
0.287545 0.018569
0.297205 0.018904
0.306954 0.019248
0.316789 0.019624
0.326705 0.020019
0.336696 0.020420
0.346760 0.020809
0.356892 0.021171
0.367086 0.021488
0.377340 0.021744
0.387647 0.021920
0.398004 0.021998
0.408406 0.021993
0.418850 0.021965
0.429330 0.021917
0.439841 0.021851
0.450378 0.021768
0.460936 0.021670
0.471510 0.021558
0.482093 0.021433
0.492682 0.021298
0.503271 0.021147
0.513854 0.020880
0.524428 0.020486
0.534989 0.019993
0.545532 0.019429
0.556054 0.018821
0.566549 0.018196
0.577015 0.017583
0.587446 0.017008
0.597838 0.016496
0.608188 0.016047
0.618490 0.015616
0.628738 0.015197
0.638929 0.014790
0.649057 0.014391
0.659118 0.013999
0.669108 0.013612
0.679021 0.013226
0.688854 0.012842
0.698602 0.012456
0.708261 0.012071
0.717826 0.011692
0.727293 0.011319
0.736659 0.010950
0.745918 0.010585
0.755067 0.010223
0.764102 0.009864
0.773018 0.009507
0.781812 0.009151
0.790480 0.008796
0.799017 0.008441
0.807420 0.008086
0.815685 0.007728
0.823809 0.007371
0.831788 0.007016
0.839618 0.006665
0.847296 0.006319
0.854819 0.005980
0.862184 0.005649
0.869387 0.005326
0.876424 0.005014
0.883294 0.004713
0.889992 0.004423
0.896517 0.004146
0.902864 0.003881
0.909032 0.003629
0.915017 0.003387
0.920816 0.003155
0.926428 0.002933
0.931850 0.002719
0.937078 0.002513
0.942111 0.002314
0.946947 0.002122
0.951583 0.001937
0.956017 0.001759
0.960248 0.001590
0.964273 0.001429
0.968091 0.001276
0.971700 0.001132
0.975099 0.000996
0.978285 0.000869
0.981257 0.000750
0.984015 0.000639
0.986557 0.000538
0.988881 0.000445
0.990987 0.000361
0.992874 0.000285
0.994542 0.000218
0.995988 0.000160
0.997213 0.000111
0.998215 0.000071
0.998996 0.000040
0.999554 0.000018
0.999888 0.000004
1.000000 0.000000