p51dtip
1.000000 0.000000
0.999887 0.000010
0.999550 0.000039
0.998987 0.000087
0.998200 0.000156
0.997188 0.000244
0.995953 0.000352
0.994494 0.000481
0.992813 0.000630
0.990910 0.000800
0.988786 0.000993
0.986442 0.001207
0.983879 0.001444
0.981099 0.001704
0.978103 0.001989
0.974892 0.002297
0.971467 0.002628
0.967830 0.002984
0.963983 0.003367
0.959928 0.003780
0.955668 0.004227
0.951205 0.004713
0.946541 0.005241
0.941679 0.005814
0.936620 0.006431
0.931367 0.007091
0.925922 0.007791
0.920288 0.008530
0.914467 0.009303
0.908461 0.010109
0.902274 0.010957
0.895908 0.011847
0.889367 0.012779
0.882653 0.013753
0.875771 0.014770
0.868723 0.015830
0.861514 0.016931
0.854143 0.018074
0.846616 0.019261
0.838938 0.020496
0.831112 0.021781
0.823143 0.023121
0.815037 0.024520
0.806799 0.025986
0.798434 0.027535
0.789944 0.029159
0.781330 0.030844
0.772595 0.032578
0.763740 0.034346
0.754767 0.036132
0.745679 0.037927
0.736489 0.039783
0.727197 0.041690
0.717806 0.043623
0.708315 0.045556
0.698724 0.047463
0.689032 0.049314
0.679240 0.051088
0.669358 0.052861
0.659392 0.054633
0.649345 0.056373
0.639220 0.058047
0.629022 0.059622
0.618751 0.061062
0.608413 0.062341
0.598008 0.063593
0.587543 0.064834
0.577025 0.066009
0.566461 0.067066
0.555859 0.067948
0.545226 0.068600
0.534570 0.068976
0.523887 0.069250
0.513183 0.069497
0.502466 0.069709
0.491742 0.069881
0.481020 0.070006
0.470308 0.070078
0.459613 0.070086
0.448937 0.069949
0.438283 0.069668
0.427656 0.069282
0.417060 0.068828
0.406501 0.068342
0.395983 0.067862
0.385512 0.067419
0.375090 0.066971
0.364723 0.066499
0.354415 0.066001
0.344173 0.065476
0.334001 0.064922
0.323904 0.064338
0.313889 0.063722
0.303956 0.063054
0.294112 0.062337
0.284361 0.061577
0.274707 0.060784
0.265155 0.059963
0.255710 0.059124
0.246376 0.058269
0.237155 0.057381
0.228053 0.056458
0.219074 0.055505
0.210222 0.054527
0.201502 0.053528
0.192918 0.052513
0.184473 0.051484
0.176169 0.050435
0.168010 0.049364
0.160001 0.048271
0.152148 0.047156
0.144454 0.046021
0.136926 0.044867
0.129564 0.043694
0.122368 0.042498
0.115342 0.041279
0.108492 0.040039
0.101823 0.038782
0.095339 0.037508
0.089046 0.036221
0.082943 0.034924
0.077022 0.033613
0.071293 0.032287
0.065763 0.030947
0.060438 0.029594
0.055325 0.028231
0.050426 0.026859
0.045732 0.025486
0.041227 0.024111
0.036931 0.022731
0.032860 0.021342
0.029026 0.019945
0.025435 0.018543
0.022093 0.017142
0.018896 0.015761
0.015847 0.014396
0.013044 0.013032
0.010549 0.011667
0.008394 0.010305
0.006589 0.008958
0.005095 0.007628
0.003661 0.006207
0.002395 0.004798
0.001410 0.003512
0.000728 0.002410
0.000314 0.001518
0.000103 0.000840
0.000021 0.000368
0.000001 0.000091
0.000000 0.000000
0.000002 -0.000091
0.000024 -0.000368
0.000118 -0.000838
0.000357 -0.001512
0.000823 -0.002393
0.001585 -0.003467
0.002671 -0.004692
0.004036 -0.005983
0.005522 -0.007192
0.007127 -0.008288
0.009082 -0.009394
0.011394 -0.010488
0.014045 -0.011556
0.016991 -0.012586
0.020152 -0.013573
0.023426 -0.014520
0.026905 -0.015436
0.030629 -0.016319
0.034593 -0.017169
0.038785 -0.017992
0.043191 -0.018798
0.047794 -0.019604
0.052580 -0.020422
0.057569 -0.021230
0.062762 -0.022026
0.068155 -0.022811
0.073744 -0.023587
0.079524 -0.024357
0.085490 -0.025127
0.091637 -0.025901
0.097968 -0.026677
0.104480 -0.027448
0.111170 -0.028213
0.118034 -0.028965
0.125070 -0.029700
0.132272 -0.030414
0.139640 -0.031107
0.147169 -0.031791
0.154858 -0.032462
0.162702 -0.033116
0.170697 -0.033751
0.178839 -0.034362
0.187125 -0.034945
0.195549 -0.035500
0.204111 -0.036035
0.212806 -0.036551
0.221629 -0.037049
0.230576 -0.037532
0.239643 -0.038002
0.248825 -0.038463
0.258117 -0.038923
0.267517 -0.039388
0.277020 -0.039848
0.286622 -0.040292
0.296319 -0.040708
0.306106 -0.041083
0.315980 -0.041404
0.325936 -0.041675
0.335969 -0.041918
0.346077 -0.042140
0.356252 -0.042344
0.366491 -0.042536
0.376788 -0.042721
0.387139 -0.042905
0.397539 -0.043100
0.407983 -0.043316
0.418468 -0.043534
0.428988 -0.043737
0.439539 -0.043909
0.450116 -0.044032
0.460714 -0.044087
0.471330 -0.044080
0.481960 -0.044046
0.492597 -0.043990
0.503237 -0.043912
0.513872 -0.043816
0.524497 -0.043702
0.535107 -0.043573
0.545697 -0.043366
0.556266 -0.042961
0.566808 -0.042391
0.577315 -0.041694
0.587781 -0.040906
0.598199 -0.040064
0.608560 -0.039204
0.618860 -0.038297
0.629096 -0.037219
0.639263 -0.036004
0.649361 -0.034697
0.659386 -0.033337
0.669337 -0.031964
0.679211 -0.030617
0.689002 -0.029303
0.698703 -0.027952
0.708310 -0.026576
0.717821 -0.025191
0.727235 -0.023816
0.736549 -0.022468
0.745761 -0.021160
0.754867 -0.019900
0.763860 -0.018653
0.772736 -0.017427
0.781492 -0.016229
0.790125 -0.015071
0.798632 -0.013960
0.807009 -0.012905
0.815254 -0.011906
0.823361 -0.010935
0.831327 -0.009995
0.839147 -0.009098
0.846820 -0.008254
0.854340 -0.007473
0.861706 -0.006761
0.868914 -0.006124
0.875961 -0.005531
0.882844 -0.004976
0.889558 -0.004463
0.896099 -0.003996
0.902465 -0.003576
0.908652 -0.003206
0.914656 -0.002887
0.920476 -0.002607
0.926109 -0.002358
0.931552 -0.002134
0.936803 -0.001932
0.941857 -0.001746
0.946714 -0.001574
0.951369 -0.001413
0.955823 -0.001265
0.960072 -0.001131
0.964115 -0.001009
0.967949 -0.000896
0.971574 -0.000791
0.974988 -0.000693
0.978188 -0.000601
0.981174 -0.000515
0.983944 -0.000437
0.986497 -0.000366
0.988832 -0.000301
0.990947 -0.000243
0.992843 -0.000191
0.994517 -0.000146
0.995970 -0.000107
0.997200 -0.000074
0.998207 -0.000047
0.998991 -0.000027
0.999552 -0.000012
0.999888 -0.000003
1.000000 0.000000