pfcm
1.000000 0.001310
0.999889 0.001325
0.999554 0.001368
0.998997 0.001441
0.998218 0.001543
0.997216 0.001674
0.995993 0.001833
0.994548 0.002022
0.992883 0.002239
0.990998 0.002486
0.988895 0.002760
0.986573 0.003064
0.984035 0.003395
0.981280 0.003755
0.978311 0.004143
0.975129 0.004558
0.971735 0.005001
0.968130 0.005472
0.964317 0.005970
0.960297 0.006495
0.956071 0.007047
0.951642 0.007626
0.947012 0.008231
0.942182 0.008863
0.937155 0.009521
0.931934 0.010206
0.926519 0.010915
0.920915 0.011649
0.915122 0.012406
0.909144 0.013185
0.902983 0.013984
0.896642 0.014803
0.890123 0.015643
0.883430 0.016502
0.876565 0.017381
0.869532 0.018279
0.862334 0.019193
0.854973 0.020124
0.847453 0.021071
0.839778 0.022040
0.831951 0.023029
0.823975 0.024031
0.815853 0.025038
0.807588 0.026042
0.799182 0.027035
0.790639 0.028016
0.781962 0.028991
0.773157 0.029960
0.764228 0.030926
0.755179 0.031892
0.746015 0.032860
0.736739 0.033828
0.727355 0.034794
0.717867 0.035755
0.708280 0.036706
0.698597 0.037645
0.688822 0.038575
0.678961 0.039498
0.669017 0.040407
0.658995 0.041297
0.648899 0.042163
0.638732 0.043010
0.628501 0.043840
0.618209 0.044648
0.607861 0.045430
0.597462 0.046180
0.587016 0.046910
0.576528 0.047619
0.566003 0.048298
0.555445 0.048938
0.544859 0.049536
0.534250 0.050113
0.523622 0.050660
0.512980 0.051167
0.502330 0.051619
0.491675 0.052029
0.481021 0.052427
0.470373 0.052787
0.459735 0.053081
0.449114 0.053283
0.438512 0.053434
0.427935 0.053569
0.417388 0.053674
0.406876 0.053737
0.396406 0.053744
0.385979 0.053665
0.375602 0.053514
0.365280 0.053318
0.355018 0.053099
0.344820 0.052868
0.334691 0.052569
0.324634 0.052209
0.314656 0.051807
0.304761 0.051381
0.294954 0.050938
0.285237 0.050451
0.275617 0.049920
0.266096 0.049355
0.256681 0.048765
0.247376 0.048155
0.238183 0.047514
0.229107 0.046838
0.220153 0.046131
0.211324 0.045399
0.202627 0.044644
0.194064 0.043867
0.185637 0.043058
0.177351 0.042221
0.169211 0.041359
0.161220 0.040477
0.153384 0.039578
0.145705 0.038664
0.138184 0.037727
0.130825 0.036769
0.123632 0.035796
0.116609 0.034809
0.109760 0.033814
0.103087 0.032813
0.096595 0.031805
0.090285 0.030768
0.084161 0.029710
0.078228 0.028639
0.072486 0.027566
0.066934 0.026496
0.061577 0.025422
0.056422 0.024337
0.051475 0.023240
0.046735 0.022132
0.042193 0.021027
0.037858 0.019921
0.033737 0.018814
0.029837 0.017704
0.026162 0.016595
0.022709 0.015482
0.019472 0.014351
0.016463 0.013215
0.013689 0.012088
0.011151 0.010973
0.008850 0.009839
0.006782 0.008718
0.005010 0.007569
0.003619 0.006223
0.002377 0.004824
0.001403 0.003524
0.000725 0.002406
0.000314 0.001505
0.000103 0.000827
0.000021 0.000360
0.000001 0.000089
0.000000 0.000000
0.000002 -0.000089
0.000031 -0.000358
0.000150 -0.000813
0.000449 -0.001462
0.001023 -0.002297
0.001937 -0.003294
0.003183 -0.004388
0.004635 -0.005457
0.006260 -0.006344
0.008240 -0.007130
0.010431 -0.007922
0.012859 -0.008673
0.015518 -0.009399
0.018408 -0.010119
0.021525 -0.010820
0.024858 -0.011493
0.028404 -0.012143
0.032168 -0.012784
0.036149 -0.013414
0.040342 -0.014032
0.044742 -0.014638
0.049343 -0.015237
0.054144 -0.015826
0.059148 -0.016397
0.064351 -0.016954
0.069750 -0.017500
0.075340 -0.018042
0.081118 -0.018582
0.087084 -0.019113
0.093235 -0.019631
0.099567 -0.020127
0.106078 -0.020608
0.112765 -0.021085
0.119625 -0.021554
0.126654 -0.022015
0.133850 -0.022465
0.141208 -0.022901
0.148726 -0.023321
0.156400 -0.023727
0.164227 -0.024124
0.172204 -0.024509
0.180326 -0.024879
0.188591 -0.025233
0.196994 -0.025567
0.205531 -0.025882
0.214200 -0.026186
0.222995 -0.026477
0.231914 -0.026751
0.240951 -0.027005
0.250103 -0.027232
0.259366 -0.027446
0.268736 -0.027651
0.278208 -0.027841
0.287778 -0.028005
0.297442 -0.028133
0.307195 -0.028230
0.317034 -0.028321
0.326954 -0.028400
0.336950 -0.028459
0.347017 -0.028488
0.357152 -0.028481
0.367350 -0.028443
0.377606 -0.028378
0.387915 -0.028294
0.398272 -0.028197
0.408674 -0.028063
0.419114 -0.027851
0.429589 -0.027583
0.440094 -0.027282
0.450624 -0.026972
0.461173 -0.026636
0.471738 -0.026256
0.482314 -0.025843
0.492896 -0.025408
0.503480 -0.024961
0.514059 -0.024487
0.524631 -0.023986
0.535190 -0.023464
0.545732 -0.022929
0.556252 -0.022384
0.566745 -0.021821
0.577207 -0.021241
0.587633 -0.020651
0.598019 -0.020054
0.608360 -0.019452
0.618651 -0.018838
0.628888 -0.018217
0.639066 -0.017593
0.649182 -0.016970
0.659230 -0.016346
0.669206 -0.015718
0.679106 -0.015090
0.688926 -0.014470
0.698661 -0.013863
0.708308 -0.013265
0.717861 -0.012671
0.727317 -0.012088
0.736671 -0.011523
0.745921 -0.010981
0.755061 -0.010466
0.764088 -0.009964
0.772998 -0.009478
0.781786 -0.009016
0.790449 -0.008583
0.798983 -0.008185
0.807384 -0.007823
0.815649 -0.007490
0.823774 -0.007178
0.831754 -0.006882
0.839586 -0.006598
0.847267 -0.006320
0.854791 -0.006046
0.862158 -0.005781
0.869362 -0.005527
0.876402 -0.005281
0.883273 -0.005044
0.889973 -0.004816
0.896499 -0.004597
0.902847 -0.004386
0.909016 -0.004185
0.915002 -0.003992
0.920803 -0.003808
0.926416 -0.003632
0.931838 -0.003462
0.937067 -0.003298
0.942101 -0.003140
0.946938 -0.002987
0.951575 -0.002840
0.956010 -0.002699
0.960241 -0.002564
0.964267 -0.002436
0.968086 -0.002315
0.971695 -0.002200
0.975094 -0.002092
0.978281 -0.001991
0.981254 -0.001896
0.984012 -0.001808
0.986554 -0.001728
0.988879 -0.001654
0.990986 -0.001587
0.992873 -0.001527
0.994541 -0.001474
0.995987 -0.001428
0.997212 -0.001389
0.998215 -0.001357
0.998996 -0.001332
0.999554 -0.001314
0.999888 -0.001304
1.000000 -0.001300