pmc19sm
1.000000 0.000950
0.999888 0.000964
0.999551 0.001005
0.998990 0.001074
0.998204 0.001166
0.997194 0.001277
0.995959 0.001406
0.994500 0.001552
0.992818 0.001710
0.990912 0.001873
0.988784 0.002037
0.986434 0.002203
0.983863 0.002371
0.981073 0.002539
0.978065 0.002708
0.974840 0.002874
0.971400 0.003041
0.967746 0.003214
0.963880 0.003394
0.959805 0.003578
0.955521 0.003768
0.951031 0.003972
0.946337 0.004194
0.941442 0.004428
0.936347 0.004678
0.931054 0.004948
0.925568 0.005242
0.919889 0.005557
0.914020 0.005896
0.907965 0.006257
0.901725 0.006642
0.895304 0.007054
0.888705 0.007492
0.881931 0.007956
0.874985 0.008449
0.867870 0.008973
0.860589 0.009525
0.853145 0.010104
0.845543 0.010711
0.837785 0.011349
0.829875 0.012017
0.821817 0.012711
0.813614 0.013434
0.805269 0.014188
0.796787 0.014970
0.788172 0.015778
0.779426 0.016615
0.770555 0.017480
0.761562 0.018371
0.752451 0.019283
0.743225 0.020219
0.733890 0.021180
0.724448 0.022160
0.714905 0.023160
0.705264 0.024180
0.695530 0.025219
0.685707 0.026273
0.675798 0.027339
0.665809 0.028419
0.655744 0.029513
0.645607 0.030616
0.635403 0.031732
0.625136 0.032860
0.614810 0.033992
0.604430 0.035125
0.593999 0.036259
0.583524 0.037394
0.573008 0.038529
0.562456 0.039663
0.551874 0.040798
0.541264 0.041928
0.530632 0.043047
0.519981 0.044156
0.509318 0.045255
0.498646 0.046339
0.487970 0.047405
0.477295 0.048456
0.466625 0.049489
0.455965 0.050499
0.445320 0.051487
0.434694 0.052456
0.424092 0.053396
0.413518 0.054302
0.402978 0.055180
0.392475 0.056028
0.382015 0.056836
0.371601 0.057602
0.361239 0.058340
0.350934 0.059034
0.340689 0.059671
0.330509 0.060270
0.320399 0.060828
0.310364 0.061323
0.300408 0.061749
0.290535 0.062153
0.280751 0.062490
0.271060 0.062712
0.261466 0.062856
0.251974 0.062971
0.242589 0.063040
0.233317 0.063033
0.224159 0.062896
0.215123 0.062666
0.206216 0.062393
0.197440 0.062032
0.188798 0.061516
0.180300 0.060902
0.171952 0.060231
0.163755 0.059425
0.155715 0.058498
0.147841 0.057492
0.140138 0.056401
0.132605 0.055183
0.125250 0.053874
0.118082 0.052506
0.111098 0.051046
0.104303 0.049497
0.097706 0.047884
0.091313 0.046214
0.085118 0.044462
0.079129 0.042653
0.073351 0.040815
0.067785 0.038930
0.062430 0.037004
0.057283 0.035071
0.052345 0.033155
0.047617 0.031239
0.043097 0.029337
0.038786 0.027467
0.034678 0.025645
0.030774 0.023863
0.027087 0.022114
0.023625 0.020393
0.020365 0.018721
0.017324 0.017085
0.014531 0.015470
0.011981 0.013875
0.009621 0.012321
0.007525 0.010796
0.005742 0.009294
0.004189 0.007818
0.002815 0.006383
0.001761 0.005032
0.001068 0.003797
0.000622 0.002673
0.000292 0.001678
0.000101 0.000888
0.000021 0.000329
0.000001 -0.000001
0.000000 -0.000110
0.000002 -0.000219
0.000025 -0.000551
0.000118 -0.001117
0.000337 -0.001910
0.000711 -0.002870
0.001238 -0.003862
0.002175 -0.004930
0.003571 -0.006028
0.005263 -0.007022
0.007130 -0.007853
0.009351 -0.008625
0.011868 -0.009287
0.014577 -0.009794
0.017520 -0.010225
0.020706 -0.010590
0.024109 -0.010875
0.027716 -0.011090
0.031540 -0.011267
0.035575 -0.011421
0.039813 -0.011568
0.044256 -0.011702
0.048902 -0.011827
0.053747 -0.011955
0.058790 -0.012090
0.064030 -0.012224
0.069462 -0.012366
0.075085 -0.012523
0.080896 -0.012693
0.086892 -0.012878
0.093071 -0.013084
0.099430 -0.013318
0.105965 -0.013582
0.112674 -0.013879
0.119553 -0.014208
0.126599 -0.014578
0.133808 -0.014993
0.141178 -0.015452
0.148703 -0.015951
0.156381 -0.016507
0.164209 -0.017116
0.172182 -0.017764
0.180297 -0.018445
0.188551 -0.019176
0.196940 -0.019942
0.205462 -0.020727
0.214113 -0.021533
0.222889 -0.022363
0.231787 -0.023206
0.240803 -0.024048
0.249935 -0.024898
0.259177 -0.025750
0.268526 -0.026594
0.277979 -0.027424
0.287532 -0.028250
0.297179 -0.029058
0.306919 -0.029834
0.316746 -0.030585
0.326657 -0.031313
0.336646 -0.032002
0.346710 -0.032641
0.356844 -0.033253
0.367043 -0.033824
0.377303 -0.034330
0.387620 -0.034781
0.397989 -0.035201
0.408404 -0.035557
0.418860 -0.035812
0.429353 -0.036029
0.439878 -0.036210
0.450430 -0.036311
0.461003 -0.036311
0.471593 -0.036266
0.482195 -0.036192
0.492802 -0.036099
0.503411 -0.035931
0.514017 -0.035663
0.524615 -0.035341
0.535198 -0.035002
0.545764 -0.034607
0.556307 -0.034157
0.566822 -0.033671
0.577305 -0.033153
0.587750 -0.032582
0.598153 -0.031972
0.608509 -0.031334
0.618814 -0.030663
0.629063 -0.029953
0.639251 -0.029216
0.649375 -0.028462
0.659429 -0.027682
0.669410 -0.026879
0.679313 -0.026060
0.689133 -0.025227
0.698867 -0.024375
0.708510 -0.023509
0.718058 -0.022638
0.727507 -0.021764
0.736853 -0.020882
0.746092 -0.019999
0.755220 -0.019121
0.764234 -0.018246
0.773129 -0.017373
0.781901 -0.016510
0.790548 -0.015663
0.799066 -0.014832
0.807450 -0.014013
0.815697 -0.013215
0.823805 -0.012442
0.831769 -0.011693
0.839586 -0.010966
0.847252 -0.010266
0.854765 -0.009596
0.862120 -0.008953
0.869315 -0.008335
0.876346 -0.007749
0.883211 -0.007195
0.889906 -0.006671
0.896428 -0.006175
0.902774 -0.005710
0.908941 -0.005278
0.914926 -0.004870
0.920728 -0.004488
0.926342 -0.004143
0.931767 -0.003839
0.937001 -0.003561
0.942040 -0.003310
0.946883 -0.003099
0.951527 -0.002935
0.955969 -0.002806
0.960209 -0.002698
0.964243 -0.002607
0.968069 -0.002529
0.971686 -0.002470
0.975092 -0.002420
0.978286 -0.002365
0.981264 -0.002297
0.984028 -0.002214
0.986575 -0.002118
0.988902 -0.002013
0.991009 -0.001903
0.992896 -0.001774
0.994562 -0.001633
0.996006 -0.001496
0.997227 -0.001373
0.998226 -0.001263
0.999002 -0.001165
0.999557 -0.001091
0.999889 -0.001045
1.000000 -0.001030