psu-90-125wl
1.000000 0.000000
0.999887 0.000019
0.999549 0.000076
0.998986 0.000172
0.998199 0.000308
0.997188 0.000487
0.995955 0.000714
0.994501 0.000993
0.992826 0.001324
0.990933 0.001709
0.988821 0.002149
0.986493 0.002642
0.983951 0.003194
0.981196 0.003811
0.978229 0.004490
0.975050 0.005224
0.971659 0.006002
0.968054 0.006815
0.964241 0.007676
0.960221 0.008583
0.955994 0.009528
0.951560 0.010503
0.946920 0.011501
0.942075 0.012523
0.937030 0.013570
0.931786 0.014644
0.926346 0.015748
0.920713 0.016881
0.914889 0.018039
0.908877 0.019221
0.902679 0.020430
0.896299 0.021670
0.889741 0.022946
0.883007 0.024251
0.876101 0.025585
0.869024 0.026948
0.861781 0.028338
0.854374 0.029757
0.846807 0.031202
0.839082 0.032674
0.831205 0.034170
0.823177 0.035688
0.815002 0.037228
0.806684 0.038791
0.798227 0.040374
0.789633 0.041975
0.780907 0.043588
0.772051 0.045211
0.763070 0.046849
0.753968 0.048497
0.744748 0.050151
0.735414 0.051804
0.725969 0.053458
0.716419 0.055119
0.706767 0.056777
0.697016 0.058421
0.687169 0.060040
0.677231 0.061646
0.667207 0.063241
0.657099 0.064809
0.646912 0.066329
0.636647 0.067786
0.626310 0.069205
0.615906 0.070583
0.605440 0.071904
0.594917 0.073153
0.584341 0.074329
0.573715 0.075454
0.563046 0.076523
0.552341 0.077531
0.541606 0.078472
0.530844 0.079367
0.520059 0.080215
0.509259 0.081007
0.498447 0.081731
0.487631 0.082391
0.476812 0.083017
0.465998 0.083593
0.455193 0.084101
0.444403 0.084524
0.433632 0.084920
0.422885 0.085290
0.412168 0.085589
0.401485 0.085772
0.390843 0.085833
0.380245 0.085875
0.369697 0.085906
0.359203 0.085925
0.348771 0.085927
0.338402 0.085814
0.328103 0.085575
0.317879 0.085259
0.307736 0.084914
0.297677 0.084545
0.287707 0.084079
0.277831 0.083533
0.268056 0.082933
0.258386 0.082297
0.248824 0.081584
0.239375 0.080789
0.230046 0.079931
0.220841 0.079026
0.211765 0.078066
0.202819 0.077027
0.194011 0.075921
0.185347 0.074762
0.176831 0.073554
0.168464 0.072272
0.160252 0.070922
0.152201 0.069518
0.144319 0.068068
0.136602 0.066558
0.129056 0.064983
0.121689 0.063355
0.114508 0.061681
0.107514 0.059958
0.100704 0.058176
0.094089 0.056342
0.087677 0.054468
0.081472 0.052557
0.075464 0.050596
0.069665 0.048592
0.064086 0.046554
0.058734 0.044489
0.053593 0.042388
0.048671 0.040254
0.043985 0.038099
0.039546 0.035932
0.035328 0.033752
0.031335 0.031558
0.027591 0.029361
0.024111 0.027172
0.020873 0.024995
0.017850 0.022831
0.015081 0.020691
0.012592 0.018590
0.010375 0.016541
0.008325 0.014544
0.006506 0.012615
0.004977 0.010773
0.003759 0.009036
0.002770 0.007406
0.001855 0.005872
0.001115 0.004493
0.000591 0.003309
0.000268 0.002337
0.000102 0.001585
0.000037 0.001053
0.000021 0.000735
0.000020 0.000630
0.000021 0.000524
0.000036 0.000203
0.000097 -0.000344
0.000253 -0.001128
0.000554 -0.002146
0.001036 -0.003370
0.001704 -0.004724
0.002508 -0.006062
0.003650 -0.007368
0.005296 -0.008691
0.007386 -0.010013
0.009756 -0.011327
0.012193 -0.012643
0.014870 -0.013956
0.017821 -0.015254
0.021024 -0.016530
0.024442 -0.017779
0.028072 -0.019006
0.031943 -0.020212
0.036048 -0.021391
0.040372 -0.022536
0.044900 -0.023644
0.049644 -0.024728
0.054605 -0.025783
0.059775 -0.026804
0.065146 -0.027783
0.070713 -0.028723
0.076480 -0.029635
0.082445 -0.030515
0.088601 -0.031355
0.094942 -0.032149
0.101465 -0.032907
0.108172 -0.033636
0.115057 -0.034330
0.122115 -0.034981
0.129342 -0.035585
0.136735 -0.036160
0.144292 -0.036707
0.152010 -0.037216
0.159881 -0.037679
0.167904 -0.038096
0.176075 -0.038491
0.184391 -0.038859
0.192846 -0.039187
0.201438 -0.039460
0.210161 -0.039691
0.219012 -0.039916
0.227988 -0.040115
0.237084 -0.040262
0.246294 -0.040329
0.255616 -0.040344
0.265045 -0.040355
0.274577 -0.040364
0.284208 -0.040369
0.293932 -0.040369
0.303745 -0.040313
0.313644 -0.040183
0.323624 -0.040004
0.333679 -0.039800
0.343806 -0.039597
0.354000 -0.039361
0.364257 -0.039083
0.374571 -0.038772
0.384939 -0.038437
0.395354 -0.038086
0.405814 -0.037701
0.416312 -0.037281
0.426845 -0.036831
0.437407 -0.036358
0.447994 -0.035864
0.458601 -0.035341
0.469224 -0.034787
0.479857 -0.034203
0.490495 -0.033592
0.501133 -0.032952
0.511767 -0.032274
0.522392 -0.031561
0.533003 -0.030819
0.543595 -0.030053
0.554164 -0.029262
0.564704 -0.028435
0.575212 -0.027578
0.585682 -0.026702
0.596111 -0.025815
0.606495 -0.024923
0.616827 -0.024010
0.627104 -0.023084
0.637322 -0.022156
0.647477 -0.021232
0.657565 -0.020320
0.667581 -0.019410
0.677521 -0.018503
0.687379 -0.017605
0.697154 -0.016722
0.706839 -0.015856
0.716431 -0.015001
0.725926 -0.014159
0.735319 -0.013334
0.744606 -0.012530
0.753784 -0.011751
0.762849 -0.010991
0.771795 -0.010249
0.780620 -0.009529
0.789319 -0.008835
0.797889 -0.008169
0.806326 -0.007529
0.814626 -0.006910
0.822785 -0.006315
0.830799 -0.005748
0.838666 -0.005209
0.846381 -0.004697
0.853941 -0.004207
0.861343 -0.003741
0.868583 -0.003301
0.875658 -0.002891
0.882565 -0.002511
0.889300 -0.002153
0.895862 -0.001817
0.902245 -0.001505
0.908449 -0.001220
0.914469 -0.000965
0.920304 -0.000734
0.925950 -0.000518
0.931405 -0.000323
0.936666 -0.000151
0.941731 -0.000005
0.946598 0.000117
0.951264 0.000235
0.955728 0.000343
0.959987 0.000430
0.964039 0.000487
0.967883 0.000510
0.971516 0.000509
0.974938 0.000507
0.978146 0.000504
0.981139 0.000499
0.983915 0.000494
0.986474 0.000486
0.988814 0.000447
0.990934 0.000386
0.992833 0.000318
0.994510 0.000253
0.995965 0.000196
0.997197 0.000146
0.998206 0.000097
0.998991 0.000055
0.999551 0.000025
0.999888 0.000006
1.000000 0.000000