pt40
1.000000 0.001356
0.999888 0.001383
0.999552 0.001466
0.998993 0.001603
0.998210 0.001797
0.997205 0.002047
0.995978 0.002355
0.994530 0.002722
0.992861 0.003146
0.990971 0.003620
0.988858 0.004141
0.986526 0.004711
0.983974 0.005329
0.981204 0.005991
0.978216 0.006697
0.975011 0.007446
0.971591 0.008235
0.967956 0.009063
0.964109 0.009926
0.960050 0.010826
0.955780 0.011759
0.951303 0.012722
0.946618 0.013715
0.941729 0.014736
0.936637 0.015783
0.931344 0.016855
0.925852 0.017949
0.920164 0.019065
0.914283 0.020202
0.908210 0.021360
0.901949 0.022537
0.895502 0.023731
0.888872 0.024944
0.882063 0.026174
0.875077 0.027422
0.867917 0.028685
0.860586 0.029963
0.853089 0.031258
0.845428 0.032568
0.837607 0.033891
0.829628 0.035229
0.821497 0.036580
0.813216 0.037944
0.804790 0.039320
0.796221 0.040706
0.787513 0.042102
0.778672 0.043508
0.769699 0.044922
0.760600 0.046342
0.751377 0.047765
0.742036 0.049194
0.732579 0.050624
0.723012 0.052053
0.713338 0.053479
0.703562 0.054904
0.693687 0.056323
0.683718 0.057731
0.673659 0.059130
0.663514 0.060520
0.653288 0.061892
0.642985 0.063240
0.632608 0.064569
0.622163 0.065877
0.611655 0.067152
0.601086 0.068391
0.590463 0.069601
0.579789 0.070777
0.569071 0.071911
0.558311 0.073006
0.547516 0.074065
0.536690 0.075084
0.525839 0.076059
0.514967 0.076998
0.504080 0.077897
0.493182 0.078749
0.482278 0.079558
0.471373 0.080331
0.460472 0.081053
0.449581 0.081715
0.438703 0.082341
0.427845 0.082916
0.417010 0.083418
0.406204 0.083865
0.395432 0.084274
0.384699 0.084606
0.374011 0.084837
0.363371 0.085039
0.352786 0.085191
0.342260 0.085252
0.331799 0.085224
0.321407 0.085149
0.311090 0.085044
0.300853 0.084908
0.290699 0.084666
0.280635 0.084351
0.270665 0.084007
0.260793 0.083620
0.251024 0.083169
0.241363 0.082675
0.231815 0.082149
0.222382 0.081569
0.213071 0.080941
0.203886 0.080275
0.194830 0.079563
0.185909 0.078798
0.177128 0.077986
0.168491 0.077125
0.160001 0.076205
0.151665 0.075226
0.143490 0.074189
0.135475 0.073082
0.127627 0.071902
0.119959 0.070653
0.112468 0.069322
0.105158 0.067901
0.098045 0.066396
0.091135 0.064803
0.084421 0.063099
0.077920 0.061301
0.071649 0.059420
0.065596 0.057421
0.059769 0.055330
0.054180 0.053188
0.048823 0.050977
0.043699 0.048701
0.038812 0.046401
0.034143 0.044108
0.029696 0.041800
0.025537 0.039437
0.021653 0.037006
0.017992 0.034520
0.014728 0.031949
0.011932 0.029264
0.009414 0.026438
0.007266 0.023585
0.005576 0.020803
0.004224 0.018098
0.003054 0.015458
0.002115 0.012952
0.001427 0.010629
0.000984 0.008520
0.000681 0.006614
0.000434 0.004902
0.000250 0.003405
0.000127 0.002135
0.000054 0.001097
0.000018 0.000293
0.000004 -0.000280
0.000000 -0.000622
0.000000 -0.000736
0.000000 -0.000850
0.000004 -0.001192
0.000018 -0.001762
0.000054 -0.002561
0.000127 -0.003589
0.000250 -0.004842
0.000434 -0.006314
0.000683 -0.007996
0.000988 -0.009868
0.001447 -0.011942
0.002168 -0.014226
0.003153 -0.016682
0.004376 -0.019255
0.005782 -0.021870
0.007567 -0.024577
0.009808 -0.027332
0.012418 -0.029972
0.015355 -0.032401
0.018811 -0.034765
0.022679 -0.036800
0.026848 -0.038301
0.031437 -0.039621
0.036338 -0.040523
0.041421 -0.040829
0.046750 -0.041022
0.052297 -0.041127
0.058017 -0.041094
0.063923 -0.040855
0.070018 -0.040510
0.076297 -0.040182
0.082758 -0.039831
0.089399 -0.039455
0.096218 -0.039091
0.103212 -0.038747
0.110379 -0.038410
0.117715 -0.038079
0.125216 -0.037755
0.132880 -0.037440
0.140702 -0.037128
0.148678 -0.036811
0.156806 -0.036492
0.165082 -0.036172
0.173502 -0.035845
0.182061 -0.035511
0.190757 -0.035171
0.199586 -0.034824
0.208542 -0.034470
0.217624 -0.034108
0.226825 -0.033738
0.236143 -0.033362
0.245573 -0.032978
0.255111 -0.032588
0.264753 -0.032191
0.274494 -0.031788
0.284331 -0.031378
0.294258 -0.030963
0.304271 -0.030544
0.314367 -0.030121
0.324540 -0.029693
0.334786 -0.029262
0.345100 -0.028828
0.355478 -0.028392
0.365916 -0.027953
0.376408 -0.027512
0.386949 -0.027070
0.397537 -0.026627
0.408164 -0.026182
0.418828 -0.025736
0.429522 -0.025289
0.440243 -0.024841
0.450986 -0.024393
0.461745 -0.023943
0.472516 -0.023493
0.483294 -0.023043
0.494075 -0.022592
0.504853 -0.022141
0.515625 -0.021691
0.526384 -0.021239
0.537126 -0.020788
0.547847 -0.020337
0.558541 -0.019886
0.569204 -0.019435
0.579832 -0.018985
0.590419 -0.018536
0.600961 -0.018089
0.611452 -0.017643
0.621889 -0.017198
0.632267 -0.016756
0.642581 -0.016315
0.652827 -0.015878
0.663000 -0.015443
0.673095 -0.015011
0.683108 -0.014583
0.693035 -0.014158
0.702871 -0.013738
0.712611 -0.013322
0.722253 -0.012910
0.731790 -0.012504
0.741219 -0.012102
0.750536 -0.011706
0.759737 -0.011315
0.768817 -0.010931
0.777773 -0.010552
0.786600 -0.010179
0.795295 -0.009814
0.803854 -0.009455
0.812272 -0.009102
0.820547 -0.008757
0.828674 -0.008419
0.836651 -0.008088
0.844472 -0.007764
0.852135 -0.007447
0.859637 -0.007139
0.866974 -0.006838
0.874143 -0.006545
0.881141 -0.006259
0.887964 -0.005981
0.894609 -0.005710
0.901074 -0.005447
0.907356 -0.005192
0.913452 -0.004944
0.919358 -0.004705
0.925074 -0.004472
0.930595 -0.004248
0.935920 -0.004031
0.941046 -0.003822
0.945971 -0.003621
0.950692 -0.003427
0.955208 -0.003240
0.959517 -0.003062
0.963617 -0.002891
0.967505 -0.002729
0.971180 -0.002575
0.974641 -0.002429
0.977886 -0.002291
0.980913 -0.002163
0.983721 -0.002043
0.986310 -0.001933
0.988677 -0.001831
0.990822 -0.001740
0.992744 -0.001658
0.994441 -0.001585
0.995914 -0.001522
0.997161 -0.001469
0.998183 -0.001426
0.998977 -0.001392
0.999545 -0.001367
0.999886 -0.001353
1.000000 -0.001348