daytonwright6
1.000000 0.005700
0.999891 0.005741
0.999563 0.005863
0.999017 0.006066
0.998252 0.006350
0.997269 0.006714
0.996069 0.007158
0.994650 0.007680
0.993015 0.008279
0.991162 0.008954
0.989093 0.009704
0.986809 0.010528
0.984309 0.011422
0.981594 0.012385
0.978665 0.013416
0.975522 0.014511
0.972168 0.015669
0.968601 0.016886
0.964824 0.018159
0.960837 0.019486
0.956642 0.020862
0.952238 0.022285
0.947629 0.023751
0.942811 0.025254
0.937787 0.026794
0.932559 0.028368
0.927129 0.029976
0.921502 0.031617
0.915679 0.033290
0.909665 0.034996
0.903463 0.036735
0.897079 0.038509
0.890510 0.040313
0.883760 0.042143
0.876831 0.044000
0.869726 0.045883
0.862450 0.047792
0.855005 0.049727
0.847395 0.051689
0.839625 0.053678
0.831698 0.055695
0.823619 0.057741
0.815392 0.059819
0.807022 0.061929
0.798513 0.064075
0.789871 0.066268
0.781098 0.068506
0.772198 0.070780
0.763172 0.073080
0.754022 0.075396
0.744751 0.077715
0.735361 0.080026
0.725854 0.082316
0.716232 0.084570
0.706497 0.086776
0.696651 0.088921
0.686699 0.091029
0.676647 0.093110
0.666499 0.095163
0.656263 0.097185
0.645943 0.099177
0.635546 0.101137
0.625077 0.103064
0.614542 0.104958
0.603948 0.106818
0.593300 0.108646
0.582597 0.110448
0.571845 0.112223
0.561049 0.113966
0.550214 0.115675
0.539346 0.117346
0.528450 0.118975
0.517532 0.120560
0.506597 0.122098
0.495651 0.123592
0.484698 0.125109
0.473743 0.126637
0.462790 0.128147
0.451843 0.129609
0.440906 0.130993
0.429985 0.132270
0.419083 0.133411
0.408206 0.134387
0.397356 0.135179
0.386535 0.135914
0.375749 0.136636
0.365005 0.137323
0.354310 0.137957
0.343672 0.138519
0.333097 0.138991
0.322594 0.139355
0.312168 0.139596
0.301826 0.139698
0.291567 0.139646
0.281385 0.139443
0.271288 0.139107
0.261287 0.138655
0.251392 0.138102
0.241611 0.137464
0.231953 0.136756
0.222428 0.135993
0.213042 0.135188
0.203804 0.134353
0.194716 0.133427
0.185767 0.132136
0.176972 0.130543
0.168344 0.128746
0.159897 0.126834
0.151643 0.124890
0.143581 0.122902
0.135693 0.120743
0.127990 0.118444
0.120482 0.116041
0.113178 0.113565
0.106085 0.111044
0.099210 0.108502
0.092553 0.105848
0.086122 0.103058
0.079926 0.100190
0.073975 0.097292
0.068234 0.094364
0.062711 0.091394
0.057435 0.088388
0.052431 0.085351
0.047709 0.082288
0.043219 0.079189
0.038960 0.076080
0.034936 0.072990
0.031150 0.069945
0.027603 0.066966
0.024289 0.064072
0.021138 0.061252
0.018199 0.058491
0.015549 0.055785
0.013240 0.053135
0.011195 0.050533
0.009142 0.047961
0.007191 0.045478
0.005439 0.043135
0.003941 0.040965
0.002721 0.038992
0.001774 0.037231
0.001079 0.035688
0.000601 0.034364
0.000297 0.033257
0.000124 0.032362
0.000040 0.031674
0.000008 0.031187
0.000001 0.030896
0.000000 0.030800
0.000001 0.030704
0.000009 0.030412
0.000045 0.029920
0.000139 0.029220
0.000332 0.028303
0.000671 0.027162
0.001205 0.025795
0.001980 0.024208
0.003034 0.022421
0.004392 0.020472
0.006054 0.018422
0.007995 0.016361
0.010149 0.014417
0.012404 0.012761
0.014995 0.011409
0.018232 0.010204
0.021903 0.009123
0.025695 0.008117
0.029611 0.007122
0.033765 0.006141
0.038149 0.005202
0.042754 0.004342
0.047570 0.003603
0.052585 0.003013
0.057817 0.002490
0.063262 0.002026
0.068909 0.001629
0.074743 0.001312
0.080761 0.001036
0.086968 0.000777
0.093359 0.000580
0.099928 0.000500
0.106672 0.000505
0.113589 0.000518
0.120677 0.000541
0.127931 0.000572
0.135348 0.000610
0.142925 0.000654
0.150657 0.000705
0.158542 0.000793
0.166576 0.000933
0.174755 0.001111
0.183076 0.001311
0.191536 0.001515
0.200130 0.001703
0.208856 0.001883
0.217708 0.002076
0.226684 0.002278
0.235778 0.002486
0.244988 0.002695
0.254309 0.002902
0.263736 0.003101
0.273267 0.003288
0.282896 0.003459
0.292619 0.003607
0.302433 0.003728
0.312332 0.003842
0.322312 0.003956
0.332370 0.004066
0.342500 0.004171
0.352697 0.004267
0.362958 0.004351
0.373277 0.004419
0.383650 0.004468
0.394072 0.004496
0.404538 0.004494
0.415045 0.004437
0.425586 0.004329
0.436158 0.004179
0.446756 0.003997
0.457376 0.003796
0.468012 0.003584
0.478659 0.003374
0.489314 0.003176
0.499971 0.003000
0.510626 0.002839
0.521274 0.002675
0.531910 0.002510
0.542529 0.002345
0.553128 0.002181
0.563700 0.002020
0.574241 0.001863
0.584747 0.001711
0.595213 0.001565
0.605635 0.001422
0.616007 0.001267
0.626325 0.001104
0.636585 0.000940
0.646782 0.000781
0.656911 0.000636
0.666968 0.000509
0.676949 0.000407
0.686848 0.000337
0.696662 0.000302
0.706387 0.000300
0.716017 0.000300
0.725550 0.000300
0.734979 0.000300
0.744302 0.000300
0.753514 0.000300
0.762611 0.000300
0.771588 0.000300
0.780443 0.000300
0.789170 0.000300
0.797767 0.000300
0.806228 0.000306
0.814551 0.000330
0.822732 0.000371
0.830767 0.000425
0.838652 0.000490
0.846385 0.000564
0.853961 0.000644
0.861377 0.000728
0.868630 0.000814
0.875717 0.000901
0.882635 0.000987
0.889380 0.001071
0.895949 0.001151
0.902340 0.001228
0.908551 0.001300
0.914579 0.001372
0.920420 0.001446
0.926072 0.001526
0.931531 0.001611
0.936794 0.001704
0.941859 0.001806
0.946723 0.001917
0.951385 0.002039
0.955843 0.002197
0.960095 0.002393
0.964139 0.002616
0.967975 0.002858
0.971600 0.003111
0.975012 0.003371
0.978211 0.003630
0.981195 0.003885
0.983963 0.004131
0.986514 0.004366
0.988847 0.004586
0.990960 0.004790
0.992853 0.004976
0.994525 0.005143
0.995976 0.005289
0.997205 0.005413
0.998210 0.005516
0.998993 0.005596
0.999552 0.005654
0.999888 0.005688
1.000000 0.005700