defcnd3
1.000000 0.000000
0.999893 0.000043
0.999570 0.000174
0.999028 0.000377
0.998259 0.000575
0.997246 0.000725
0.995988 0.000853
0.994497 0.000992
0.992802 0.001236
0.990906 0.001639
0.988802 0.002178
0.986483 0.002794
0.983938 0.003406
0.981174 0.004056
0.978194 0.004751
0.974999 0.005493
0.971591 0.006286
0.967973 0.007133
0.964143 0.008016
0.960096 0.008906
0.955833 0.009793
0.951356 0.010690
0.946668 0.011591
0.941773 0.012493
0.936670 0.013390
0.931362 0.014284
0.925854 0.015186
0.920151 0.016106
0.914252 0.017034
0.908162 0.017971
0.901884 0.018923
0.895422 0.019892
0.888776 0.020873
0.881951 0.021867
0.874951 0.022877
0.867777 0.023903
0.860434 0.024942
0.852924 0.025995
0.845252 0.027064
0.837420 0.028149
0.829433 0.029248
0.821293 0.030360
0.813004 0.031486
0.804570 0.032622
0.795995 0.033771
0.787283 0.034932
0.778437 0.036106
0.769462 0.037293
0.760361 0.038490
0.751139 0.039696
0.741799 0.040911
0.732345 0.042133
0.722783 0.043362
0.713115 0.044595
0.703346 0.045834
0.693481 0.047077
0.683523 0.048323
0.673478 0.049568
0.663349 0.050813
0.653141 0.052059
0.642858 0.053301
0.632505 0.054538
0.622087 0.055774
0.611608 0.057002
0.601072 0.058221
0.590484 0.059428
0.579849 0.060626
0.569171 0.061810
0.558455 0.062975
0.547706 0.064124
0.536927 0.065256
0.526125 0.066365
0.515303 0.067449
0.504467 0.068514
0.493621 0.069555
0.482770 0.070562
0.471918 0.071535
0.461071 0.072481
0.450233 0.073392
0.439409 0.074258
0.428603 0.075086
0.417821 0.075881
0.407067 0.076627
0.396347 0.077315
0.385664 0.077966
0.375024 0.078572
0.364431 0.079112
0.353892 0.079587
0.343409 0.080035
0.332989 0.080417
0.322636 0.080692
0.312355 0.080895
0.302150 0.081069
0.292028 0.081179
0.281993 0.081193
0.272050 0.081101
0.262204 0.080935
0.252459 0.080732
0.242823 0.080480
0.233298 0.080110
0.223888 0.079676
0.214597 0.079236
0.205427 0.078794
0.196385 0.078317
0.187478 0.077781
0.178713 0.077158
0.170089 0.076422
0.161617 0.075586
0.153307 0.074666
0.145160 0.073618
0.137180 0.072428
0.129376 0.071139
0.121758 0.069771
0.114322 0.068269
0.107075 0.066666
0.100024 0.065005
0.093169 0.063269
0.086512 0.061450
0.080056 0.059584
0.073802 0.057697
0.067747 0.055773
0.061904 0.053806
0.056287 0.051796
0.050880 0.049748
0.045698 0.047651
0.040771 0.045495
0.036095 0.043271
0.031656 0.040980
0.027498 0.038630
0.023633 0.036229
0.020002 0.033766
0.016688 0.031252
0.013758 0.028694
0.011129 0.026058
0.008795 0.023406
0.006780 0.020819
0.004955 0.018325
0.003293 0.015907
0.002084 0.013590
0.001447 0.011396
0.001012 0.009299
0.000667 0.007353
0.000409 0.005608
0.000229 0.004092
0.000114 0.002818
0.000048 0.001788
0.000015 0.000998
0.000003 0.000441
0.000000 0.000110
0.000000 0.000000
0.000001 -0.000110
0.000018 -0.000444
0.000089 -0.001010
0.000265 -0.001812
0.000594 -0.002827
0.001099 -0.003986
0.001756 -0.005141
0.002860 -0.006261
0.004513 -0.007368
0.006442 -0.008450
0.008495 -0.009511
0.010839 -0.010546
0.013435 -0.011561
0.016236 -0.012575
0.019273 -0.013582
0.022545 -0.014571
0.026036 -0.015534
0.029748 -0.016476
0.033686 -0.017397
0.037842 -0.018287
0.042207 -0.019138
0.046788 -0.019961
0.051579 -0.020754
0.056575 -0.021513
0.061770 -0.022241
0.067167 -0.022942
0.072761 -0.023616
0.078546 -0.024261
0.084521 -0.024883
0.090684 -0.025481
0.097030 -0.026056
0.103556 -0.026608
0.110259 -0.027140
0.117137 -0.027653
0.124186 -0.028143
0.131401 -0.028612
0.138781 -0.029064
0.146322 -0.029496
0.154020 -0.029906
0.161871 -0.030298
0.169872 -0.030674
0.178020 -0.031029
0.186311 -0.031362
0.194740 -0.031677
0.203305 -0.031976
0.212001 -0.032253
0.220824 -0.032509
0.229771 -0.032758
0.238836 -0.032986
0.248018 -0.033175
0.257310 -0.033332
0.266709 -0.033484
0.276212 -0.033600
0.285812 -0.033645
0.295507 -0.033628
0.305291 -0.033582
0.315160 -0.033515
0.325110 -0.033434
0.335135 -0.033287
0.345232 -0.033075
0.355395 -0.032829
0.365620 -0.032570
0.375903 -0.032269
0.386239 -0.031930
0.396623 -0.031568
0.407050 -0.031189
0.417517 -0.030779
0.428018 -0.030346
0.438549 -0.029901
0.449106 -0.029446
0.459683 -0.028974
0.470276 -0.028491
0.480881 -0.028004
0.491493 -0.027512
0.502107 -0.027013
0.512718 -0.026506
0.523321 -0.025992
0.533913 -0.025471
0.544487 -0.024943
0.555040 -0.024406
0.565566 -0.023859
0.576062 -0.023304
0.586521 -0.022740
0.596940 -0.022167
0.607314 -0.021583
0.617638 -0.020990
0.627907 -0.020387
0.638118 -0.019773
0.648264 -0.019147
0.658342 -0.018509
0.668348 -0.017864
0.678278 -0.017220
0.688125 -0.016569
0.697888 -0.015914
0.707561 -0.015270
0.717142 -0.014649
0.726625 -0.014033
0.736006 -0.013434
0.745283 -0.012877
0.754452 -0.012384
0.763510 -0.011946
0.772451 -0.011538
0.781269 -0.011134
0.789959 -0.010718
0.798519 -0.010303
0.806944 -0.009894
0.815232 -0.009493
0.823378 -0.009097
0.831379 -0.008704
0.839231 -0.008328
0.846931 -0.007978
0.854479 -0.007678
0.861868 -0.007405
0.869093 -0.007114
0.876148 -0.006766
0.883029 -0.006297
0.889735 -0.005780
0.896268 -0.005310
0.902629 -0.004961
0.908813 -0.004691
0.914817 -0.004453
0.920634 -0.004212
0.926260 -0.003947
0.931695 -0.003671
0.936935 -0.003396
0.941980 -0.003131
0.946827 -0.002876
0.951474 -0.002626
0.955919 -0.002392
0.960160 -0.002179
0.964196 -0.001994
0.968025 -0.001828
0.971644 -0.001668
0.975051 -0.001505
0.978245 -0.001341
0.981224 -0.001181
0.983988 -0.001026
0.986535 -0.000878
0.988864 -0.000733
0.990973 -0.000597
0.992864 -0.000474
0.994533 -0.000365
0.995982 -0.000269
0.997208 -0.000187
0.998213 -0.000120
0.998994 -0.000067
0.999553 -0.000030
0.999888 -0.000008
1.000000 -0.000000