drgnfly
1.000000 0.000000
0.999885 0.000032
0.999540 0.000126
0.998965 0.000284
0.998160 0.000505
0.997127 0.000789
0.995864 0.001135
0.994373 0.001545
0.992655 0.002018
0.990710 0.002553
0.988540 0.003150
0.986144 0.003810
0.983525 0.004532
0.980683 0.005316
0.977620 0.006162
0.974338 0.007070
0.970837 0.008040
0.967119 0.009071
0.963187 0.010163
0.959041 0.011316
0.954685 0.012529
0.950119 0.013803
0.945346 0.015137
0.940368 0.016531
0.935188 0.017984
0.929808 0.019497
0.924230 0.021068
0.918457 0.022698
0.912492 0.024386
0.906337 0.026133
0.899995 0.027936
0.893469 0.029797
0.886763 0.031714
0.879879 0.033687
0.872820 0.035716
0.865590 0.037799
0.858192 0.039937
0.850629 0.042129
0.842905 0.044375
0.835024 0.046674
0.826990 0.049027
0.818806 0.051434
0.810477 0.053896
0.802007 0.056415
0.793401 0.058991
0.784663 0.061626
0.775798 0.064322
0.766811 0.067080
0.757707 0.069901
0.748491 0.072787
0.739168 0.075740
0.729743 0.078763
0.720221 0.081855
0.710608 0.085019
0.700906 0.088245
0.691119 0.091534
0.681249 0.094873
0.671300 0.098261
0.661272 0.101687
0.651170 0.105146
0.640995 0.108628
0.630750 0.112129
0.620437 0.115638
0.610057 0.119142
0.599610 0.122628
0.589095 0.126074
0.578514 0.129468
0.567863 0.132784
0.557145 0.136009
0.546359 0.139121
0.535507 0.142097
0.524591 0.144925
0.513614 0.147578
0.502579 0.150035
0.491492 0.152291
0.480360 0.154328
0.469194 0.156139
0.458000 0.157728
0.446787 0.159086
0.435567 0.160191
0.424346 0.161048
0.413137 0.161674
0.401950 0.162027
0.390796 0.162157
0.379683 0.162062
0.368622 0.161805
0.357620 0.161305
0.346685 0.160613
0.335827 0.159748
0.325051 0.158696
0.314366 0.157466
0.303780 0.156073
0.293299 0.154508
0.282930 0.152787
0.272680 0.150916
0.262555 0.148893
0.252561 0.146736
0.242703 0.144444
0.232988 0.142027
0.223420 0.139493
0.214005 0.136843
0.204748 0.134092
0.195653 0.131240
0.186725 0.128297
0.177969 0.125267
0.169388 0.122158
0.160987 0.118976
0.152769 0.115727
0.144739 0.112418
0.136899 0.109053
0.129255 0.105641
0.121807 0.102184
0.114562 0.098692
0.107520 0.095166
0.100688 0.091615
0.094065 0.088040
0.087659 0.084450
0.081469 0.080846
0.075502 0.077236
0.069757 0.073623
0.064239 0.070015
0.058947 0.066417
0.053886 0.062837
0.049055 0.059281
0.044455 0.055755
0.040088 0.052267
0.035955 0.048822
0.032054 0.045429
0.028389 0.042095
0.024956 0.038824
0.021760 0.035625
0.018800 0.032502
0.016076 0.029462
0.013588 0.026515
0.011332 0.023667
0.009304 0.020930
0.007500 0.018314
0.005915 0.015829
0.004542 0.013484
0.003374 0.011291
0.002400 0.009261
0.001614 0.007402
0.001012 0.005725
0.000579 0.004241
0.000283 0.002963
0.000128 0.001904
0.000049 0.001065
0.000011 0.000468
0.000001 0.000116
0.000000 0.000000
0.000001 -0.000115
0.000011 -0.000458
0.000049 -0.001020
0.000133 -0.001796
0.000285 -0.002788
0.000609 -0.003985
0.001096 -0.005355
0.001814 -0.006873
0.002794 -0.008505
0.004065 -0.010205
0.005669 -0.011910
0.007635 -0.013547
0.009968 -0.015053
0.012649 -0.016384
0.015647 -0.017528
0.018930 -0.018503
0.022463 -0.019353
0.026224 -0.020150
0.030202 -0.020933
0.034390 -0.021718
0.038787 -0.022497
0.043394 -0.023250
0.048211 -0.023969
0.053235 -0.024638
0.058464 -0.025263
0.063892 -0.025838
0.069519 -0.026372
0.075337 -0.026876
0.081345 -0.027360
0.087540 -0.027821
0.093917 -0.028261
0.100475 -0.028681
0.107210 -0.029075
0.114119 -0.029445
0.121200 -0.029790
0.128447 -0.030108
0.135860 -0.030403
0.143432 -0.030676
0.151162 -0.030930
0.159046 -0.031164
0.167079 -0.031378
0.175260 -0.031573
0.183582 -0.031749
0.192044 -0.031908
0.200641 -0.032046
0.209369 -0.032168
0.218224 -0.032270
0.227203 -0.032356
0.236301 -0.032424
0.245515 -0.032474
0.254839 -0.032506
0.264270 -0.032508
0.273804 -0.032507
0.283437 -0.032492
0.293163 -0.032445
0.302979 -0.032386
0.312881 -0.032304
0.322863 -0.032207
0.332922 -0.032090
0.343053 -0.031956
0.353251 -0.031803
0.363512 -0.031632
0.373831 -0.031440
0.384204 -0.031225
0.394626 -0.030983
0.405091 -0.030711
0.415596 -0.030409
0.426135 -0.030075
0.436704 -0.029714
0.447299 -0.029324
0.457913 -0.028911
0.468543 -0.028473
0.479184 -0.028018
0.489832 -0.027544
0.500481 -0.027060
0.511128 -0.026564
0.521767 -0.026061
0.532394 -0.025549
0.543004 -0.025030
0.553592 -0.024505
0.564154 -0.023975
0.574685 -0.023440
0.585180 -0.022901
0.595635 -0.022360
0.606045 -0.021818
0.616406 -0.021277
0.626713 -0.020738
0.636961 -0.020200
0.647147 -0.019665
0.657265 -0.019134
0.667310 -0.018607
0.677280 -0.018087
0.687168 -0.017572
0.696971 -0.017064
0.706685 -0.016563
0.716305 -0.016069
0.725826 -0.015583
0.735245 -0.015105
0.744558 -0.014635
0.753760 -0.014173
0.762847 -0.013721
0.771815 -0.013277
0.780660 -0.012842
0.789379 -0.012417
0.797967 -0.012001
0.806420 -0.011594
0.814735 -0.011197
0.822909 -0.010811
0.830936 -0.010435
0.838815 -0.010071
0.846541 -0.009718
0.854111 -0.009375
0.861522 -0.009044
0.868769 -0.008718
0.875850 -0.008397
0.882762 -0.008081
0.889501 -0.007764
0.896065 -0.007446
0.902450 -0.007128
0.908653 -0.006806
0.914671 -0.006482
0.920503 -0.006156
0.926145 -0.005827
0.931594 -0.005497
0.936849 -0.005165
0.941906 -0.004833
0.946765 -0.004502
0.951422 -0.004172
0.955876 -0.003845
0.960124 -0.003523
0.964165 -0.003209
0.967998 -0.002901
0.971620 -0.002602
0.975030 -0.002313
0.978227 -0.002038
0.981209 -0.001775
0.983975 -0.001526
0.986524 -0.001293
0.988855 -0.001076
0.990967 -0.000878
0.992858 -0.000699
0.994529 -0.000539
0.995979 -0.000398
0.997207 -0.000277
0.998212 -0.000178
0.998994 -0.000100
0.999553 -0.000045
0.999888 -0.000011
1.000000 0.000000