ua79sfm
0.811700 0.060300
0.811612 0.060335
0.811347 0.060439
0.810905 0.060613
0.810287 0.060855
0.809492 0.061164
0.808520 0.061539
0.807371 0.061977
0.806045 0.062478
0.804543 0.063046
0.802868 0.063682
0.801023 0.064392
0.799007 0.065172
0.796821 0.066022
0.794466 0.066942
0.791943 0.067932
0.789254 0.068992
0.786403 0.070129
0.783389 0.071338
0.780212 0.072614
0.776870 0.073948
0.773360 0.075328
0.769683 0.076753
0.765843 0.078225
0.761843 0.079750
0.757687 0.081334
0.753382 0.082984
0.748935 0.084722
0.744347 0.086542
0.739611 0.088415
0.734717 0.090305
0.729654 0.092168
0.724416 0.093990
0.719013 0.095801
0.713451 0.097603
0.707736 0.099397
0.701875 0.101187
0.695876 0.102991
0.689737 0.104830
0.683457 0.106659
0.677031 0.108425
0.670455 0.110072
0.663723 0.111565
0.656835 0.112960
0.649805 0.114281
0.642647 0.115551
0.635376 0.116798
0.628003 0.118056
0.620521 0.119324
0.612930 0.120560
0.605233 0.121713
0.597430 0.122733
0.589521 0.123611
0.581509 0.124414
0.573403 0.125150
0.565211 0.125823
0.556942 0.126440
0.548601 0.127024
0.540186 0.127588
0.531703 0.128106
0.523157 0.128552
0.514551 0.128898
0.505890 0.129187
0.497176 0.129461
0.488414 0.129692
0.479610 0.129848
0.470769 0.129900
0.461894 0.129860
0.452988 0.129762
0.444056 0.129621
0.435103 0.129450
0.426135 0.129263
0.417154 0.129002
0.408163 0.128648
0.399169 0.128223
0.390177 0.127749
0.381192 0.127242
0.372218 0.126645
0.363257 0.125953
0.354315 0.125190
0.345396 0.124383
0.336506 0.123548
0.327645 0.122653
0.318819 0.121692
0.310033 0.120674
0.301294 0.119605
0.292606 0.118487
0.283971 0.117296
0.275392 0.116037
0.266876 0.114723
0.258428 0.113365
0.250050 0.111967
0.241743 0.110511
0.233515 0.109000
0.225371 0.107433
0.217319 0.105814
0.209363 0.104134
0.201501 0.102383
0.193740 0.100572
0.186085 0.098712
0.178541 0.096813
0.171109 0.094871
0.163790 0.092875
0.156590 0.090833
0.149515 0.088751
0.142572 0.086637
0.135757 0.084486
0.129072 0.082294
0.122525 0.080064
0.116125 0.077801
0.109877 0.075507
0.103778 0.073172
0.097829 0.070800
0.092035 0.068401
0.086402 0.065987
0.080933 0.063565
0.075615 0.061136
0.070457 0.058695
0.065472 0.056240
0.060673 0.053772
0.056065 0.051289
0.051630 0.048785
0.047374 0.046273
0.043303 0.043765
0.039423 0.041274
0.035731 0.038811
0.032191 0.036382
0.028829 0.033978
0.025674 0.031595
0.022748 0.029230
0.020058 0.026882
0.017556 0.024544
0.015242 0.022240
0.013121 0.019995
0.011198 0.017829
0.009468 0.015761
0.007893 0.013789
0.006457 0.011912
0.005184 0.010142
0.004082 0.008489
0.003152 0.006962
0.002385 0.005572
0.001672 0.004258
0.001031 0.003054
0.000550 0.002042
0.000243 0.001251
0.000081 0.000673
0.000017 0.000288
0.000001 0.000070
0.000000 0.000000
0.000001 -0.000069
0.000020 -0.000275
0.000099 -0.000607
0.000295 -0.001053
0.000661 -0.001597
0.001219 -0.002224
0.001930 -0.002921
0.002669 -0.003686
0.003517 -0.004519
0.004532 -0.005409
0.005715 -0.006343
0.007061 -0.007311
0.008549 -0.008299
0.010152 -0.009298
0.011910 -0.010310
0.013836 -0.011332
0.015923 -0.012360
0.018161 -0.013389
0.020533 -0.014419
0.023030 -0.015449
0.025676 -0.016475
0.028469 -0.017497
0.031404 -0.018514
0.034473 -0.019531
0.037663 -0.020552
0.040979 -0.021578
0.044427 -0.022604
0.048003 -0.023627
0.051705 -0.024643
0.055529 -0.025649
0.059472 -0.026640
0.063535 -0.027617
0.067719 -0.028582
0.072020 -0.029536
0.076433 -0.030482
0.080954 -0.031423
0.085579 -0.032362
0.090309 -0.033299
0.095143 -0.034230
0.100079 -0.035150
0.105113 -0.036055
0.110243 -0.036940
0.115468 -0.037803
0.120787 -0.038650
0.126196 -0.039482
0.131692 -0.040297
0.137272 -0.041096
0.142931 -0.041877
0.148669 -0.042644
0.154484 -0.043398
0.160373 -0.044137
0.166332 -0.044858
0.172359 -0.045559
0.178450 -0.046238
0.184604 -0.046898
0.190817 -0.047542
0.197088 -0.048169
0.203412 -0.048777
0.209787 -0.049366
0.216209 -0.049936
0.222675 -0.050491
0.229184 -0.051035
0.235731 -0.051563
0.242315 -0.052070
0.248931 -0.052550
0.255578 -0.052999
0.262251 -0.053418
0.268950 -0.053817
0.275669 -0.054196
0.282406 -0.054557
0.289158 -0.054902
0.295920 -0.055234
0.302690 -0.055557
0.309465 -0.055877
0.316243 -0.056186
0.323019 -0.056479
0.329792 -0.056748
0.336558 -0.056986
0.343314 -0.057192
0.350057 -0.057387
0.356785 -0.057571
0.363494 -0.057739
0.370180 -0.057886
0.376841 -0.058006
0.383474 -0.058095
0.390076 -0.058164
0.396643 -0.058229
0.403174 -0.058287
0.409665 -0.058335
0.416112 -0.058372
0.422514 -0.058394
0.428866 -0.058399
0.435167 -0.058370
0.441414 -0.058304
0.447603 -0.058209
0.453733 -0.058093
0.459799 -0.057964
0.465799 -0.057829
0.471731 -0.057695
0.477592 -0.057547
0.483379 -0.057374
0.489091 -0.057180
0.494723 -0.056967
0.500274 -0.056741
0.505741 -0.056503
0.511121 -0.056259
0.516411 -0.056008
0.521610 -0.055737
0.526717 -0.055447
0.531727 -0.055141
0.536640 -0.054821
0.541452 -0.054491
0.546161 -0.054153
0.550765 -0.053810
0.555261 -0.053465
0.559650 -0.053120
0.563932 -0.052772
0.568103 -0.052421
0.572161 -0.052064
0.576101 -0.051700
0.579922 -0.051328
0.583620 -0.050948
0.587195 -0.050559
0.590643 -0.050163
0.593963 -0.049759
0.597153 -0.049348
0.600215 -0.048921
0.603147 -0.048479
0.605949 -0.048029
0.608620 -0.047576
0.611159 -0.047124
0.613565 -0.046678
0.615838 -0.046242
0.617976 -0.045818
0.619980 -0.045411
0.621848 -0.045021
0.623580 -0.044653
0.625176 -0.044308
0.626634 -0.043988
0.627955 -0.043694
0.629138 -0.043428
0.630182 -0.043190
0.631088 -0.042983
0.631855 -0.042806
0.632483 -0.042661
0.632972 -0.042547
0.633321 -0.042465
0.633530 -0.042416
0.633600 -0.042400