usa29
1.000000 0.000000
0.999888 0.000031
0.999554 0.000125
0.998996 0.000281
0.998216 0.000500
0.997214 0.000780
0.995990 0.001124
0.994545 0.001529
0.992879 0.001996
0.990993 0.002526
0.988888 0.003117
0.986565 0.003769
0.984026 0.004483
0.981270 0.005259
0.978301 0.006095
0.975117 0.006992
0.971723 0.007950
0.968118 0.008968
0.964305 0.010046
0.960284 0.011183
0.956059 0.012380
0.951632 0.013636
0.947003 0.014953
0.942178 0.016337
0.937159 0.017788
0.931947 0.019301
0.926543 0.020872
0.920948 0.022492
0.915162 0.024156
0.909187 0.025854
0.903022 0.027575
0.896668 0.029311
0.890131 0.031079
0.883416 0.032884
0.876525 0.034722
0.869462 0.036592
0.862228 0.038492
0.854827 0.040418
0.847263 0.042369
0.839537 0.044340
0.831654 0.046330
0.823617 0.048336
0.815429 0.050353
0.807093 0.052380
0.798613 0.054413
0.789993 0.056461
0.781237 0.058533
0.772348 0.060621
0.763330 0.062718
0.754186 0.064817
0.744919 0.066910
0.735532 0.068987
0.726029 0.071040
0.716413 0.073059
0.706688 0.075035
0.696857 0.076956
0.686922 0.078834
0.676888 0.080679
0.666760 0.082492
0.656543 0.084273
0.646244 0.086022
0.635869 0.087742
0.625423 0.089433
0.614913 0.091096
0.604346 0.092733
0.593726 0.094349
0.583058 0.095975
0.572345 0.097605
0.561590 0.099221
0.550798 0.100804
0.539973 0.102337
0.529119 0.103800
0.518242 0.105174
0.507343 0.106440
0.496429 0.107579
0.485503 0.108695
0.474568 0.109846
0.463632 0.110990
0.452701 0.112081
0.441781 0.113077
0.430878 0.113933
0.419997 0.114608
0.409147 0.115059
0.398332 0.115247
0.387552 0.115239
0.376804 0.115198
0.366099 0.115129
0.355445 0.115033
0.344852 0.114913
0.334328 0.114771
0.323882 0.114607
0.313523 0.114424
0.303260 0.114224
0.293098 0.113984
0.283025 0.113458
0.273043 0.112623
0.263163 0.111530
0.253393 0.110227
0.243742 0.108759
0.234217 0.107171
0.224827 0.105502
0.215578 0.103794
0.206479 0.102081
0.197535 0.100397
0.188746 0.098615
0.180113 0.096604
0.171646 0.094422
0.163353 0.092126
0.155241 0.089765
0.147318 0.087388
0.139577 0.084956
0.132014 0.082429
0.124635 0.079830
0.117446 0.077179
0.110454 0.074494
0.103663 0.071794
0.097078 0.069093
0.090700 0.066333
0.084536 0.063503
0.078594 0.060637
0.072879 0.057764
0.067381 0.054879
0.062096 0.051983
0.057029 0.049093
0.052184 0.046226
0.047565 0.043396
0.043160 0.040595
0.038965 0.037834
0.034977 0.035128
0.031197 0.032491
0.027621 0.029938
0.024250 0.027477
0.021003 0.025147
0.017916 0.022921
0.015123 0.020736
0.012712 0.018553
0.010602 0.016340
0.008494 0.014100
0.006517 0.011916
0.004777 0.009852
0.003328 0.007950
0.002187 0.006240
0.001338 0.004737
0.000749 0.003447
0.000372 0.002371
0.000156 0.001504
0.000050 0.000839
0.000010 0.000371
0.000001 0.000092
0.000000 0.000000
0.000001 -0.000092
0.000010 -0.000371
0.000052 -0.000839
0.000163 -0.001502
0.000388 -0.002365
0.000781 -0.003432
0.001398 -0.004703
0.002287 -0.006171
0.003487 -0.007821
0.005016 -0.009623
0.006863 -0.011530
0.008976 -0.013473
0.011256 -0.015356
0.013565 -0.017064
0.016235 -0.018694
0.019378 -0.020252
0.022872 -0.021636
0.026538 -0.022733
0.030429 -0.023652
0.034601 -0.024475
0.039035 -0.025219
0.043702 -0.025912
0.048565 -0.026593
0.053589 -0.027315
0.058811 -0.028093
0.064234 -0.028851
0.069857 -0.029494
0.075677 -0.029904
0.081695 -0.030134
0.087911 -0.030330
0.094314 -0.030468
0.100894 -0.030520
0.107646 -0.030516
0.114573 -0.030505
0.121670 -0.030487
0.128933 -0.030460
0.136358 -0.030426
0.143941 -0.030384
0.151677 -0.030333
0.159563 -0.030150
0.167597 -0.029779
0.175774 -0.029262
0.184091 -0.028646
0.192542 -0.027984
0.201123 -0.027334
0.209831 -0.026673
0.218664 -0.025948
0.227617 -0.025164
0.236686 -0.024323
0.245866 -0.023428
0.255155 -0.022485
0.264546 -0.021498
0.274036 -0.020472
0.283620 -0.019412
0.293294 -0.018325
0.303053 -0.017208
0.312884 -0.015897
0.322784 -0.014382
0.332752 -0.012733
0.342787 -0.011024
0.352889 -0.009335
0.363056 -0.007744
0.373289 -0.006337
0.383588 -0.005199
0.393952 -0.004417
0.404381 -0.004042
0.414868 -0.003768
0.425406 -0.003516
0.435987 -0.003289
0.446603 -0.003089
0.457246 -0.002920
0.467909 -0.002784
0.478583 -0.002684
0.489260 -0.002622
0.499933 -0.002600
0.510598 -0.002641
0.521257 -0.002760
0.531904 -0.002944
0.542535 -0.003182
0.553144 -0.003463
0.563726 -0.003775
0.574276 -0.004107
0.584790 -0.004448
0.595263 -0.004786
0.605689 -0.005129
0.616064 -0.005555
0.626382 -0.006052
0.636641 -0.006596
0.646836 -0.007163
0.656963 -0.007730
0.667019 -0.008275
0.676999 -0.008775
0.686899 -0.009212
0.696716 -0.009565
0.706445 -0.009841
0.716081 -0.010108
0.725621 -0.010369
0.735059 -0.010618
0.744390 -0.010848
0.753611 -0.011056
0.762717 -0.011236
0.771704 -0.011385
0.780568 -0.011499
0.789303 -0.011574
0.797907 -0.011608
0.806376 -0.011596
0.814707 -0.011531
0.822895 -0.011421
0.830938 -0.011274
0.838831 -0.011096
0.846571 -0.010893
0.854154 -0.010671
0.861577 -0.010435
0.868836 -0.010190
0.875928 -0.009940
0.882849 -0.009690
0.889597 -0.009442
0.896169 -0.009200
0.902561 -0.008964
0.908774 -0.008714
0.914804 -0.008446
0.920647 -0.008160
0.926299 -0.007858
0.931756 -0.007541
0.937017 -0.007212
0.942077 -0.006873
0.946934 -0.006525
0.951586 -0.006168
0.956032 -0.005786
0.960272 -0.005379
0.964304 -0.004956
0.968127 -0.004524
0.971738 -0.004090
0.975137 -0.003661
0.978323 -0.003240
0.981294 -0.002833
0.984049 -0.002443
0.986588 -0.002075
0.988908 -0.001731
0.991011 -0.001414
0.992894 -0.001125
0.994557 -0.000866
0.995999 -0.000639
0.997221 -0.000446
0.998221 -0.000286
0.998999 -0.000161
0.999555 -0.000072
0.999889 -0.000018
1.000000 0.000000