usa31
1.000000 0.000000
0.999888 0.000044
0.999551 0.000175
0.998991 0.000395
0.998206 0.000703
0.997199 0.001099
0.995969 0.001584
0.994517 0.002159
0.992845 0.002824
0.990954 0.003580
0.988845 0.004428
0.986520 0.005369
0.983980 0.006404
0.981226 0.007533
0.978263 0.008759
0.975090 0.010081
0.971711 0.011502
0.968127 0.013023
0.964343 0.014644
0.960359 0.016368
0.956180 0.018194
0.951808 0.020126
0.947249 0.022170
0.942520 0.024369
0.937623 0.026718
0.932555 0.029204
0.927311 0.031809
0.921885 0.034510
0.916270 0.037279
0.910454 0.040081
0.904426 0.042877
0.898170 0.045623
0.891704 0.048368
0.885043 0.051153
0.878191 0.053972
0.871148 0.056822
0.863920 0.059696
0.856508 0.062590
0.848916 0.065498
0.841148 0.068415
0.833208 0.071335
0.825100 0.074253
0.816829 0.077162
0.808400 0.080057
0.799818 0.082932
0.791083 0.085791
0.782188 0.088650
0.773140 0.091502
0.763941 0.094338
0.754598 0.097152
0.745115 0.099935
0.735498 0.102679
0.725753 0.105375
0.715885 0.108016
0.705900 0.110591
0.695805 0.113094
0.685594 0.115544
0.675270 0.117953
0.664837 0.120315
0.654304 0.122626
0.643678 0.124882
0.632965 0.127078
0.622173 0.129211
0.611310 0.131276
0.600384 0.133269
0.589399 0.135212
0.578352 0.137155
0.567249 0.139077
0.556096 0.140952
0.544898 0.142754
0.533661 0.144457
0.522389 0.146036
0.511090 0.147463
0.499768 0.148712
0.488426 0.149837
0.477065 0.150979
0.465691 0.152103
0.454314 0.153167
0.442940 0.154129
0.431578 0.154950
0.420235 0.155588
0.408919 0.156004
0.397639 0.156160
0.386390 0.156135
0.375170 0.156058
0.363989 0.155933
0.352858 0.155764
0.341788 0.155555
0.330787 0.155310
0.319867 0.155033
0.309037 0.154727
0.298307 0.154396
0.287670 0.153897
0.277118 0.153041
0.266660 0.151883
0.256307 0.150474
0.246070 0.148867
0.235959 0.147109
0.225983 0.145247
0.216152 0.143326
0.206474 0.141386
0.196957 0.139466
0.187597 0.137390
0.178396 0.135043
0.169369 0.132495
0.160529 0.129812
0.151889 0.127053
0.143452 0.124252
0.135194 0.121327
0.127122 0.118279
0.119254 0.115131
0.111603 0.111903
0.104180 0.108615
0.096996 0.105285
0.090058 0.101808
0.083367 0.098184
0.076927 0.094489
0.070726 0.090792
0.064693 0.087103
0.058897 0.083382
0.053423 0.079592
0.048343 0.075704
0.043596 0.071697
0.039110 0.067603
0.034898 0.063480
0.030966 0.059375
0.027317 0.055331
0.023953 0.051383
0.020771 0.047509
0.017785 0.043680
0.015121 0.039918
0.012869 0.036238
0.011038 0.032643
0.009305 0.029048
0.007658 0.025515
0.006148 0.022118
0.004805 0.018911
0.003647 0.015933
0.002678 0.013211
0.001894 0.010757
0.001281 0.008577
0.000822 0.006669
0.000493 0.005026
0.000271 0.003638
0.000133 0.002492
0.000055 0.001576
0.000018 0.000878
0.000004 0.000387
0.000000 0.000096
0.000000 0.000000
0.000001 -0.000097
0.000012 -0.000389
0.000060 -0.000883
0.000185 -0.001589
0.000440 -0.002517
0.000884 -0.003670
0.001578 -0.005044
0.002573 -0.006618
0.003907 -0.008348
0.005591 -0.010157
0.007599 -0.011929
0.009856 -0.013495
0.012226 -0.014624
0.014783 -0.015266
0.017931 -0.015782
0.021515 -0.016201
0.025265 -0.016554
0.029094 -0.016883
0.033140 -0.017196
0.037399 -0.017485
0.041867 -0.017743
0.046540 -0.017963
0.051412 -0.018138
0.056483 -0.018299
0.061754 -0.018451
0.067220 -0.018573
0.072878 -0.018643
0.078726 -0.018638
0.084762 -0.018565
0.090982 -0.018440
0.097380 -0.018278
0.103950 -0.018077
0.110694 -0.017751
0.117607 -0.017301
0.124686 -0.016746
0.131928 -0.016109
0.139329 -0.015417
0.146885 -0.014702
0.154593 -0.013982
0.162456 -0.013204
0.170466 -0.012354
0.178615 -0.011425
0.186891 -0.010407
0.195284 -0.009291
0.203783 -0.008063
0.212385 -0.006648
0.221091 -0.005046
0.229899 -0.003281
0.238808 -0.001378
0.247820 0.000634
0.256933 0.002724
0.266149 0.004859
0.275469 0.007002
0.284892 0.009115
0.294421 0.011159
0.304055 0.013133
0.313769 0.015328
0.323559 0.017726
0.333423 0.020227
0.343362 0.022723
0.353376 0.025102
0.363465 0.027250
0.373628 0.029047
0.383866 0.030369
0.394179 0.031093
0.404569 0.031186
0.415034 0.031151
0.425566 0.031084
0.436152 0.030988
0.446782 0.030866
0.457444 0.030721
0.468127 0.030556
0.478818 0.030374
0.489508 0.030180
0.500183 0.029975
0.510846 0.029697
0.521500 0.029311
0.532141 0.028834
0.542764 0.028283
0.553365 0.027677
0.563938 0.027033
0.574479 0.026369
0.584983 0.025701
0.595445 0.025048
0.605862 0.024411
0.616228 0.023745
0.626538 0.023050
0.636788 0.022332
0.646974 0.021596
0.657092 0.020848
0.667136 0.020091
0.677103 0.019331
0.686989 0.018572
0.696789 0.017820
0.706498 0.017069
0.716112 0.016302
0.725626 0.015523
0.735036 0.014739
0.744340 0.013956
0.753532 0.013180
0.762610 0.012415
0.771569 0.011666
0.780406 0.010939
0.789118 0.010236
0.797700 0.009563
0.806149 0.008917
0.814460 0.008287
0.822629 0.007673
0.830654 0.007075
0.838529 0.006494
0.846253 0.005931
0.853820 0.005384
0.861229 0.004855
0.868475 0.004344
0.875555 0.003851
0.882466 0.003375
0.889206 0.002917
0.895770 0.002477
0.902157 0.002049
0.908362 0.001582
0.914383 0.001093
0.920218 0.000613
0.925865 0.000170
0.931320 -0.000215
0.936582 -0.000525
0.941649 -0.000746
0.946519 -0.000872
0.951188 -0.000900
0.955655 -0.000899
0.959918 -0.000893
0.963974 -0.000880
0.967822 -0.000859
0.971459 -0.000829
0.974885 -0.000789
0.978097 -0.000740
0.981094 -0.000683
0.983875 -0.000620
0.986439 -0.000551
0.988783 -0.000480
0.990908 -0.000407
0.992811 -0.000335
0.994493 -0.000266
0.995952 -0.000201
0.997188 -0.000143
0.998199 -0.000094
0.998987 -0.000054
0.999550 -0.000024
0.999887 -0.000006
1.000000 0.000000