usa35
1.000000 0.002150
0.999886 0.002189
0.999546 0.002307
0.998978 0.002504
0.998184 0.002779
0.997163 0.003132
0.995917 0.003563
0.994445 0.004073
0.992748 0.004659
0.990827 0.005323
0.988683 0.006064
0.986317 0.006882
0.983730 0.007775
0.980922 0.008744
0.977896 0.009788
0.974652 0.010906
0.971192 0.012098
0.967517 0.013363
0.963629 0.014701
0.959529 0.016110
0.955220 0.017591
0.950703 0.019141
0.945981 0.020763
0.941058 0.022462
0.935935 0.024235
0.930614 0.026078
0.925095 0.027986
0.919380 0.029953
0.913469 0.031970
0.907362 0.034031
0.901059 0.036125
0.894562 0.038246
0.887878 0.040410
0.881010 0.042617
0.873960 0.044866
0.866732 0.047153
0.859329 0.049478
0.851753 0.051838
0.844009 0.054231
0.836100 0.056655
0.828029 0.059108
0.819799 0.061589
0.811415 0.064095
0.802881 0.066625
0.794200 0.069177
0.785376 0.071759
0.776412 0.074370
0.767312 0.077002
0.758079 0.079651
0.748716 0.082309
0.739227 0.084971
0.729614 0.087629
0.719881 0.090275
0.710031 0.092903
0.700068 0.095504
0.689995 0.098077
0.679818 0.100649
0.669542 0.103214
0.659170 0.105765
0.648707 0.108292
0.638157 0.110787
0.627526 0.113241
0.616816 0.115645
0.606033 0.117989
0.595182 0.120263
0.584265 0.122487
0.573286 0.124682
0.562252 0.126839
0.551168 0.128951
0.540039 0.131007
0.528872 0.132999
0.517672 0.134918
0.506446 0.136756
0.495198 0.138505
0.483934 0.140249
0.472657 0.142074
0.461372 0.143913
0.450084 0.145698
0.438799 0.147362
0.427521 0.148840
0.416255 0.150064
0.405007 0.150972
0.393782 0.151500
0.382576 0.151805
0.371392 0.152084
0.360240 0.152335
0.349130 0.152553
0.338075 0.152738
0.327084 0.152886
0.316168 0.152996
0.305338 0.153064
0.294602 0.153090
0.283952 0.152931
0.273376 0.152428
0.262888 0.151629
0.252500 0.150585
0.242225 0.149343
0.232075 0.147949
0.222063 0.146447
0.212200 0.144877
0.202495 0.143279
0.192958 0.141685
0.183584 0.139810
0.174374 0.137556
0.165341 0.135041
0.156498 0.132372
0.147854 0.129651
0.139405 0.126925
0.131117 0.124081
0.123014 0.121115
0.115124 0.118034
0.107471 0.114849
0.100077 0.111569
0.092955 0.108187
0.086091 0.104564
0.079504 0.100744
0.073218 0.096819
0.067239 0.092832
0.061524 0.088728
0.056077 0.084554
0.050902 0.080364
0.046002 0.076206
0.041327 0.072072
0.036872 0.067959
0.032656 0.063884
0.028694 0.059860
0.024998 0.055903
0.021544 0.052025
0.018136 0.048226
0.015002 0.044481
0.012400 0.040772
0.010487 0.037086
0.008845 0.033390
0.007314 0.029736
0.005923 0.026186
0.004690 0.022790
0.003622 0.019588
0.002722 0.016606
0.001982 0.013864
0.001391 0.011373
0.000935 0.009138
0.000596 0.007161
0.000356 0.005438
0.000195 0.003964
0.000095 0.002733
0.000040 0.001738
0.000013 0.000973
0.000003 0.000431
0.000000 0.000107
0.000000 0.000000
0.000000 -0.000107
0.000005 -0.000431
0.000025 -0.000973
0.000079 -0.001739
0.000191 -0.002732
0.000389 -0.003958
0.000705 -0.005418
0.001174 -0.007112
0.001827 -0.009033
0.002694 -0.011165
0.003799 -0.013484
0.005156 -0.015952
0.006767 -0.018513
0.008620 -0.021093
0.010680 -0.023595
0.012892 -0.025896
0.015415 -0.027943
0.018803 -0.029880
0.022792 -0.031584
0.026945 -0.032879
0.031245 -0.033942
0.035851 -0.034921
0.040734 -0.035779
0.045851 -0.036474
0.051150 -0.036956
0.056623 -0.037279
0.062310 -0.037555
0.068201 -0.037772
0.074282 -0.037917
0.080539 -0.037994
0.086980 -0.038055
0.093601 -0.038099
0.100399 -0.038120
0.107370 -0.038099
0.114512 -0.038019
0.121822 -0.037887
0.129296 -0.037711
0.136929 -0.037501
0.144718 -0.037268
0.152660 -0.037025
0.160749 -0.036714
0.168983 -0.036313
0.177358 -0.035844
0.185872 -0.035333
0.194521 -0.034810
0.203302 -0.034304
0.212211 -0.033796
0.221242 -0.033270
0.230394 -0.032728
0.239660 -0.032170
0.249038 -0.031600
0.258523 -0.031019
0.268111 -0.030429
0.277798 -0.029834
0.287580 -0.029235
0.297453 -0.028634
0.307412 -0.028034
0.317452 -0.027426
0.327569 -0.026812
0.337759 -0.026193
0.348017 -0.025569
0.358338 -0.024944
0.368718 -0.024317
0.379153 -0.023690
0.389638 -0.023066
0.400168 -0.022444
0.410738 -0.021823
0.421344 -0.021197
0.431981 -0.020571
0.442645 -0.019946
0.453330 -0.019324
0.464032 -0.018710
0.474747 -0.018106
0.485469 -0.017514
0.496195 -0.016937
0.506919 -0.016376
0.517636 -0.015824
0.528342 -0.015281
0.539032 -0.014747
0.549701 -0.014225
0.560344 -0.013714
0.570957 -0.013215
0.581535 -0.012730
0.592073 -0.012258
0.602566 -0.011800
0.613010 -0.011355
0.623400 -0.010920
0.633731 -0.010495
0.644000 -0.010082
0.654201 -0.009680
0.664329 -0.009291
0.674381 -0.008913
0.684351 -0.008547
0.694235 -0.008193
0.704029 -0.007852
0.713729 -0.007514
0.723329 -0.007182
0.732827 -0.006857
0.742217 -0.006541
0.751496 -0.006238
0.760659 -0.005949
0.769702 -0.005676
0.778621 -0.005420
0.787413 -0.005183
0.796073 -0.004967
0.804598 -0.004771
0.812983 -0.004589
0.821225 -0.004420
0.829321 -0.004262
0.837267 -0.004113
0.845058 -0.003973
0.852692 -0.003840
0.860165 -0.003713
0.867474 -0.003591
0.874616 -0.003474
0.881587 -0.003361
0.888384 -0.003251
0.895004 -0.003144
0.901444 -0.003038
0.907702 -0.002929
0.913774 -0.002816
0.919658 -0.002707
0.925351 -0.002605
0.930851 -0.002513
0.936156 -0.002435
0.941262 -0.002372
0.946169 -0.002325
0.950872 -0.002296
0.955372 -0.002274
0.959664 -0.002254
0.963749 -0.002236
0.967622 -0.002220
0.971284 -0.002207
0.974732 -0.002195
0.977965 -0.002185
0.980982 -0.002176
0.983780 -0.002169
0.986359 -0.002164
0.988718 -0.002160
0.990855 -0.002156
0.992770 -0.002154
0.994461 -0.002152
0.995929 -0.002151
0.997172 -0.002151
0.998189 -0.002150
0.998981 -0.002150
0.999547 -0.002150
0.999887 -0.002150
1.000000 -0.002150