usa49
1.000000 0.003500
0.999888 0.003512
0.999552 0.003547
0.998993 0.003606
0.998210 0.003688
0.997204 0.003794
0.995975 0.003924
0.994524 0.004078
0.992852 0.004256
0.990959 0.004458
0.988847 0.004684
0.986516 0.004935
0.983967 0.005210
0.981201 0.005510
0.978220 0.005836
0.975026 0.006186
0.971618 0.006562
0.968000 0.006964
0.964173 0.007392
0.960138 0.007846
0.955898 0.008326
0.951454 0.008833
0.946809 0.009369
0.941965 0.009940
0.936924 0.010544
0.931688 0.011179
0.926260 0.011842
0.920641 0.012530
0.914834 0.013238
0.908840 0.013960
0.902662 0.014691
0.896302 0.015427
0.889763 0.016180
0.883050 0.016953
0.876164 0.017743
0.869109 0.018549
0.861888 0.019369
0.854504 0.020201
0.846961 0.021042
0.839260 0.021891
0.831406 0.022744
0.823402 0.023599
0.815251 0.024453
0.806957 0.025303
0.798523 0.026146
0.789953 0.026985
0.781251 0.027824
0.772420 0.028661
0.763464 0.029495
0.754389 0.030326
0.745196 0.031152
0.735892 0.031974
0.726480 0.032789
0.716965 0.033597
0.707350 0.034398
0.697641 0.035191
0.687840 0.035978
0.677953 0.036760
0.667984 0.037534
0.657936 0.038300
0.647816 0.039056
0.637626 0.039802
0.627373 0.040534
0.617060 0.041253
0.606692 0.041956
0.596274 0.042644
0.585810 0.043322
0.575305 0.043990
0.564763 0.044646
0.554190 0.045290
0.543589 0.045919
0.532967 0.046531
0.522326 0.047124
0.511673 0.047698
0.501013 0.048249
0.490349 0.048801
0.479687 0.049377
0.469031 0.049959
0.458387 0.050530
0.447757 0.051072
0.437149 0.051568
0.426565 0.052001
0.416011 0.052353
0.405491 0.052610
0.395010 0.052767
0.384571 0.052901
0.374180 0.053025
0.363842 0.053138
0.353562 0.053238
0.343344 0.053323
0.333194 0.053394
0.323117 0.053447
0.313118 0.053483
0.303202 0.053499
0.293372 0.053477
0.283631 0.053366
0.273983 0.053174
0.264434 0.052912
0.254988 0.052593
0.245651 0.052226
0.236427 0.051824
0.227321 0.051395
0.218337 0.050948
0.209480 0.050494
0.200755 0.050039
0.192162 0.049536
0.183706 0.048925
0.175392 0.048228
0.167225 0.047470
0.159213 0.046669
0.151359 0.045845
0.143664 0.044994
0.136125 0.044083
0.128750 0.043115
0.121547 0.042097
0.114522 0.041032
0.107681 0.039926
0.101030 0.038783
0.094576 0.037549
0.088321 0.036174
0.082260 0.034743
0.076385 0.033330
0.070698 0.031964
0.065203 0.030603
0.059902 0.029259
0.054794 0.027943
0.049880 0.026669
0.045134 0.025487
0.040562 0.024390
0.036198 0.023316
0.032068 0.022221
0.028193 0.021073
0.024583 0.019850
0.021148 0.018527
0.017939 0.017107
0.015068 0.015614
0.012606 0.014074
0.010319 0.012369
0.008048 0.010480
0.005974 0.008583
0.004205 0.006799
0.002785 0.005203
0.001715 0.003832
0.000965 0.002698
0.000481 0.001794
0.000202 0.001102
0.000065 0.000598
0.000013 0.000258
0.000001 0.000063
0.000000 0.000000
0.000002 -0.000063
0.000024 -0.000251
0.000120 -0.000562
0.000367 -0.000992
0.000862 -0.001534
0.001702 -0.002178
0.002968 -0.002911
0.004697 -0.003715
0.006862 -0.004567
0.009336 -0.005435
0.011861 -0.006282
0.014257 -0.007075
0.016897 -0.007833
0.019793 -0.008556
0.022920 -0.009258
0.026242 -0.009960
0.029771 -0.010679
0.033517 -0.011407
0.037478 -0.012129
0.041652 -0.012828
0.046033 -0.013484
0.050619 -0.014074
0.055413 -0.014624
0.060414 -0.015149
0.065619 -0.015631
0.071021 -0.016051
0.076612 -0.016388
0.082395 -0.016673
0.088369 -0.016921
0.094527 -0.017137
0.100865 -0.017324
0.107378 -0.017492
0.114067 -0.017647
0.120927 -0.017791
0.127956 -0.017925
0.135150 -0.018053
0.142506 -0.018177
0.150020 -0.018300
0.157689 -0.018435
0.165510 -0.018582
0.173479 -0.018727
0.181593 -0.018856
0.189848 -0.018952
0.198240 -0.018998
0.206767 -0.019000
0.215423 -0.019000
0.224205 -0.019000
0.233110 -0.019000
0.242133 -0.019000
0.251270 -0.019000
0.260518 -0.019000
0.269871 -0.019000
0.279326 -0.019000
0.288879 -0.019000
0.298525 -0.019000
0.308260 -0.018988
0.318079 -0.018944
0.327979 -0.018873
0.337955 -0.018778
0.348002 -0.018665
0.358116 -0.018539
0.368293 -0.018405
0.378528 -0.018268
0.388816 -0.018134
0.399154 -0.018010
0.409535 -0.017892
0.419957 -0.017775
0.430413 -0.017654
0.440900 -0.017531
0.451413 -0.017402
0.461947 -0.017266
0.472497 -0.017123
0.483059 -0.016969
0.493627 -0.016805
0.504197 -0.016627
0.514765 -0.016429
0.525325 -0.016211
0.535873 -0.015976
0.546405 -0.015725
0.556916 -0.015462
0.567400 -0.015190
0.577854 -0.014910
0.588272 -0.014625
0.598650 -0.014338
0.608983 -0.014042
0.619268 -0.013730
0.629498 -0.013403
0.639670 -0.013066
0.649779 -0.012723
0.659821 -0.012376
0.669791 -0.012030
0.679685 -0.011688
0.689500 -0.011352
0.699229 -0.011025
0.708870 -0.010711
0.718418 -0.010408
0.727869 -0.010113
0.737218 -0.009822
0.746461 -0.009534
0.755593 -0.009245
0.764612 -0.008953
0.773511 -0.008657
0.782289 -0.008354
0.790939 -0.008042
0.799459 -0.007721
0.807845 -0.007384
0.816093 -0.007028
0.824199 -0.006659
0.832160 -0.006281
0.839972 -0.005900
0.847633 -0.005519
0.855139 -0.005143
0.862486 -0.004774
0.869672 -0.004417
0.876694 -0.004073
0.883548 -0.003744
0.890232 -0.003433
0.896742 -0.003141
0.903075 -0.002870
0.909230 -0.002616
0.915203 -0.002377
0.920990 -0.002150
0.926591 -0.001932
0.932001 -0.001722
0.937219 -0.001518
0.942241 -0.001318
0.947067 -0.001122
0.951693 -0.000929
0.956117 -0.000742
0.960339 -0.000562
0.964355 -0.000390
0.968164 -0.000225
0.971765 -0.000068
0.975156 0.000081
0.978335 0.000222
0.981301 0.000353
0.984052 0.000476
0.986588 0.000590
0.988907 0.000694
0.991008 0.000789
0.992891 0.000875
0.994554 0.000951
0.995997 0.001016
0.997219 0.001072
0.998220 0.001118
0.998998 0.001154
0.999555 0.001180
0.999889 0.001195
1.000000 0.001200