s4083
1.000000 0.000000
0.999891 0.000032
0.999563 0.000127
0.999019 0.000287
0.998258 0.000517
0.997284 0.000824
0.996099 0.001214
0.994701 0.001680
0.993085 0.002198
0.991247 0.002759
0.989190 0.003371
0.986911 0.004016
0.984410 0.004672
0.981682 0.005338
0.978730 0.006017
0.975558 0.006707
0.972170 0.007407
0.968563 0.008111
0.964740 0.008826
0.960707 0.009560
0.956465 0.010314
0.952015 0.011082
0.947359 0.011865
0.942500 0.012665
0.937439 0.013480
0.932179 0.014308
0.926723 0.015151
0.921073 0.016009
0.915231 0.016879
0.909200 0.017762
0.902983 0.018658
0.896582 0.019566
0.890001 0.020484
0.883242 0.021413
0.876308 0.022353
0.869203 0.023301
0.861929 0.024258
0.854490 0.025224
0.846889 0.026201
0.839130 0.027187
0.831216 0.028180
0.823151 0.029179
0.814938 0.030183
0.806580 0.031191
0.798081 0.032204
0.789447 0.033224
0.780679 0.034248
0.771782 0.035277
0.762761 0.036308
0.753618 0.037340
0.744359 0.038373
0.734986 0.039408
0.725505 0.040446
0.715920 0.041485
0.706235 0.042524
0.696454 0.043564
0.686581 0.044603
0.676622 0.045642
0.666580 0.046679
0.656460 0.047713
0.646266 0.048741
0.636002 0.049764
0.625674 0.050783
0.615286 0.051797
0.604843 0.052808
0.594349 0.053813
0.583810 0.054810
0.573228 0.055797
0.562610 0.056775
0.551959 0.057742
0.541281 0.058696
0.530580 0.059639
0.519861 0.060569
0.509129 0.061481
0.498388 0.062371
0.487643 0.063244
0.476898 0.064096
0.466159 0.064923
0.455431 0.065729
0.444717 0.066514
0.434023 0.067268
0.423353 0.067984
0.412711 0.068673
0.402104 0.069327
0.391534 0.069932
0.381008 0.070496
0.370529 0.071026
0.360102 0.071500
0.349733 0.071914
0.339425 0.072302
0.329184 0.072629
0.319014 0.072852
0.308920 0.073023
0.298907 0.073157
0.288980 0.073219
0.279144 0.073177
0.269403 0.073042
0.259764 0.072855
0.250230 0.072625
0.240806 0.072268
0.231498 0.071822
0.222312 0.071328
0.213251 0.070731
0.204320 0.070037
0.195527 0.069279
0.186874 0.068426
0.178366 0.067473
0.170009 0.066458
0.161806 0.065378
0.153760 0.064216
0.145879 0.062989
0.138167 0.061697
0.130625 0.060325
0.123261 0.058890
0.116080 0.057400
0.109082 0.055837
0.102273 0.054218
0.095658 0.052555
0.089237 0.050836
0.083017 0.049067
0.077006 0.047255
0.071201 0.045390
0.065607 0.043483
0.060233 0.041549
0.055070 0.039585
0.050129 0.037592
0.045420 0.035576
0.040936 0.033536
0.036681 0.031478
0.032669 0.029413
0.028889 0.027343
0.025343 0.025273
0.022045 0.023218
0.018983 0.021187
0.016150 0.019181
0.013574 0.017210
0.011245 0.015284
0.009134 0.013409
0.007280 0.011597
0.005688 0.009864
0.004280 0.008216
0.003105 0.006673
0.002194 0.005257
0.001462 0.003972
0.000821 0.002829
0.000375 0.001872
0.000128 0.001122
0.000027 0.000586
0.000002 0.000266
0.000000 0.000160
0.000001 0.000053
0.000020 -0.000279
0.000098 -0.000856
0.000285 -0.001678
0.000619 -0.002674
0.001104 -0.003638
0.002073 -0.004539
0.003639 -0.005413
0.005477 -0.006208
0.007427 -0.006932
0.009669 -0.007607
0.012160 -0.008224
0.014853 -0.008790
0.017780 -0.009323
0.020938 -0.009813
0.024310 -0.010247
0.027897 -0.010643
0.031702 -0.011007
0.035718 -0.011329
0.039941 -0.011603
0.044370 -0.011854
0.049004 -0.012076
0.053840 -0.012252
0.058872 -0.012392
0.064102 -0.012524
0.069526 -0.012620
0.075140 -0.012650
0.080942 -0.012646
0.086930 -0.012636
0.093101 -0.012621
0.099452 -0.012595
0.105979 -0.012514
0.112681 -0.012388
0.119553 -0.012240
0.126594 -0.012086
0.133799 -0.011901
0.141165 -0.011689
0.148690 -0.011460
0.156370 -0.011215
0.164200 -0.010945
0.172179 -0.010655
0.180303 -0.010352
0.188567 -0.010035
0.196968 -0.009699
0.205502 -0.009349
0.214167 -0.008988
0.222957 -0.008612
0.231869 -0.008223
0.240899 -0.007823
0.250043 -0.007416
0.259297 -0.007000
0.268657 -0.006574
0.278119 -0.006143
0.287678 -0.005707
0.297331 -0.005264
0.307073 -0.004817
0.316900 -0.004367
0.326807 -0.003915
0.336791 -0.003460
0.346846 -0.003004
0.356968 -0.002549
0.367154 -0.002096
0.377397 -0.001643
0.387694 -0.001192
0.398041 -0.000745
0.408432 -0.000301
0.418863 0.000140
0.429330 0.000575
0.439827 0.001003
0.450351 0.001422
0.460896 0.001834
0.471458 0.002238
0.482032 0.002633
0.492613 0.003021
0.503197 0.003402
0.513779 0.003774
0.524354 0.004135
0.534918 0.004487
0.545465 0.004830
0.555992 0.005165
0.566493 0.005490
0.576964 0.005809
0.587399 0.006121
0.597796 0.006421
0.608148 0.006705
0.618451 0.006986
0.628702 0.007258
0.638894 0.007503
0.649024 0.007704
0.659088 0.007892
0.669081 0.008066
0.678998 0.008193
0.688835 0.008241
0.698587 0.008249
0.708250 0.008255
0.717820 0.008259
0.727291 0.008260
0.736660 0.008216
0.745924 0.008116
0.755076 0.007990
0.764114 0.007863
0.773033 0.007727
0.781830 0.007569
0.790501 0.007398
0.799040 0.007221
0.807446 0.007035
0.815714 0.006837
0.823840 0.006631
0.831822 0.006418
0.839654 0.006197
0.847334 0.005967
0.854859 0.005731
0.862224 0.005494
0.869428 0.005254
0.876466 0.005011
0.883335 0.004765
0.890033 0.004519
0.896556 0.004269
0.902902 0.004017
0.909068 0.003767
0.915051 0.003522
0.920848 0.003281
0.926458 0.003044
0.931876 0.002812
0.937102 0.002586
0.942133 0.002364
0.946966 0.002148
0.951600 0.001943
0.956032 0.001753
0.960261 0.001576
0.964285 0.001412
0.968101 0.001258
0.971709 0.001115
0.975106 0.000983
0.978292 0.000862
0.981264 0.000748
0.984021 0.000641
0.986562 0.000540
0.988885 0.000447
0.990991 0.000364
0.992877 0.000292
0.994544 0.000233
0.995990 0.000182
0.997215 0.000135
0.998217 0.000092
0.998997 0.000054
0.999554 0.000024
0.999889 0.000006
1.000000 0.000000