s4158
1.000000 0.000000
0.999886 0.000007
0.999543 0.000028
0.998972 0.000065
0.998173 0.000117
0.997146 0.000187
0.995893 0.000278
0.994413 0.000391
0.992708 0.000528
0.990779 0.000691
0.988626 0.000882
0.986252 0.001106
0.983657 0.001366
0.980844 0.001666
0.977813 0.002010
0.974566 0.002397
0.971106 0.002829
0.967435 0.003306
0.963554 0.003838
0.959466 0.004429
0.955173 0.005079
0.950678 0.005786
0.945983 0.006549
0.941093 0.007376
0.936007 0.008277
0.930731 0.009248
0.925265 0.010287
0.919613 0.011388
0.913778 0.012548
0.907763 0.013785
0.901571 0.015096
0.895205 0.016476
0.888667 0.017920
0.881960 0.019422
0.875089 0.020994
0.868056 0.022638
0.860864 0.024347
0.853516 0.026115
0.846013 0.027934
0.838361 0.029814
0.830564 0.031758
0.822623 0.033756
0.814541 0.035799
0.806318 0.037878
0.797963 0.040008
0.789478 0.042188
0.780864 0.044399
0.772119 0.046622
0.763244 0.048842
0.754251 0.051094
0.745139 0.053360
0.735907 0.055602
0.726550 0.057781
0.717070 0.059885
0.707474 0.061955
0.697767 0.063968
0.687953 0.065899
0.678035 0.067720
0.668015 0.069456
0.657898 0.071117
0.647695 0.072702
0.637413 0.074210
0.627059 0.075647
0.616633 0.077025
0.606142 0.078337
0.595593 0.079579
0.584993 0.080748
0.574345 0.081869
0.563652 0.082935
0.552922 0.083928
0.542161 0.084834
0.531372 0.085674
0.520560 0.086466
0.509730 0.087190
0.498890 0.087828
0.488045 0.088380
0.477197 0.088903
0.466354 0.089370
0.455520 0.089747
0.444702 0.090003
0.433904 0.090206
0.423130 0.090382
0.412386 0.090509
0.401679 0.090568
0.391014 0.090539
0.380393 0.090427
0.369822 0.090256
0.359309 0.090049
0.348857 0.089819
0.338471 0.089484
0.328156 0.089052
0.317917 0.088555
0.307761 0.088023
0.297692 0.087423
0.287713 0.086728
0.277831 0.085959
0.268051 0.085138
0.258379 0.084269
0.248817 0.083312
0.239370 0.082284
0.230044 0.081201
0.220845 0.080079
0.211774 0.078894
0.202836 0.077644
0.194036 0.076343
0.185381 0.075001
0.176872 0.073614
0.168512 0.072170
0.160307 0.070677
0.152265 0.069142
0.144388 0.067566
0.136676 0.065939
0.129136 0.064264
0.121775 0.062546
0.114599 0.060790
0.107605 0.058986
0.100797 0.057136
0.094185 0.055247
0.087776 0.053327
0.081567 0.051367
0.075557 0.049367
0.069756 0.047338
0.064170 0.045292
0.058798 0.043233
0.053631 0.041155
0.048684 0.039062
0.043968 0.036960
0.039485 0.034854
0.035211 0.032746
0.031166 0.030635
0.027371 0.028524
0.023836 0.026419
0.020511 0.024324
0.017418 0.022242
0.014600 0.020175
0.012082 0.018133
0.009776 0.016117
0.007678 0.014137
0.005875 0.012214
0.004412 0.010368
0.003242 0.008609
0.002199 0.006929
0.001358 0.005378
0.000754 0.003995
0.000374 0.002805
0.000176 0.001823
0.000069 0.001030
0.000016 0.000452
0.000001 0.000112
0.000000 0.000000
0.000001 -0.000111
0.000019 -0.000450
0.000093 -0.001025
0.000273 -0.001833
0.000603 -0.002840
0.001086 -0.003939
0.001760 -0.004998
0.002922 -0.006097
0.004581 -0.007206
0.006604 -0.008277
0.008724 -0.009261
0.011056 -0.010199
0.013683 -0.011098
0.016580 -0.011948
0.019698 -0.012743
0.023004 -0.013495
0.026545 -0.014219
0.030317 -0.014906
0.034309 -0.015548
0.038508 -0.016138
0.042911 -0.016688
0.047527 -0.017211
0.052351 -0.017700
0.057377 -0.018151
0.062599 -0.018558
0.068015 -0.018938
0.073627 -0.019295
0.079430 -0.019625
0.085421 -0.019922
0.091594 -0.020183
0.097949 -0.020424
0.104483 -0.020650
0.111193 -0.020853
0.118075 -0.021027
0.125125 -0.021165
0.132341 -0.021294
0.139721 -0.021416
0.147259 -0.021517
0.154954 -0.021583
0.162800 -0.021600
0.170795 -0.021599
0.178936 -0.021598
0.187218 -0.021596
0.195638 -0.021593
0.204192 -0.021588
0.212876 -0.021544
0.221686 -0.021455
0.230619 -0.021336
0.239670 -0.021202
0.248835 -0.021068
0.258110 -0.020920
0.267492 -0.020748
0.276975 -0.020556
0.286556 -0.020352
0.296231 -0.020140
0.305994 -0.019916
0.315842 -0.019674
0.325771 -0.019419
0.335775 -0.019153
0.345852 -0.018881
0.355995 -0.018601
0.366201 -0.018310
0.376464 -0.018009
0.386782 -0.017700
0.397148 -0.017387
0.407558 -0.017069
0.418009 -0.016743
0.428494 -0.016411
0.439010 -0.016075
0.449551 -0.015735
0.460114 -0.015392
0.470693 -0.015045
0.481283 -0.014695
0.491881 -0.014343
0.502481 -0.013990
0.513078 -0.013636
0.523669 -0.013281
0.534248 -0.012926
0.544810 -0.012570
0.555351 -0.012216
0.565866 -0.011864
0.576351 -0.011512
0.586800 -0.011161
0.597210 -0.010813
0.607575 -0.010468
0.617891 -0.010129
0.628154 -0.009793
0.638358 -0.009461
0.648500 -0.009133
0.658575 -0.008811
0.668578 -0.008494
0.678505 -0.008183
0.688351 -0.007877
0.698113 -0.007576
0.707785 -0.007282
0.717364 -0.006993
0.726845 -0.006711
0.736223 -0.006433
0.745496 -0.006161
0.754659 -0.005897
0.763707 -0.005642
0.772637 -0.005396
0.781444 -0.005157
0.790125 -0.004926
0.798676 -0.004703
0.807093 -0.004486
0.815373 -0.004277
0.823511 -0.004074
0.831503 -0.003877
0.839348 -0.003688
0.847040 -0.003507
0.854577 -0.003333
0.861955 -0.003168
0.869171 -0.003010
0.876222 -0.002859
0.883104 -0.002713
0.889815 -0.002574
0.896351 -0.002440
0.902709 -0.002313
0.908888 -0.002192
0.914883 -0.002075
0.920693 -0.001961
0.926314 -0.001851
0.931744 -0.001749
0.936982 -0.001650
0.942023 -0.001552
0.946867 -0.001453
0.951511 -0.001351
0.955953 -0.001250
0.960190 -0.001149
0.964222 -0.001048
0.968046 -0.000947
0.971660 -0.000846
0.975063 -0.000740
0.978253 -0.000633
0.981230 -0.000531
0.983991 -0.000437
0.986536 -0.000355
0.988864 -0.000278
0.990973 -0.000206
0.992863 -0.000145
0.994532 -0.000097
0.995981 -0.000062
0.997208 -0.000039
0.998212 -0.000023
0.998994 -0.000012
0.999553 -0.000005
0.999888 -0.000001
1.000000 0.000000