s4233
1.000000 0.000000
0.999886 0.000013
0.999544 0.000053
0.998974 0.000119
0.998176 0.000213
0.997152 0.000338
0.995902 0.000497
0.994427 0.000690
0.992727 0.000919
0.990804 0.001186
0.988659 0.001494
0.986293 0.001843
0.983708 0.002238
0.980906 0.002682
0.977887 0.003176
0.974654 0.003719
0.971208 0.004311
0.967551 0.004951
0.963685 0.005646
0.959613 0.006397
0.955335 0.007202
0.950853 0.008060
0.946171 0.008967
0.941290 0.009929
0.936213 0.010947
0.930942 0.012021
0.925479 0.013148
0.919826 0.014324
0.913987 0.015551
0.907965 0.016835
0.901761 0.018172
0.895379 0.019558
0.888820 0.020989
0.882087 0.022463
0.875184 0.023987
0.868114 0.025556
0.860880 0.027167
0.853482 0.028814
0.845925 0.030494
0.838213 0.032215
0.830349 0.033971
0.822336 0.035757
0.814175 0.037570
0.805871 0.039405
0.797428 0.041268
0.788849 0.043156
0.780137 0.045061
0.771295 0.046977
0.762326 0.048903
0.753235 0.050844
0.744026 0.052794
0.734702 0.054746
0.725266 0.056692
0.715721 0.058634
0.706074 0.060577
0.696327 0.062512
0.686483 0.064432
0.676547 0.066330
0.666524 0.068215
0.656417 0.070084
0.646232 0.071928
0.635970 0.073738
0.625637 0.075509
0.615238 0.077256
0.604777 0.078970
0.594258 0.080638
0.583685 0.082248
0.573064 0.083812
0.562398 0.085338
0.551693 0.086808
0.540953 0.088206
0.530183 0.089526
0.519388 0.090799
0.508572 0.092012
0.497741 0.093142
0.486900 0.094167
0.476054 0.095126
0.465208 0.096029
0.454367 0.096844
0.443538 0.097544
0.432726 0.098146
0.421934 0.098724
0.411170 0.099221
0.400439 0.099574
0.389748 0.099741
0.379099 0.099853
0.368498 0.099939
0.357953 0.099993
0.347469 0.100009
0.337051 0.099878
0.326702 0.099581
0.316429 0.099182
0.306240 0.098744
0.296139 0.098253
0.286128 0.097615
0.276215 0.096870
0.266407 0.096057
0.256709 0.095193
0.247122 0.094212
0.237653 0.093132
0.228310 0.091976
0.219098 0.090766
0.210017 0.089460
0.201074 0.088061
0.192276 0.086589
0.183629 0.085060
0.175135 0.083453
0.166796 0.081761
0.158620 0.080001
0.150614 0.078190
0.142779 0.076321
0.135116 0.074380
0.127631 0.072381
0.120334 0.070338
0.113227 0.068254
0.106305 0.066113
0.099576 0.063927
0.093050 0.061706
0.086730 0.059460
0.080608 0.057177
0.074692 0.054863
0.068992 0.052526
0.063514 0.050176
0.058247 0.047810
0.053194 0.045428
0.048368 0.043038
0.043781 0.040647
0.039423 0.038258
0.035280 0.035871
0.031374 0.033494
0.027717 0.031136
0.024309 0.028806
0.021107 0.026506
0.018139 0.024243
0.015430 0.022023
0.012997 0.019857
0.010768 0.017754
0.008729 0.015719
0.006944 0.013768
0.005444 0.011913
0.004233 0.010171
0.003123 0.008530
0.002117 0.007013
0.001322 0.005661
0.000767 0.004498
0.000428 0.003539
0.000255 0.002791
0.000187 0.002257
0.000171 0.001937
0.000170 0.001830
0.000171 0.001723
0.000179 0.001396
0.000212 0.000833
0.000298 0.000021
0.000466 -0.001042
0.000743 -0.002327
0.001145 -0.003743
0.001672 -0.005122
0.002684 -0.006463
0.004359 -0.007813
0.006552 -0.009148
0.008942 -0.010458
0.011358 -0.011747
0.014069 -0.013017
0.017057 -0.014260
0.020287 -0.015474
0.023712 -0.016668
0.027367 -0.017844
0.031261 -0.018996
0.035384 -0.020119
0.039719 -0.021207
0.044259 -0.022266
0.049019 -0.023300
0.053993 -0.024305
0.059174 -0.025275
0.064553 -0.026202
0.070130 -0.027097
0.075909 -0.027964
0.081883 -0.028797
0.088046 -0.029590
0.094393 -0.030340
0.100924 -0.031062
0.107638 -0.031754
0.114529 -0.032410
0.121592 -0.033022
0.128823 -0.033591
0.136222 -0.034136
0.143785 -0.034651
0.151506 -0.035126
0.159383 -0.035551
0.167410 -0.035937
0.175585 -0.036306
0.183905 -0.036644
0.192365 -0.036933
0.200960 -0.037159
0.209687 -0.037355
0.218543 -0.037541
0.227523 -0.037696
0.236622 -0.037795
0.245836 -0.037819
0.255161 -0.037809
0.264594 -0.037786
0.274129 -0.037752
0.283763 -0.037709
0.293490 -0.037652
0.303306 -0.037525
0.313208 -0.037333
0.323190 -0.037098
0.333247 -0.036841
0.343376 -0.036578
0.353572 -0.036270
0.363830 -0.035919
0.374146 -0.035535
0.384514 -0.035128
0.394930 -0.034702
0.405390 -0.034239
0.415889 -0.033741
0.426422 -0.033215
0.436984 -0.032666
0.447571 -0.032097
0.458178 -0.031496
0.468800 -0.030865
0.479432 -0.030210
0.490070 -0.029534
0.500708 -0.028838
0.511343 -0.028112
0.521969 -0.027361
0.532581 -0.026592
0.543176 -0.025810
0.553749 -0.025015
0.564294 -0.024200
0.574807 -0.023369
0.585284 -0.022529
0.595720 -0.021687
0.606111 -0.020843
0.616452 -0.019989
0.626739 -0.019130
0.636967 -0.018275
0.647132 -0.017431
0.657231 -0.016601
0.667258 -0.015778
0.677209 -0.014963
0.687079 -0.014162
0.696865 -0.013378
0.706563 -0.012614
0.716167 -0.011864
0.725674 -0.011129
0.735079 -0.010413
0.744379 -0.009720
0.753569 -0.009052
0.762645 -0.008407
0.771604 -0.007781
0.780440 -0.007177
0.789151 -0.006597
0.797732 -0.006043
0.806179 -0.005512
0.814489 -0.005001
0.822658 -0.004511
0.830682 -0.004046
0.838558 -0.003608
0.846282 -0.003198
0.853850 -0.002807
0.861260 -0.002437
0.868508 -0.002090
0.875590 -0.001770
0.882503 -0.001478
0.889245 -0.001206
0.895812 -0.000952
0.902201 -0.000718
0.908410 -0.000508
0.914435 -0.000323
0.920274 -0.000160
0.925924 -0.000006
0.931383 0.000133
0.936647 0.000252
0.941716 0.000345
0.946585 0.000409
0.951254 0.000462
0.955720 0.000508
0.959981 0.000544
0.964035 0.000568
0.967880 0.000579
0.971515 0.000576
0.974938 0.000557
0.978147 0.000529
0.981141 0.000495
0.983918 0.000460
0.986477 0.000424
0.988818 0.000378
0.990938 0.000321
0.992838 0.000263
0.994516 0.000207
0.995972 0.000158
0.997205 0.000115
0.998214 0.000076
0.999000 0.000043
0.999561 0.000019
0.999898 0.000005
1.000010 0.000000