s7055
1.000000 0.000000
0.999886 0.000013
0.999545 0.000052
0.998978 0.000119
0.998184 0.000217
0.997164 0.000351
0.995921 0.000524
0.994454 0.000737
0.992764 0.000990
0.990852 0.001282
0.988719 0.001618
0.986367 0.002000
0.983796 0.002423
0.981008 0.002888
0.978004 0.003399
0.974785 0.003954
0.971353 0.004549
0.967708 0.005183
0.963853 0.005859
0.959790 0.006575
0.955520 0.007334
0.951045 0.008133
0.946368 0.008974
0.941490 0.009857
0.936415 0.010784
0.931144 0.011755
0.925681 0.012771
0.920027 0.013829
0.914184 0.014927
0.908156 0.016067
0.901945 0.017249
0.895553 0.018471
0.888985 0.019734
0.882243 0.021038
0.875329 0.022382
0.868247 0.023761
0.860999 0.025174
0.853588 0.026621
0.846018 0.028102
0.838292 0.029612
0.830413 0.031153
0.822385 0.032725
0.814211 0.034321
0.805893 0.035938
0.797436 0.037580
0.788844 0.039242
0.780117 0.040913
0.771259 0.042583
0.762274 0.044258
0.753165 0.045933
0.743936 0.047599
0.734590 0.049252
0.725132 0.050896
0.715566 0.052531
0.705897 0.054157
0.696130 0.055776
0.686268 0.057384
0.676314 0.058969
0.666273 0.060529
0.656150 0.062069
0.645948 0.063582
0.635673 0.065064
0.625329 0.066520
0.614920 0.067945
0.604451 0.069336
0.593928 0.070694
0.583354 0.072023
0.572734 0.073307
0.562073 0.074538
0.551373 0.075724
0.540642 0.076865
0.529885 0.077953
0.519106 0.078997
0.508310 0.079998
0.497502 0.080939
0.486687 0.081816
0.475869 0.082646
0.465055 0.083414
0.454248 0.084104
0.443454 0.084740
0.432678 0.085318
0.421925 0.085819
0.411201 0.086265
0.400511 0.086669
0.389859 0.086980
0.379251 0.087182
0.368691 0.087354
0.358185 0.087466
0.347740 0.087484
0.337358 0.087412
0.327045 0.087280
0.316807 0.087118
0.306649 0.086864
0.296575 0.086497
0.286592 0.086069
0.276705 0.085582
0.266917 0.084990
0.257234 0.084324
0.247663 0.083604
0.238205 0.082791
0.228867 0.081902
0.219656 0.080956
0.210574 0.079928
0.201626 0.078822
0.192819 0.077654
0.184156 0.076407
0.175642 0.075081
0.167283 0.073699
0.159080 0.072256
0.151039 0.070744
0.143166 0.069173
0.135466 0.067541
0.127940 0.065839
0.120596 0.064081
0.113439 0.062273
0.106467 0.060403
0.099689 0.058484
0.093110 0.056523
0.086728 0.054514
0.080550 0.052461
0.074586 0.050374
0.068829 0.048246
0.063287 0.046085
0.057969 0.043902
0.052867 0.041694
0.047988 0.039464
0.043346 0.037223
0.038929 0.034968
0.034744 0.032705
0.030806 0.030443
0.027103 0.028184
0.023635 0.025934
0.020421 0.023705
0.017446 0.021508
0.014701 0.019344
0.012220 0.017222
0.009992 0.015152
0.007979 0.013141
0.006230 0.011203
0.004755 0.009352
0.003441 0.007597
0.002363 0.005958
0.001585 0.004456
0.001051 0.003092
0.000614 0.001864
0.000317 0.000844
0.000154 0.000060
0.000087 -0.000486
0.000071 -0.000805
0.000070 -0.000910
0.000072 -0.001015
0.000104 -0.001331
0.000231 -0.001864
0.000537 -0.002608
0.001080 -0.003532
0.001837 -0.004556
0.002739 -0.005572
0.004021 -0.006616
0.005679 -0.007666
0.007575 -0.008687
0.009654 -0.009684
0.012022 -0.010659
0.014649 -0.011567
0.017497 -0.012370
0.020598 -0.013113
0.023943 -0.013794
0.027505 -0.014409
0.031280 -0.014971
0.035278 -0.015490
0.039489 -0.015968
0.043903 -0.016409
0.048524 -0.016825
0.053349 -0.017211
0.058374 -0.017565
0.063596 -0.017889
0.069013 -0.018193
0.074623 -0.018471
0.080421 -0.018719
0.086406 -0.018943
0.092576 -0.019149
0.098926 -0.019333
0.105454 -0.019487
0.112157 -0.019627
0.119032 -0.019752
0.126075 -0.019853
0.133284 -0.019930
0.140655 -0.020001
0.148185 -0.020058
0.155871 -0.020089
0.163709 -0.020089
0.171695 -0.020083
0.179826 -0.020074
0.188099 -0.020061
0.196509 -0.020029
0.205053 -0.019965
0.213727 -0.019880
0.222527 -0.019787
0.231449 -0.019675
0.240489 -0.019537
0.249644 -0.019381
0.258908 -0.019215
0.268278 -0.019027
0.277750 -0.018820
0.287320 -0.018601
0.296983 -0.018379
0.306735 -0.018146
0.316572 -0.017904
0.326490 -0.017656
0.336483 -0.017404
0.346548 -0.017144
0.356680 -0.016880
0.366875 -0.016613
0.377127 -0.016344
0.387434 -0.016073
0.397789 -0.015799
0.408189 -0.015526
0.418629 -0.015252
0.429104 -0.014978
0.439609 -0.014704
0.450141 -0.014429
0.460693 -0.014153
0.471262 -0.013877
0.481843 -0.013600
0.492430 -0.013322
0.503020 -0.013043
0.513608 -0.012763
0.524188 -0.012484
0.534757 -0.012205
0.545310 -0.011928
0.555841 -0.011651
0.566346 -0.011375
0.576821 -0.011101
0.587261 -0.010829
0.597661 -0.010558
0.608016 -0.010287
0.618323 -0.010017
0.628576 -0.009747
0.638770 -0.009478
0.648902 -0.009211
0.658967 -0.008946
0.668960 -0.008684
0.678877 -0.008424
0.688714 -0.008166
0.698465 -0.007912
0.708128 -0.007660
0.717696 -0.007412
0.727168 -0.007165
0.736537 -0.006919
0.745799 -0.006674
0.754952 -0.006433
0.763990 -0.006195
0.772910 -0.005960
0.781707 -0.005728
0.790379 -0.005499
0.798920 -0.005274
0.807327 -0.005053
0.815597 -0.004836
0.823725 -0.004623
0.831709 -0.004414
0.839544 -0.004209
0.847227 -0.004009
0.854754 -0.003813
0.862123 -0.003620
0.869330 -0.003432
0.876372 -0.003247
0.883245 -0.003067
0.889947 -0.002892
0.896475 -0.002721
0.902826 -0.002555
0.908996 -0.002393
0.914983 -0.002235
0.920785 -0.002080
0.926399 -0.001930
0.931823 -0.001787
0.937053 -0.001650
0.942088 -0.001520
0.946926 -0.001396
0.951564 -0.001276
0.956000 -0.001159
0.960232 -0.001046
0.964259 -0.000938
0.968079 -0.000837
0.971689 -0.000743
0.975089 -0.000656
0.978276 -0.000574
0.981250 -0.000497
0.984009 -0.000424
0.986551 -0.000355
0.988877 -0.000291
0.990984 -0.000233
0.992872 -0.000183
0.994539 -0.000140
0.995986 -0.000103
0.997211 -0.000072
0.998215 -0.000046
0.998996 -0.000026
0.999553 -0.000011
0.999888 -0.000003
1.000000 -0.000000