s8052
1.000000 0.000000
0.999886 0.000010
0.999546 0.000040
0.998978 0.000091
0.998185 0.000165
0.997165 0.000266
0.995921 0.000396
0.994452 0.000556
0.992759 0.000741
0.990843 0.000949
0.988704 0.001181
0.986344 0.001439
0.983763 0.001725
0.980964 0.002042
0.977947 0.002388
0.974714 0.002764
0.971267 0.003174
0.967608 0.003619
0.963737 0.004100
0.959658 0.004617
0.955372 0.005168
0.950880 0.005753
0.946185 0.006373
0.941289 0.007030
0.936195 0.007723
0.930905 0.008455
0.925421 0.009227
0.919746 0.010037
0.913882 0.010883
0.907832 0.011765
0.901599 0.012686
0.895186 0.013643
0.888595 0.014636
0.881829 0.015665
0.874892 0.016730
0.867787 0.017831
0.860516 0.018965
0.853083 0.020135
0.845491 0.021340
0.837744 0.022577
0.829845 0.023844
0.821798 0.025143
0.813605 0.026472
0.805271 0.027829
0.796798 0.029211
0.788191 0.030621
0.779454 0.032055
0.770589 0.033509
0.761601 0.034981
0.752493 0.036472
0.743270 0.037980
0.733935 0.039501
0.724492 0.041036
0.714947 0.042585
0.705300 0.044140
0.695557 0.045693
0.685722 0.047247
0.675799 0.048801
0.665791 0.050343
0.655702 0.051874
0.645539 0.053404
0.635303 0.054907
0.624995 0.056356
0.614621 0.057760
0.604184 0.059123
0.593691 0.060423
0.583144 0.061650
0.572547 0.062819
0.561909 0.063931
0.551235 0.064991
0.540529 0.066006
0.529797 0.066974
0.519044 0.067885
0.508274 0.068737
0.497493 0.069544
0.486705 0.070296
0.475916 0.070983
0.465131 0.071623
0.454355 0.072213
0.443593 0.072743
0.432851 0.073220
0.422132 0.073660
0.411443 0.074040
0.400788 0.074344
0.390172 0.074622
0.379599 0.074848
0.369077 0.074979
0.358608 0.075039
0.348198 0.075083
0.337852 0.075107
0.327575 0.075088
0.317372 0.074966
0.307247 0.074779
0.297205 0.074573
0.287252 0.074307
0.277390 0.073971
0.267627 0.073592
0.257966 0.073173
0.248411 0.072685
0.238967 0.072147
0.229640 0.071571
0.220433 0.070937
0.211350 0.070248
0.202397 0.069516
0.193578 0.068730
0.184897 0.067885
0.176358 0.066992
0.167968 0.066054
0.159726 0.065056
0.151642 0.064007
0.143719 0.062908
0.135959 0.061748
0.128368 0.060531
0.120952 0.059268
0.113710 0.057952
0.106650 0.056579
0.099780 0.055148
0.093103 0.053651
0.086620 0.052086
0.080342 0.050462
0.074274 0.048778
0.068413 0.047023
0.062768 0.045218
0.057344 0.043376
0.052132 0.041485
0.047152 0.039550
0.042413 0.037572
0.037900 0.035546
0.033633 0.033483
0.029621 0.031396
0.025841 0.029281
0.022320 0.027143
0.019081 0.024993
0.016075 0.022830
0.013350 0.020661
0.010946 0.018499
0.008791 0.016336
0.006913 0.014210
0.005350 0.012162
0.004000 0.010194
0.002866 0.008329
0.002001 0.006605
0.001389 0.005044
0.000868 0.003632
0.000470 0.002409
0.000214 0.001401
0.000078 0.000621
0.000024 0.000068
0.000011 -0.000261
0.000010 -0.000370
0.000011 -0.000479
0.000026 -0.000811
0.000089 -0.001374
0.000246 -0.002172
0.000540 -0.003190
0.000992 -0.004373
0.001579 -0.005603
0.002555 -0.006849
0.004045 -0.008128
0.005875 -0.009416
0.007810 -0.010701
0.010030 -0.011980
0.012527 -0.013248
0.015243 -0.014512
0.018188 -0.015773
0.021382 -0.017021
0.024808 -0.018251
0.028451 -0.019461
0.032327 -0.020651
0.036429 -0.021819
0.040744 -0.022961
0.045274 -0.024081
0.050021 -0.025177
0.054977 -0.026244
0.060136 -0.027279
0.065502 -0.028288
0.071069 -0.029267
0.076831 -0.030212
0.082786 -0.031130
0.088934 -0.032019
0.095269 -0.032874
0.101786 -0.033695
0.108485 -0.034487
0.115362 -0.035248
0.122412 -0.035972
0.129632 -0.036664
0.137020 -0.037327
0.144571 -0.037957
0.152280 -0.038550
0.160145 -0.039118
0.168163 -0.039655
0.176329 -0.040154
0.184639 -0.040620
0.193089 -0.041060
0.201676 -0.041467
0.210396 -0.041834
0.219244 -0.042176
0.228216 -0.042490
0.237309 -0.042766
0.246517 -0.043005
0.255838 -0.043225
0.265266 -0.043413
0.274797 -0.043554
0.284427 -0.043674
0.294151 -0.043777
0.303966 -0.043841
0.313866 -0.043848
0.323847 -0.043834
0.333905 -0.043809
0.344035 -0.043775
0.354232 -0.043712
0.364492 -0.043592
0.374810 -0.043438
0.385182 -0.043273
0.395603 -0.043078
0.406067 -0.042848
0.416572 -0.042593
0.427111 -0.042316
0.437679 -0.042005
0.448273 -0.041662
0.458888 -0.041294
0.469518 -0.040901
0.480158 -0.040474
0.490805 -0.040015
0.501452 -0.039522
0.512095 -0.038988
0.522728 -0.038413
0.533348 -0.037800
0.543948 -0.037149
0.554525 -0.036447
0.565072 -0.035706
0.575587 -0.034938
0.586064 -0.034139
0.596498 -0.033304
0.606885 -0.032443
0.617221 -0.031564
0.627500 -0.030661
0.637719 -0.029736
0.647874 -0.028797
0.657959 -0.027850
0.667971 -0.026888
0.677905 -0.025917
0.687757 -0.024948
0.697524 -0.023982
0.707201 -0.023014
0.716783 -0.022051
0.726268 -0.021101
0.735651 -0.020161
0.744927 -0.019230
0.754093 -0.018315
0.763146 -0.017422
0.772081 -0.016548
0.780894 -0.015693
0.789581 -0.014860
0.798140 -0.014052
0.806565 -0.013265
0.814853 -0.012501
0.823000 -0.011762
0.831004 -0.011051
0.838859 -0.010363
0.846564 -0.009701
0.854114 -0.009066
0.861505 -0.008459
0.868736 -0.007878
0.875801 -0.007323
0.882699 -0.006794
0.889425 -0.006292
0.895978 -0.005814
0.902353 -0.005360
0.908549 -0.004931
0.914561 -0.004525
0.920388 -0.004141
0.926027 -0.003780
0.931475 -0.003440
0.936730 -0.003123
0.941789 -0.002828
0.946650 -0.002552
0.951310 -0.002289
0.955768 -0.002039
0.960022 -0.001803
0.964068 -0.001580
0.967907 -0.001368
0.971535 -0.001166
0.974951 -0.000971
0.978154 -0.000790
0.981142 -0.000628
0.983915 -0.000484
0.986471 -0.000349
0.988809 -0.000234
0.990928 -0.000146
0.992827 -0.000087
0.994505 -0.000037
0.995960 -0.000002
0.997194 0.000016
0.998203 0.000020
0.998989 0.000015
0.999551 0.000007
0.999888 0.000002
1.000000 -0.000000