sa7035
1.000000 0.000000
0.999887 0.000010
0.999547 0.000040
0.998981 0.000091
0.998189 0.000166
0.997173 0.000270
0.995932 0.000405
0.994468 0.000573
0.992782 0.000774
0.990874 0.001009
0.988745 0.001284
0.986398 0.001597
0.983832 0.001948
0.981049 0.002335
0.978051 0.002764
0.974839 0.003235
0.971414 0.003745
0.967779 0.004297
0.963935 0.004893
0.959884 0.005532
0.955627 0.006210
0.951166 0.006928
0.946504 0.007688
0.941643 0.008489
0.936584 0.009327
0.931330 0.010205
0.925883 0.011122
0.920245 0.012074
0.914418 0.013057
0.908405 0.014072
0.902209 0.015119
0.895831 0.016194
0.889275 0.017293
0.882542 0.018419
0.875637 0.019569
0.868561 0.020738
0.861318 0.021924
0.853910 0.023129
0.846341 0.024348
0.838613 0.025577
0.830731 0.026815
0.822696 0.028063
0.814513 0.029317
0.806185 0.030573
0.797716 0.031835
0.789109 0.033097
0.780368 0.034357
0.771497 0.035614
0.762499 0.036869
0.753379 0.038117
0.744141 0.039357
0.734788 0.040589
0.725324 0.041812
0.715755 0.043027
0.706085 0.044232
0.696317 0.045429
0.686456 0.046614
0.676507 0.047786
0.666474 0.048948
0.656362 0.050098
0.646174 0.051229
0.635915 0.052337
0.625589 0.053427
0.615202 0.054496
0.604757 0.055540
0.594260 0.056561
0.583715 0.057559
0.573127 0.058532
0.562501 0.059476
0.551841 0.060399
0.541153 0.061292
0.530440 0.062147
0.519707 0.062965
0.508960 0.063752
0.498203 0.064502
0.487441 0.065215
0.476679 0.065900
0.465923 0.066548
0.455176 0.067146
0.444443 0.067703
0.433730 0.068225
0.423041 0.068697
0.412381 0.069114
0.401755 0.069500
0.391168 0.069838
0.380626 0.070111
0.370131 0.070365
0.359691 0.070582
0.349309 0.070702
0.338990 0.070718
0.328739 0.070725
0.318562 0.070729
0.308462 0.070718
0.298445 0.070587
0.288515 0.070366
0.278677 0.070117
0.268937 0.069823
0.259297 0.069449
0.249764 0.069023
0.240343 0.068553
0.231037 0.068004
0.221851 0.067395
0.212791 0.066743
0.203859 0.066024
0.195062 0.065241
0.186404 0.064408
0.177889 0.063510
0.169520 0.062543
0.161305 0.061520
0.153248 0.060441
0.145350 0.059291
0.137617 0.058086
0.130055 0.056835
0.122663 0.055525
0.115450 0.054160
0.108422 0.052743
0.101578 0.051262
0.094925 0.049725
0.088470 0.048144
0.082211 0.046511
0.076153 0.044827
0.070306 0.043105
0.064665 0.041342
0.059236 0.039535
0.054031 0.037692
0.049049 0.035809
0.044289 0.033887
0.039764 0.031941
0.035470 0.029978
0.031403 0.027994
0.027582 0.026000
0.024001 0.024005
0.020651 0.022009
0.017562 0.020015
0.014734 0.018028
0.012139 0.016052
0.009819 0.014102
0.007771 0.012192
0.005937 0.010326
0.004392 0.008523
0.003136 0.006801
0.001981 0.005163
0.001147 0.003647
0.000756 0.002286
0.000626 0.001035
0.000545 -0.000048
0.000502 -0.000860
0.000484 -0.001398
0.000480 -0.001696
0.000480 -0.001790
0.000484 -0.001883
0.000536 -0.002157
0.000748 -0.002602
0.001250 -0.003195
0.002119 -0.003903
0.003267 -0.004674
0.004458 -0.005453
0.005904 -0.006250
0.007638 -0.007052
0.009618 -0.007859
0.011783 -0.008686
0.014181 -0.009521
0.016818 -0.010348
0.019680 -0.011156
0.022759 -0.011941
0.026068 -0.012709
0.029602 -0.013451
0.033349 -0.014158
0.037311 -0.014834
0.041490 -0.015483
0.045879 -0.016101
0.050471 -0.016689
0.055269 -0.017253
0.060270 -0.017791
0.065469 -0.018298
0.070863 -0.018778
0.076451 -0.019236
0.082230 -0.019667
0.088196 -0.020063
0.094346 -0.020432
0.100679 -0.020779
0.107191 -0.021095
0.113877 -0.021374
0.120736 -0.021633
0.127765 -0.021869
0.134959 -0.022071
0.142316 -0.022241
0.149832 -0.022398
0.157503 -0.022530
0.165327 -0.022620
0.173299 -0.022683
0.181416 -0.022736
0.189674 -0.022771
0.198070 -0.022779
0.206599 -0.022756
0.215259 -0.022709
0.224044 -0.022650
0.232951 -0.022579
0.241976 -0.022474
0.251115 -0.022340
0.260364 -0.022193
0.269719 -0.022034
0.279175 -0.021852
0.288729 -0.021650
0.298375 -0.021436
0.308111 -0.021205
0.317930 -0.020954
0.327830 -0.020688
0.337806 -0.020411
0.347852 -0.020120
0.357966 -0.019814
0.368142 -0.019496
0.378375 -0.019169
0.388662 -0.018831
0.398997 -0.018481
0.409377 -0.018123
0.419795 -0.017757
0.430249 -0.017382
0.440733 -0.016998
0.451243 -0.016606
0.461773 -0.016207
0.472319 -0.015800
0.482877 -0.015384
0.493442 -0.014961
0.504008 -0.014528
0.514572 -0.014088
0.525129 -0.013640
0.535673 -0.013188
0.546201 -0.012728
0.556708 -0.012262
0.567188 -0.011794
0.577638 -0.011330
0.588053 -0.010865
0.598429 -0.010402
0.608759 -0.009942
0.619042 -0.009485
0.629270 -0.009029
0.639441 -0.008578
0.649549 -0.008134
0.659591 -0.007698
0.669561 -0.007269
0.679455 -0.006847
0.689269 -0.006435
0.698999 -0.006034
0.708640 -0.005642
0.718188 -0.005259
0.727639 -0.004888
0.736988 -0.004528
0.746232 -0.004178
0.755365 -0.003839
0.764385 -0.003514
0.773287 -0.003203
0.782068 -0.002903
0.790722 -0.002616
0.799247 -0.002342
0.807639 -0.002081
0.815893 -0.001830
0.824007 -0.001593
0.831976 -0.001371
0.839798 -0.001162
0.847468 -0.000965
0.854983 -0.000780
0.862339 -0.000607
0.869535 -0.000444
0.876565 -0.000292
0.883428 -0.000150
0.890119 -0.000018
0.896637 0.000105
0.902977 0.000219
0.909138 0.000323
0.915117 0.000416
0.920910 0.000505
0.926516 0.000586
0.931931 0.000654
0.937154 0.000705
0.942182 0.000752
0.947013 0.000791
0.951645 0.000815
0.956075 0.000820
0.960301 0.000816
0.964323 0.000808
0.968137 0.000798
0.971742 0.000785
0.975137 0.000754
0.978320 0.000709
0.981289 0.000658
0.984043 0.000607
0.986582 0.000550
0.988904 0.000487
0.991007 0.000422
0.992891 0.000358
0.994555 0.000293
0.995998 0.000229
0.997220 0.000168
0.998221 0.000115
0.998999 0.000068
0.999555 0.000031
0.999889 0.000008
1.000000 0.000000