saratov
1.000000 0.000000
0.999889 0.000033
0.999555 0.000131
0.998998 0.000296
0.998220 0.000525
0.997219 0.000820
0.995997 0.001180
0.994554 0.001604
0.992890 0.002093
0.991007 0.002646
0.988905 0.003262
0.986584 0.003941
0.984047 0.004683
0.981293 0.005486
0.978325 0.006350
0.975142 0.007274
0.971747 0.008258
0.968141 0.009301
0.964326 0.010401
0.960303 0.011558
0.956073 0.012771
0.951639 0.014038
0.947002 0.015359
0.942164 0.016733
0.937127 0.018158
0.931893 0.019633
0.926465 0.021157
0.920845 0.022729
0.915035 0.024347
0.909037 0.026009
0.902854 0.027715
0.896489 0.029465
0.889945 0.031263
0.883226 0.033108
0.876333 0.034998
0.869270 0.036928
0.862039 0.038895
0.854641 0.040894
0.847081 0.042922
0.839360 0.044974
0.831482 0.047043
0.823448 0.049124
0.815261 0.051212
0.806924 0.053299
0.798439 0.055379
0.789810 0.057459
0.781041 0.059542
0.772136 0.061626
0.763099 0.063711
0.753935 0.065795
0.744648 0.067877
0.735242 0.069955
0.725724 0.072030
0.716097 0.074100
0.706366 0.076164
0.696537 0.078222
0.686611 0.080276
0.676592 0.082324
0.666485 0.084363
0.656294 0.086390
0.646024 0.088403
0.635679 0.090396
0.625265 0.092369
0.614786 0.094317
0.604246 0.096238
0.593652 0.098135
0.583007 0.100036
0.572317 0.101931
0.561585 0.103807
0.550816 0.105653
0.540013 0.107455
0.529180 0.109199
0.518323 0.110874
0.507444 0.112466
0.496549 0.113976
0.485640 0.115572
0.474723 0.117249
0.463804 0.118930
0.452890 0.120542
0.441986 0.122010
0.431099 0.123261
0.420234 0.124222
0.409397 0.124823
0.398595 0.124998
0.387817 0.124835
0.377066 0.124440
0.366353 0.123846
0.355692 0.123086
0.345095 0.122193
0.334574 0.121197
0.324141 0.120129
0.313809 0.119019
0.303586 0.117895
0.293480 0.116720
0.283479 0.115295
0.273584 0.113643
0.263802 0.111804
0.254137 0.109817
0.244593 0.107718
0.235175 0.105543
0.225887 0.103326
0.216732 0.101097
0.207716 0.098885
0.198841 0.096716
0.190125 0.094468
0.181570 0.092099
0.173171 0.089662
0.164923 0.087206
0.156822 0.084777
0.148863 0.082416
0.141034 0.080143
0.133346 0.077930
0.125818 0.075741
0.118471 0.073545
0.111321 0.071314
0.104383 0.069025
0.097665 0.066664
0.091127 0.064260
0.084770 0.061828
0.078611 0.059370
0.072663 0.056891
0.066937 0.054394
0.061444 0.051886
0.056190 0.049372
0.051180 0.046860
0.046409 0.044327
0.041861 0.041732
0.037545 0.039109
0.033467 0.036490
0.029630 0.033905
0.026036 0.031377
0.022638 0.028923
0.019391 0.026519
0.016430 0.024136
0.013855 0.021760
0.011682 0.019377
0.009563 0.016941
0.007536 0.014526
0.005709 0.012210
0.004142 0.010048
0.002862 0.008076
0.001868 0.006316
0.001137 0.004781
0.000634 0.003470
0.000314 0.002382
0.000131 0.001508
0.000042 0.000841
0.000008 0.000371
0.000001 0.000092
0.000000 0.000000
0.000001 -0.000092
0.000012 -0.000371
0.000062 -0.000840
0.000193 -0.001505
0.000459 -0.002371
0.000922 -0.003442
0.001642 -0.004714
0.002671 -0.006175
0.004044 -0.007799
0.005766 -0.009541
0.007802 -0.011331
0.010061 -0.013070
0.012386 -0.014620
0.014905 -0.016011
0.017922 -0.017356
0.021329 -0.018531
0.024950 -0.019372
0.028737 -0.019966
0.032795 -0.020530
0.037111 -0.021033
0.041664 -0.021434
0.046427 -0.021689
0.051366 -0.021749
0.056504 -0.021725
0.061855 -0.021669
0.067410 -0.021578
0.073163 -0.021453
0.079104 -0.021291
0.085223 -0.021094
0.091506 -0.020861
0.097942 -0.020592
0.104518 -0.020167
0.111242 -0.019246
0.118111 -0.017876
0.125126 -0.016149
0.132285 -0.014174
0.139590 -0.012081
0.147040 -0.010016
0.154632 -0.008061
0.162352 -0.005984
0.170198 -0.003777
0.178170 -0.001462
0.186271 0.000933
0.194502 0.003378
0.202866 0.005842
0.211358 0.008341
0.219972 0.010886
0.228703 0.013478
0.237546 0.016119
0.246495 0.018812
0.255546 0.021559
0.264692 0.024361
0.273928 0.027223
0.283248 0.030145
0.292646 0.033132
0.302115 0.036202
0.311618 0.039737
0.321150 0.043768
0.330721 0.048112
0.340345 0.052575
0.350036 0.056954
0.359808 0.061038
0.369676 0.064612
0.379655 0.067450
0.389761 0.069324
0.400012 0.070000
0.410417 0.069858
0.420963 0.069458
0.431623 0.068839
0.442373 0.068041
0.453187 0.067106
0.464039 0.066074
0.474902 0.064988
0.485750 0.063892
0.496555 0.062827
0.507308 0.061783
0.518041 0.060624
0.528753 0.059362
0.539442 0.058022
0.550105 0.056627
0.560739 0.055201
0.571341 0.053766
0.581909 0.052345
0.592438 0.050962
0.602927 0.049634
0.613367 0.048329
0.623753 0.047031
0.634080 0.045740
0.644344 0.044457
0.654539 0.043183
0.664662 0.041917
0.674708 0.040662
0.684672 0.039416
0.694550 0.038181
0.704338 0.036958
0.714031 0.035746
0.723625 0.034547
0.733116 0.033361
0.742499 0.032188
0.751770 0.031029
0.760926 0.029884
0.769961 0.028755
0.778873 0.027641
0.787657 0.026543
0.796309 0.025461
0.804826 0.024397
0.813203 0.023350
0.821436 0.022320
0.829524 0.021310
0.837460 0.020317
0.845243 0.019345
0.852868 0.018391
0.860333 0.017458
0.867634 0.016546
0.874767 0.015654
0.881729 0.014784
0.888518 0.013935
0.895131 0.013109
0.901564 0.012305
0.907814 0.011523
0.913879 0.010765
0.919757 0.010030
0.925444 0.009320
0.930938 0.008633
0.936236 0.007971
0.941336 0.007333
0.946237 0.006720
0.950935 0.006133
0.955429 0.005571
0.959716 0.005035
0.963795 0.004526
0.967664 0.004042
0.971321 0.003585
0.974765 0.003154
0.977994 0.002751
0.981006 0.002374
0.983801 0.002025
0.986377 0.001703
0.988732 0.001408
0.990867 0.001142
0.992779 0.000903
0.994468 0.000691
0.995934 0.000508
0.997175 0.000353
0.998192 0.000226
0.998982 0.000127
0.999548 0.000057
0.999887 0.000014
1.000000 0.000000