sc20710
1.000000 -0.011900
0.999892 -0.011868
0.999566 -0.011772
0.999024 -0.011612
0.998265 -0.011390
0.997290 -0.011104
0.996098 -0.010756
0.994690 -0.010348
0.993067 -0.009879
0.991229 -0.009351
0.989177 -0.008765
0.986911 -0.008121
0.984432 -0.007421
0.981739 -0.006673
0.978832 -0.005886
0.975710 -0.005060
0.972375 -0.004199
0.968828 -0.003309
0.965068 -0.002398
0.961098 -0.001458
0.956923 -0.000482
0.952544 0.000525
0.947960 0.001557
0.943175 0.002612
0.938189 0.003686
0.933003 0.004773
0.927626 0.005901
0.922061 0.007074
0.916303 0.008251
0.910353 0.009431
0.904214 0.010604
0.897893 0.011802
0.891397 0.013040
0.884718 0.014256
0.877865 0.015486
0.870844 0.016752
0.863649 0.017984
0.856289 0.019235
0.848770 0.020501
0.841084 0.021727
0.833248 0.022988
0.825255 0.024218
0.817111 0.025436
0.808825 0.026670
0.800390 0.027847
0.791811 0.028966
0.783101 0.030105
0.774257 0.031202
0.765279 0.032226
0.756178 0.033225
0.746959 0.034211
0.737622 0.035140
0.728177 0.036070
0.718621 0.036925
0.708966 0.037787
0.699209 0.038564
0.689361 0.039347
0.679421 0.040041
0.669400 0.040742
0.659301 0.041449
0.649130 0.042156
0.638885 0.042767
0.628576 0.043386
0.618208 0.043995
0.607780 0.044511
0.597303 0.045035
0.586781 0.045565
0.576217 0.046058
0.565614 0.046475
0.554980 0.046901
0.544321 0.047335
0.533638 0.047694
0.522936 0.048012
0.512223 0.048333
0.501502 0.048661
0.490777 0.048885
0.480053 0.049099
0.469337 0.049314
0.458633 0.049517
0.447944 0.049621
0.437276 0.049727
0.426635 0.049834
0.416024 0.049949
0.405449 0.050000
0.394914 0.050000
0.384424 0.050000
0.373983 0.050000
0.363597 0.049944
0.353270 0.049833
0.343007 0.049730
0.332812 0.049633
0.322690 0.049457
0.312646 0.049253
0.302684 0.049054
0.292807 0.048862
0.283023 0.048595
0.273334 0.048300
0.263744 0.048019
0.254260 0.047676
0.244884 0.047295
0.235620 0.046930
0.226473 0.046532
0.217448 0.046075
0.208548 0.045619
0.199780 0.045087
0.191143 0.044569
0.182642 0.044065
0.174283 0.043505
0.166069 0.042929
0.158003 0.042349
0.150092 0.041708
0.142340 0.041013
0.134745 0.040333
0.127312 0.039641
0.120049 0.038905
0.112957 0.038136
0.106041 0.037332
0.099301 0.036517
0.092733 0.035741
0.086355 0.034910
0.080167 0.034024
0.074166 0.033143
0.068359 0.032235
0.062751 0.031287
0.057344 0.030318
0.052138 0.029328
0.047141 0.028307
0.042353 0.027255
0.037788 0.026151
0.033442 0.024997
0.029328 0.023797
0.025426 0.022574
0.021770 0.021294
0.018397 0.019921
0.015259 0.018457
0.012393 0.016936
0.009829 0.015390
0.007515 0.013788
0.005534 0.012127
0.003908 0.010426
0.002582 0.008693
0.001764 0.007036
0.001153 0.005462
0.000678 0.004031
0.000350 0.002795
0.000151 0.001780
0.000050 0.000995
0.000010 0.000440
0.000001 0.000109
0.000000 0.000000
0.000001 -0.000109
0.000010 -0.000440
0.000050 -0.000995
0.000151 -0.001779
0.000349 -0.002794
0.000677 -0.004029
0.001152 -0.005458
0.001762 -0.007031
0.002578 -0.008688
0.003902 -0.010419
0.005527 -0.012120
0.007505 -0.013781
0.009817 -0.015383
0.012378 -0.016928
0.015242 -0.018448
0.018377 -0.019913
0.021748 -0.021286
0.025400 -0.022565
0.029299 -0.023788
0.033410 -0.024988
0.037752 -0.026142
0.042314 -0.027246
0.047098 -0.028298
0.052091 -0.029319
0.057293 -0.030308
0.062696 -0.031278
0.068300 -0.032226
0.074102 -0.033134
0.080099 -0.034014
0.086282 -0.034899
0.092655 -0.035732
0.099218 -0.036507
0.105953 -0.037322
0.112864 -0.038125
0.119950 -0.038895
0.127208 -0.039631
0.134635 -0.040323
0.142225 -0.041002
0.149971 -0.041698
0.157876 -0.042339
0.165936 -0.042920
0.174144 -0.043490
0.182494 -0.044077
0.190984 -0.044663
0.199615 -0.045177
0.208376 -0.045709
0.217270 -0.046166
0.226287 -0.046623
0.235427 -0.047022
0.244685 -0.047387
0.254054 -0.047768
0.263531 -0.048112
0.273114 -0.048393
0.282795 -0.048687
0.292572 -0.048957
0.302441 -0.049149
0.312396 -0.049351
0.322433 -0.049529
0.332548 -0.049625
0.342736 -0.049733
0.352991 -0.049800
0.363311 -0.049800
0.373689 -0.049800
0.384122 -0.049773
0.394604 -0.049654
0.405131 -0.049553
0.415697 -0.049393
0.426298 -0.049174
0.436930 -0.048967
0.447586 -0.048675
0.458263 -0.048357
0.468953 -0.047942
0.479655 -0.047515
0.490359 -0.046982
0.501065 -0.046441
0.511763 -0.045795
0.522453 -0.045138
0.533122 -0.044358
0.543770 -0.043503
0.554393 -0.042617
0.564979 -0.041609
0.575530 -0.040554
0.586039 -0.039441
0.596503 -0.038292
0.606914 -0.037074
0.617273 -0.035834
0.627568 -0.034519
0.637802 -0.033192
0.647961 -0.031787
0.658050 -0.030373
0.668069 -0.028976
0.677999 -0.027502
0.687845 -0.026023
0.697608 -0.024565
0.707269 -0.023040
0.716833 -0.021507
0.726299 -0.019992
0.735664 -0.018494
0.744922 -0.017006
0.754076 -0.015582
0.763125 -0.014231
0.772054 -0.012890
0.780861 -0.011576
0.789555 -0.010362
0.798116 -0.009157
0.806552 -0.008037
0.814859 -0.007004
0.823032 -0.006052
0.831067 -0.005196
0.838967 -0.004488
0.846717 -0.003842
0.854319 -0.003316
0.861767 -0.002918
0.869057 -0.002633
0.876181 -0.002389
0.883137 -0.002254
0.889921 -0.002200
0.896529 -0.002250
0.902956 -0.002361
0.909199 -0.002568
0.915251 -0.002880
0.921111 -0.003278
0.926777 -0.003721
0.932245 -0.004204
0.937514 -0.004728
0.942577 -0.005306
0.947433 -0.005945
0.952083 -0.006594
0.956525 -0.007250
0.960756 -0.007925
0.964772 -0.008621
0.968574 -0.009326
0.972160 -0.010027
0.975531 -0.010724
0.978684 -0.011407
0.981621 -0.012068
0.984340 -0.012704
0.986842 -0.013310
0.989126 -0.013879
0.991193 -0.014405
0.993041 -0.014888
0.994673 -0.015323
0.996086 -0.015706
0.997282 -0.016036
0.998261 -0.016308
0.999022 -0.016522
0.999565 -0.016676
0.999891 -0.016769
1.000000 -0.016800