sc20403
1.000000 -0.001300
0.999889 -0.001288
0.999557 -0.001254
0.999004 -0.001196
0.998229 -0.001116
0.997233 -0.001013
0.996017 -0.000889
0.994582 -0.000745
0.992926 -0.000582
0.991052 -0.000400
0.988960 -0.000202
0.986650 0.000009
0.984124 0.000234
0.981383 0.000476
0.978429 0.000743
0.975262 0.001033
0.971885 0.001337
0.968297 0.001642
0.964500 0.001945
0.960495 0.002260
0.956288 0.002602
0.951877 0.002956
0.947264 0.003298
0.942450 0.003631
0.937440 0.003982
0.932236 0.004351
0.926838 0.004697
0.921248 0.005026
0.915471 0.005378
0.909510 0.005727
0.903363 0.006035
0.897037 0.006352
0.890534 0.006676
0.883854 0.006950
0.877004 0.007220
0.869986 0.007501
0.862803 0.007788
0.855459 0.008088
0.847956 0.008367
0.840296 0.008591
0.832485 0.008825
0.824525 0.009064
0.816422 0.009310
0.808177 0.009548
0.799793 0.009755
0.791277 0.009968
0.782631 0.010184
0.773858 0.010404
0.764964 0.010626
0.755952 0.010854
0.746825 0.011067
0.737588 0.011248
0.728245 0.011435
0.718800 0.011624
0.709258 0.011815
0.699622 0.012008
0.689898 0.012202
0.680088 0.012398
0.670199 0.012597
0.660232 0.012747
0.650195 0.012897
0.640090 0.013049
0.629922 0.013201
0.619697 0.013355
0.609418 0.013509
0.599090 0.013664
0.588718 0.013815
0.578306 0.013917
0.567858 0.014021
0.557380 0.014126
0.546877 0.014231
0.536352 0.014336
0.525811 0.014442
0.515258 0.014551
0.504698 0.014628
0.494135 0.014679
0.483574 0.014732
0.473021 0.014785
0.462480 0.014838
0.451954 0.014890
0.441450 0.014943
0.430972 0.014999
0.420524 0.015000
0.410111 0.015000
0.399738 0.015000
0.389409 0.015000
0.379129 0.015000
0.368902 0.015000
0.358734 0.014998
0.348628 0.014943
0.338589 0.014893
0.328622 0.014843
0.318730 0.014794
0.308919 0.014745
0.299193 0.014694
0.289556 0.014596
0.280012 0.014500
0.270566 0.014406
0.261221 0.014312
0.251983 0.014220
0.242854 0.014131
0.233840 0.014010
0.224944 0.013874
0.216170 0.013743
0.207522 0.013614
0.199004 0.013482
0.190619 0.013312
0.182373 0.013147
0.174267 0.012985
0.166305 0.012826
0.158492 0.012671
0.150830 0.012519
0.143325 0.012304
0.135979 0.012079
0.128793 0.011864
0.121773 0.011653
0.114920 0.011453
0.108239 0.011236
0.101733 0.010971
0.095404 0.010716
0.089254 0.010470
0.083287 0.010238
0.077505 0.009983
0.071913 0.009697
0.066510 0.009429
0.061300 0.009169
0.056285 0.008889
0.051469 0.008594
0.046853 0.008291
0.042439 0.007980
0.038229 0.007668
0.034224 0.007361
0.030428 0.007039
0.026844 0.006690
0.023472 0.006321
0.020316 0.005940
0.017374 0.005559
0.014645 0.005176
0.012139 0.004781
0.009860 0.004373
0.007802 0.003937
0.005974 0.003476
0.004369 0.003015
0.002963 0.002555
0.001904 0.002042
0.001001 0.001397
0.000371 0.000783
0.000081 0.000337
0.000005 0.000082
0.000000 0.000000
0.000005 -0.000082
0.000081 -0.000337
0.000371 -0.000783
0.001001 -0.001397
0.001904 -0.002042
0.002963 -0.002554
0.004369 -0.003015
0.005973 -0.003476
0.007802 -0.003937
0.009860 -0.004373
0.012139 -0.004781
0.014645 -0.005176
0.017373 -0.005559
0.020316 -0.005940
0.023472 -0.006321
0.026844 -0.006690
0.030427 -0.007039
0.034223 -0.007361
0.038228 -0.007668
0.042438 -0.007980
0.046852 -0.008291
0.051468 -0.008594
0.056284 -0.008889
0.061298 -0.009169
0.066509 -0.009429
0.071911 -0.009697
0.077504 -0.009983
0.083285 -0.010238
0.089252 -0.010470
0.095402 -0.010716
0.101731 -0.010969
0.108236 -0.011229
0.114916 -0.011504
0.121766 -0.011758
0.128787 -0.011964
0.135972 -0.012179
0.143319 -0.012400
0.150823 -0.012625
0.158483 -0.012861
0.166296 -0.013029
0.174257 -0.013185
0.182363 -0.013347
0.190609 -0.013512
0.198993 -0.013680
0.207511 -0.013850
0.216158 -0.014023
0.224931 -0.014207
0.233826 -0.014343
0.242841 -0.014428
0.251969 -0.014520
0.261208 -0.014612
0.270552 -0.014706
0.279998 -0.014800
0.289541 -0.014895
0.299178 -0.014999
0.308905 -0.015000
0.318716 -0.015000
0.328607 -0.015000
0.338574 -0.015000
0.348613 -0.015000
0.358719 -0.015000
0.368887 -0.015000
0.379113 -0.015000
0.389393 -0.014906
0.399721 -0.014803
0.410093 -0.014699
0.420506 -0.014595
0.430953 -0.014490
0.441430 -0.014386
0.451934 -0.014270
0.462457 -0.014051
0.472996 -0.013840
0.483547 -0.013629
0.494105 -0.013418
0.504666 -0.013211
0.515223 -0.012950
0.525771 -0.012627
0.536308 -0.012311
0.546828 -0.011995
0.557328 -0.011680
0.567801 -0.011366
0.578244 -0.011058
0.588649 -0.010655
0.599014 -0.010239
0.609334 -0.009827
0.619606 -0.009416
0.629824 -0.009007
0.639984 -0.008601
0.650082 -0.008197
0.660113 -0.007795
0.670072 -0.007397
0.679955 -0.007002
0.689759 -0.006610
0.699477 -0.006221
0.709107 -0.005836
0.718643 -0.005454
0.728082 -0.005077
0.737419 -0.004703
0.746651 -0.004334
0.755773 -0.003969
0.764780 -0.003609
0.773670 -0.003253
0.782438 -0.002902
0.791080 -0.002557
0.799592 -0.002216
0.807970 -0.001874
0.816214 -0.001610
0.824318 -0.001370
0.832277 -0.001132
0.840089 -0.000897
0.847748 -0.000659
0.855254 -0.000490
0.862603 -0.000348
0.869790 -0.000204
0.876812 -0.000054
0.883666 0.000042
0.890351 0.000104
0.896861 0.000183
0.903195 0.000200
0.909350 0.000200
0.915321 0.000158
0.921108 0.000089
0.926707 0.000038
0.932116 -0.000032
0.937332 -0.000137
0.942353 -0.000261
0.947176 -0.000406
0.951799 -0.000564
0.956220 -0.000737
0.960438 -0.000920
0.964450 -0.001110
0.968254 -0.001306
0.971850 -0.001502
0.975235 -0.001696
0.978408 -0.001894
0.981367 -0.002097
0.984111 -0.002308
0.986639 -0.002516
0.988950 -0.002711
0.991044 -0.002889
0.992920 -0.003052
0.994576 -0.003199
0.996014 -0.003329
0.997231 -0.003441
0.998227 -0.003533
0.999003 -0.003606
0.999557 -0.003658
0.999889 -0.003689
1.000000 -0.003700