sc20402
1.000000 -0.003600
0.999889 -0.003589
0.999557 -0.003556
0.999004 -0.003501
0.998230 -0.003424
0.997235 -0.003327
0.996019 -0.003210
0.994584 -0.003073
0.992930 -0.002918
0.991057 -0.002745
0.988966 -0.002557
0.986657 -0.002353
0.984133 -0.002135
0.981393 -0.001909
0.978439 -0.001683
0.975271 -0.001457
0.971891 -0.001227
0.968301 -0.000986
0.964504 -0.000737
0.960499 -0.000481
0.956290 -0.000222
0.951877 0.000041
0.947264 0.000305
0.942450 0.000570
0.937440 0.000831
0.932234 0.001089
0.926837 0.001360
0.921250 0.001640
0.915475 0.001910
0.909514 0.002170
0.903371 0.002417
0.897048 0.002670
0.890549 0.002929
0.883875 0.003167
0.877030 0.003406
0.870018 0.003649
0.862840 0.003866
0.855500 0.004085
0.848003 0.004311
0.840350 0.004540
0.832546 0.004737
0.824593 0.004935
0.816496 0.005138
0.808258 0.005344
0.799884 0.005553
0.791375 0.005768
0.782737 0.005946
0.773972 0.006121
0.765086 0.006298
0.756082 0.006478
0.746963 0.006661
0.737735 0.006845
0.728401 0.007032
0.718966 0.007221
0.709433 0.007410
0.699806 0.007553
0.690090 0.007699
0.680290 0.007846
0.670409 0.007994
0.660453 0.008143
0.650425 0.008294
0.640330 0.008445
0.630173 0.008598
0.619957 0.008700
0.609687 0.008803
0.599369 0.008906
0.589007 0.009010
0.578605 0.009114
0.568168 0.009218
0.557700 0.009323
0.547207 0.009430
0.536692 0.009519
0.526161 0.009569
0.515618 0.009622
0.505068 0.009675
0.494516 0.009727
0.483966 0.009780
0.473423 0.009833
0.462892 0.009886
0.452377 0.009938
0.441884 0.009997
0.431416 0.010000
0.420978 0.010000
0.410575 0.010000
0.400212 0.010000
0.389894 0.010000
0.379624 0.010000
0.369407 0.010000
0.359249 0.010000
0.349153 0.010000
0.339124 0.009999
0.329166 0.009946
0.319285 0.009896
0.309483 0.009847
0.299767 0.009799
0.290139 0.009751
0.280604 0.009703
0.271167 0.009656
0.261831 0.009611
0.252602 0.009528
0.243482 0.009435
0.234476 0.009345
0.225589 0.009256
0.216823 0.009168
0.208183 0.009082
0.199672 0.008997
0.191295 0.008915
0.183056 0.008798
0.174958 0.008674
0.167003 0.008555
0.159197 0.008438
0.151542 0.008325
0.144043 0.008184
0.136701 0.008034
0.129522 0.007890
0.122506 0.007753
0.115659 0.007595
0.108983 0.007425
0.102480 0.007265
0.096155 0.007089
0.090009 0.006900
0.084046 0.006725
0.078267 0.006543
0.072677 0.006345
0.067276 0.006156
0.062067 0.005975
0.057053 0.005789
0.052237 0.005596
0.047620 0.005390
0.043205 0.005168
0.038994 0.004947
0.034987 0.004736
0.031187 0.004522
0.027596 0.004298
0.024216 0.004069
0.021049 0.003833
0.018095 0.003594
0.015355 0.003356
0.012833 0.003113
0.010530 0.002862
0.008447 0.002602
0.006584 0.002325
0.004949 0.002040
0.003512 0.001766
0.002333 0.001464
0.001351 0.001075
0.000530 0.000616
0.000119 0.000264
0.000008 0.000063
0.000000 0.000000
0.000008 -0.000063
0.000119 -0.000264
0.000530 -0.000616
0.001350 -0.001075
0.002333 -0.001464
0.003512 -0.001766
0.004948 -0.002040
0.006584 -0.002325
0.008446 -0.002601
0.010529 -0.002862
0.012831 -0.003113
0.015354 -0.003356
0.018094 -0.003594
0.021047 -0.003833
0.024214 -0.004069
0.027594 -0.004298
0.031184 -0.004522
0.034983 -0.004736
0.038990 -0.004947
0.043201 -0.005167
0.047616 -0.005390
0.052232 -0.005596
0.057048 -0.005789
0.062062 -0.005975
0.067270 -0.006156
0.072670 -0.006345
0.078260 -0.006542
0.084038 -0.006724
0.090002 -0.006900
0.096147 -0.007088
0.102471 -0.007265
0.108973 -0.007425
0.115649 -0.007595
0.122495 -0.007753
0.129510 -0.007890
0.136690 -0.008034
0.144030 -0.008183
0.151529 -0.008325
0.159183 -0.008438
0.166989 -0.008555
0.174942 -0.008674
0.183040 -0.008798
0.191279 -0.008915
0.199655 -0.008997
0.208165 -0.009082
0.216804 -0.009168
0.225569 -0.009256
0.234456 -0.009345
0.243461 -0.009435
0.252580 -0.009527
0.261809 -0.009611
0.271143 -0.009656
0.280580 -0.009703
0.290114 -0.009751
0.299741 -0.009799
0.309457 -0.009847
0.319257 -0.009896
0.329138 -0.009949
0.339095 -0.009950
0.349123 -0.009950
0.359218 -0.009950
0.369375 -0.009950
0.379591 -0.009950
0.389860 -0.009950
0.400178 -0.009950
0.410540 -0.009897
0.420941 -0.009845
0.431378 -0.009793
0.441845 -0.009736
0.452337 -0.009627
0.462851 -0.009521
0.473381 -0.009416
0.483922 -0.009311
0.494471 -0.009208
0.505021 -0.009078
0.515569 -0.008916
0.526110 -0.008758
0.536640 -0.008600
0.547152 -0.008446
0.557643 -0.008248
0.568108 -0.008038
0.578543 -0.007829
0.588943 -0.007623
0.599302 -0.007368
0.609616 -0.007110
0.619882 -0.006853
0.630094 -0.006598
0.640249 -0.006344
0.650341 -0.006091
0.660366 -0.005841
0.670319 -0.005592
0.680197 -0.005345
0.689995 -0.005100
0.699708 -0.004857
0.709332 -0.004617
0.718863 -0.004378
0.728297 -0.004143
0.737629 -0.003909
0.746855 -0.003679
0.755971 -0.003451
0.764974 -0.003226
0.773858 -0.003004
0.782621 -0.002783
0.791258 -0.002573
0.799767 -0.002405
0.808142 -0.002237
0.816380 -0.002072
0.824477 -0.001907
0.832430 -0.001759
0.840235 -0.001647
0.847890 -0.001570
0.855390 -0.001492
0.862732 -0.001431
0.869912 -0.001400
0.876928 -0.001400
0.883777 -0.001400
0.890455 -0.001400
0.896958 -0.001463
0.903285 -0.001531
0.909433 -0.001593
0.915398 -0.001675
0.921178 -0.001771
0.926770 -0.001880
0.932173 -0.002000
0.937383 -0.002130
0.942398 -0.002266
0.947215 -0.002409
0.951834 -0.002565
0.956250 -0.002738
0.960464 -0.002921
0.964471 -0.003111
0.968272 -0.003307
0.971863 -0.003504
0.975245 -0.003702
0.978415 -0.003899
0.981372 -0.004090
0.984114 -0.004276
0.986641 -0.004454
0.988952 -0.004622
0.991046 -0.004779
0.992921 -0.004923
0.994577 -0.005053
0.996014 -0.005169
0.997231 -0.005268
0.998227 -0.005351
0.999003 -0.005416
0.999557 -0.005462
0.999889 -0.005491
1.000000 -0.005500