sd7032
1.000000 0.000000
0.999886 0.000016
0.999546 0.000065
0.998979 0.000147
0.998185 0.000263
0.997166 0.000415
0.995922 0.000606
0.994454 0.000835
0.992762 0.001105
0.990849 0.001416
0.988714 0.001771
0.986359 0.002170
0.983786 0.002617
0.980996 0.003112
0.977990 0.003657
0.974771 0.004250
0.971338 0.004890
0.967694 0.005578
0.963842 0.006320
0.959783 0.007112
0.955518 0.007953
0.951048 0.008839
0.946377 0.009772
0.941507 0.010756
0.936439 0.011787
0.931176 0.012864
0.925718 0.013980
0.920069 0.015135
0.914232 0.016333
0.908208 0.017573
0.902000 0.018848
0.895610 0.020155
0.889040 0.021493
0.882295 0.022867
0.875376 0.024270
0.868286 0.025699
0.861027 0.027148
0.853603 0.028616
0.846016 0.030106
0.838270 0.031615
0.830368 0.033135
0.822311 0.034662
0.814105 0.036196
0.805753 0.037740
0.797257 0.039288
0.788622 0.040836
0.779851 0.042379
0.770948 0.043921
0.761916 0.045460
0.752760 0.046992
0.743483 0.048514
0.734090 0.050022
0.724584 0.051519
0.714971 0.053005
0.705253 0.054476
0.695435 0.055927
0.685523 0.057359
0.675519 0.058775
0.665429 0.060172
0.655257 0.061544
0.645008 0.062888
0.634686 0.064209
0.624295 0.065506
0.613841 0.066776
0.603328 0.068013
0.592760 0.069215
0.582143 0.070391
0.571481 0.071538
0.560780 0.072647
0.550043 0.073711
0.539275 0.074736
0.528482 0.075731
0.517668 0.076686
0.506838 0.077592
0.495998 0.078443
0.485152 0.079258
0.474304 0.080036
0.463460 0.080762
0.452626 0.081423
0.441805 0.082030
0.431003 0.082608
0.420224 0.083136
0.409475 0.083593
0.398760 0.083963
0.388084 0.084322
0.377451 0.084649
0.366867 0.084891
0.356338 0.084999
0.345868 0.084997
0.335460 0.084986
0.325122 0.084969
0.314858 0.084945
0.304675 0.084892
0.294573 0.084685
0.284561 0.084354
0.274642 0.083954
0.264825 0.083538
0.255110 0.083053
0.245503 0.082466
0.236009 0.081803
0.226637 0.081090
0.217388 0.080317
0.208266 0.079445
0.199277 0.078492
0.190428 0.077477
0.181726 0.076403
0.173168 0.075234
0.164763 0.073982
0.156517 0.072665
0.148437 0.071298
0.140519 0.069853
0.132770 0.068331
0.125201 0.066744
0.117818 0.065102
0.110617 0.063385
0.103603 0.061593
0.096787 0.059738
0.090179 0.057832
0.083773 0.055858
0.077570 0.053815
0.071583 0.051720
0.065821 0.049590
0.060274 0.047416
0.054942 0.045194
0.049842 0.042937
0.044987 0.040658
0.040357 0.038354
0.035954 0.036023
0.031800 0.033674
0.027914 0.031321
0.024258 0.028963
0.020835 0.026600
0.017687 0.024244
0.014839 0.021904
0.012220 0.019582
0.009833 0.017283
0.007748 0.015032
0.006000 0.012849
0.004409 0.010730
0.002993 0.008692
0.001924 0.006774
0.001270 0.005005
0.000950 0.003363
0.000715 0.001812
0.000553 0.000483
0.000455 -0.000567
0.000405 -0.001335
0.000385 -0.001847
0.000380 -0.002137
0.000380 -0.002230
0.000382 -0.002322
0.000418 -0.002598
0.000564 -0.003055
0.000928 -0.003681
0.001614 -0.004456
0.002675 -0.005340
0.004053 -0.006264
0.005519 -0.007122
0.007130 -0.007924
0.009064 -0.008711
0.011308 -0.009468
0.013821 -0.010191
0.016520 -0.010887
0.019395 -0.011573
0.022507 -0.012242
0.025852 -0.012883
0.029418 -0.013487
0.033192 -0.014046
0.037174 -0.014571
0.041372 -0.015075
0.045781 -0.015548
0.050397 -0.015984
0.055213 -0.016373
0.060226 -0.016732
0.065440 -0.017073
0.070849 -0.017386
0.076451 -0.017661
0.082241 -0.017885
0.088217 -0.018085
0.094377 -0.018277
0.100718 -0.018444
0.107237 -0.018566
0.113930 -0.018621
0.120794 -0.018638
0.127827 -0.018651
0.135025 -0.018661
0.142385 -0.018668
0.149903 -0.018670
0.157576 -0.018636
0.165401 -0.018546
0.173373 -0.018416
0.181491 -0.018263
0.189748 -0.018106
0.198143 -0.017940
0.206671 -0.017741
0.215329 -0.017517
0.224112 -0.017275
0.233017 -0.017023
0.242040 -0.016762
0.251177 -0.016481
0.260423 -0.016182
0.269775 -0.015870
0.279228 -0.015549
0.288779 -0.015218
0.298423 -0.014874
0.308156 -0.014517
0.317973 -0.014149
0.327870 -0.013771
0.337843 -0.013385
0.347888 -0.012987
0.357998 -0.012579
0.368172 -0.012162
0.378403 -0.011738
0.388687 -0.011309
0.399021 -0.010873
0.409398 -0.010429
0.419815 -0.009980
0.430266 -0.009525
0.440748 -0.009066
0.451256 -0.008601
0.461785 -0.008130
0.472329 -0.007656
0.482886 -0.007180
0.493449 -0.006704
0.504015 -0.006226
0.514579 -0.005746
0.525135 -0.005267
0.535680 -0.004790
0.546208 -0.004317
0.556715 -0.003848
0.567197 -0.003381
0.577649 -0.002918
0.588065 -0.002462
0.598442 -0.002014
0.608775 -0.001576
0.619060 -0.001144
0.629291 -0.000720
0.639464 -0.000306
0.649575 0.000099
0.659619 0.000493
0.669592 0.000880
0.679490 0.001259
0.689307 0.001626
0.699040 0.001977
0.708684 0.002309
0.718235 0.002631
0.727689 0.002942
0.737042 0.003237
0.746289 0.003513
0.755426 0.003766
0.764450 0.004002
0.773356 0.004229
0.782140 0.004440
0.790798 0.004629
0.799327 0.004789
0.807722 0.004922
0.815981 0.005053
0.824098 0.005174
0.832071 0.005271
0.839896 0.005332
0.847569 0.005350
0.855087 0.005345
0.862447 0.005333
0.869645 0.005316
0.876678 0.005293
0.883542 0.005267
0.890235 0.005223
0.896754 0.005128
0.903095 0.004998
0.909257 0.004848
0.915235 0.004691
0.921027 0.004536
0.926631 0.004363
0.932044 0.004170
0.937265 0.003964
0.942289 0.003752
0.947116 0.003538
0.951742 0.003322
0.956167 0.003095
0.960388 0.002863
0.964403 0.002631
0.968211 0.002403
0.971810 0.002181
0.975198 0.001962
0.978374 0.001747
0.981337 0.001539
0.984085 0.001338
0.986618 0.001147
0.988933 0.000965
0.991030 0.000792
0.992909 0.000631
0.994568 0.000487
0.996008 0.000361
0.997227 0.000253
0.998224 0.000163
0.999001 0.000092
0.999556 0.000041
0.999889 0.000010
1.000000 0.000000