ssca09
1.000000 0.002408
0.999887 0.002400
0.999549 0.002377
0.998984 0.002338
0.998195 0.002286
0.997180 0.002225
0.995940 0.002165
0.994476 0.002121
0.992787 0.002082
0.990875 0.002044
0.988740 0.002011
0.986384 0.001991
0.983808 0.001995
0.981013 0.002055
0.978002 0.002165
0.974776 0.002301
0.971338 0.002481
0.967689 0.002732
0.963830 0.003046
0.959765 0.003413
0.955496 0.003816
0.951027 0.004270
0.946359 0.004808
0.941494 0.005415
0.936434 0.006069
0.931181 0.006764
0.925740 0.007524
0.920110 0.008338
0.914294 0.009188
0.908294 0.010080
0.902114 0.011018
0.895753 0.011986
0.889215 0.012982
0.882504 0.014009
0.875620 0.015057
0.868566 0.016123
0.861345 0.017209
0.853961 0.018308
0.846417 0.019420
0.838715 0.020545
0.830859 0.021683
0.822853 0.022832
0.814701 0.023993
0.806405 0.025167
0.797971 0.026352
0.789401 0.027549
0.780699 0.028755
0.771869 0.029966
0.762915 0.031181
0.753838 0.032390
0.744644 0.033592
0.735335 0.034777
0.725915 0.035941
0.716387 0.037079
0.706756 0.038182
0.697026 0.039249
0.687200 0.040277
0.677284 0.041265
0.667282 0.042211
0.657198 0.043118
0.647039 0.043987
0.636808 0.044819
0.626510 0.045617
0.616151 0.046381
0.605736 0.047115
0.595268 0.047818
0.584754 0.048491
0.574197 0.049133
0.563602 0.049747
0.552975 0.050330
0.542320 0.050883
0.531643 0.051405
0.520947 0.051897
0.510237 0.052356
0.499520 0.052785
0.488798 0.053181
0.478078 0.053547
0.467364 0.053879
0.456661 0.054181
0.445974 0.054453
0.435307 0.054693
0.424666 0.054907
0.414056 0.055079
0.403480 0.055234
0.392945 0.055371
0.382454 0.055467
0.372013 0.055508
0.361626 0.055535
0.351298 0.055554
0.341033 0.055563
0.330836 0.055552
0.320713 0.055489
0.310666 0.055401
0.300701 0.055303
0.290823 0.055174
0.281035 0.055022
0.271342 0.054854
0.261749 0.054659
0.252260 0.054442
0.242879 0.054211
0.233610 0.053950
0.224458 0.053667
0.215426 0.053359
0.206520 0.053026
0.197742 0.052662
0.189098 0.052265
0.180592 0.051835
0.172227 0.051370
0.164007 0.050870
0.155937 0.050335
0.148020 0.049766
0.140260 0.049159
0.132661 0.048515
0.125227 0.047826
0.117962 0.047089
0.110873 0.046296
0.103962 0.045437
0.097236 0.044516
0.090699 0.043511
0.084359 0.042419
0.078220 0.041236
0.072289 0.039961
0.066571 0.038600
0.061070 0.037154
0.055784 0.035655
0.050720 0.034094
0.045875 0.032498
0.041251 0.030873
0.036853 0.029219
0.032686 0.027537
0.028753 0.025827
0.025061 0.024090
0.021616 0.022330
0.018413 0.020557
0.015471 0.018771
0.012781 0.016980
0.010343 0.015207
0.008168 0.013452
0.006266 0.011716
0.004625 0.010023
0.003254 0.008385
0.002179 0.006803
0.001385 0.005312
0.000805 0.003965
0.000386 0.002790
0.000169 0.001803
0.000064 0.001016
0.000014 0.000450
0.000001 0.000112
0.000000 0.000000
0.000002 -0.000112
0.000025 -0.000448
0.000109 -0.001006
0.000283 -0.001760
0.000701 -0.002686
0.001332 -0.003741
0.002265 -0.004846
0.003586 -0.005876
0.005209 -0.006847
0.007115 -0.007762
0.009280 -0.008630
0.011690 -0.009452
0.014340 -0.010254
0.017214 -0.011039
0.020318 -0.011801
0.023642 -0.012555
0.027184 -0.013299
0.030941 -0.014038
0.034910 -0.014770
0.039090 -0.015498
0.043478 -0.016219
0.048072 -0.016932
0.052871 -0.017633
0.057871 -0.018320
0.063071 -0.018991
0.068468 -0.019648
0.074059 -0.020287
0.079841 -0.020910
0.085813 -0.021517
0.091969 -0.022112
0.098309 -0.022692
0.104827 -0.023260
0.111522 -0.023818
0.118391 -0.024365
0.125429 -0.024901
0.132634 -0.025429
0.140003 -0.025948
0.147531 -0.026458
0.155217 -0.026958
0.163055 -0.027448
0.171044 -0.027929
0.179178 -0.028397
0.187455 -0.028854
0.195871 -0.029298
0.204422 -0.029728
0.213104 -0.030144
0.221914 -0.030543
0.230847 -0.030927
0.239900 -0.031296
0.249068 -0.031645
0.258347 -0.031978
0.267734 -0.032297
0.277223 -0.032595
0.286810 -0.032876
0.296493 -0.033140
0.306265 -0.033382
0.316122 -0.033606
0.326061 -0.033814
0.336077 -0.033993
0.346165 -0.034151
0.356320 -0.034300
0.366539 -0.034424
0.376816 -0.034506
0.387147 -0.034557
0.397528 -0.034600
0.407953 -0.034629
0.418418 -0.034637
0.428918 -0.034601
0.439449 -0.034541
0.450005 -0.034448
0.460582 -0.034328
0.471176 -0.034175
0.481780 -0.033993
0.492391 -0.033776
0.503004 -0.033528
0.513614 -0.033245
0.524215 -0.032932
0.534804 -0.032586
0.545375 -0.032211
0.555924 -0.031807
0.566446 -0.031376
0.576936 -0.030919
0.587390 -0.030440
0.597803 -0.029940
0.608171 -0.029419
0.618488 -0.028879
0.628751 -0.028318
0.638954 -0.027740
0.649092 -0.027142
0.659163 -0.026527
0.669160 -0.025893
0.679080 -0.025242
0.688917 -0.024575
0.698669 -0.023894
0.708329 -0.023197
0.717895 -0.022490
0.727362 -0.021773
0.736726 -0.021049
0.745982 -0.020320
0.755128 -0.019589
0.764158 -0.018860
0.773070 -0.018132
0.781859 -0.017410
0.790522 -0.016694
0.799055 -0.015987
0.807453 -0.015290
0.815715 -0.014604
0.823835 -0.013929
0.831810 -0.013265
0.839636 -0.012612
0.847311 -0.011971
0.854831 -0.011340
0.862191 -0.010720
0.869390 -0.010110
0.876423 -0.009508
0.883287 -0.008915
0.889980 -0.008332
0.896499 -0.007759
0.902839 -0.007195
0.909000 -0.006643
0.914978 -0.006107
0.920771 -0.005584
0.926375 -0.005076
0.931790 -0.004590
0.937013 -0.004132
0.942041 -0.003689
0.946872 -0.003270
0.951506 -0.002888
0.955939 -0.002552
0.960171 -0.002241
0.964198 -0.001954
0.968019 -0.001702
0.971632 -0.001492
0.975035 -0.001327
0.978227 -0.001197
0.981207 -0.001091
0.983972 -0.001015
0.986520 -0.000967
0.988850 -0.000934
0.990963 -0.000909
0.992855 -0.000888
0.994527 -0.000869
0.995977 -0.000851
0.997205 -0.000836
0.998211 -0.000824
0.998993 -0.000815
0.999552 -0.000808
0.999888 -0.000804
1.000000 -0.000803