e216
1.000000 0.000000
0.999895 0.000047
0.999581 0.000189
0.999058 0.000426
0.998327 0.000759
0.997389 0.001191
0.996248 0.001726
0.994905 0.002368
0.993361 0.003117
0.991615 0.003969
0.989666 0.004919
0.987510 0.005957
0.985154 0.007098
0.982598 0.008337
0.979836 0.009656
0.976859 0.011029
0.973658 0.012432
0.970238 0.013885
0.966600 0.015379
0.962743 0.016902
0.958670 0.018437
0.954377 0.019975
0.949862 0.021523
0.945131 0.023081
0.940192 0.024656
0.935054 0.026253
0.929711 0.027861
0.924165 0.029480
0.918420 0.031113
0.912484 0.032762
0.906359 0.034431
0.900044 0.036113
0.893543 0.037805
0.886859 0.039504
0.879996 0.041210
0.872955 0.042920
0.865740 0.044635
0.858353 0.046350
0.850799 0.048065
0.843083 0.049779
0.835204 0.051492
0.827169 0.053202
0.818979 0.054902
0.810639 0.056590
0.802153 0.058266
0.793523 0.059931
0.784753 0.061582
0.775849 0.063213
0.766814 0.064823
0.757651 0.066417
0.748365 0.067992
0.738960 0.069541
0.729440 0.071061
0.719810 0.072551
0.710073 0.074017
0.700234 0.075453
0.690298 0.076855
0.680270 0.078218
0.670153 0.079551
0.659952 0.080852
0.649672 0.082114
0.639318 0.083330
0.628895 0.084504
0.618406 0.085644
0.607857 0.086744
0.597253 0.087793
0.586599 0.088784
0.575899 0.089737
0.565158 0.090649
0.554381 0.091509
0.543575 0.092304
0.532743 0.093045
0.521890 0.093751
0.511021 0.094407
0.500142 0.094993
0.489258 0.095497
0.478374 0.095974
0.467493 0.096411
0.456623 0.096773
0.445769 0.097025
0.434935 0.097197
0.424126 0.097349
0.413347 0.097465
0.402605 0.097531
0.391904 0.097525
0.381249 0.097420
0.370644 0.097237
0.360096 0.097006
0.349610 0.096755
0.339191 0.096424
0.328842 0.095984
0.318570 0.095468
0.308381 0.094908
0.298280 0.094303
0.288269 0.093602
0.278355 0.092822
0.268544 0.091983
0.258841 0.091100
0.249248 0.090137
0.239771 0.089095
0.230417 0.087990
0.221191 0.086836
0.212095 0.085616
0.203133 0.084319
0.194312 0.082957
0.185639 0.081543
0.177117 0.080074
0.168746 0.078531
0.160534 0.076926
0.152487 0.075270
0.144610 0.073570
0.136901 0.071809
0.129367 0.069991
0.122016 0.068126
0.114854 0.066220
0.107878 0.064262
0.101091 0.062252
0.094502 0.060202
0.088120 0.058120
0.081940 0.056004
0.075961 0.053850
0.070194 0.051663
0.064651 0.049453
0.059330 0.047222
0.054219 0.044963
0.049333 0.042685
0.044684 0.040398
0.040275 0.038110
0.036080 0.035816
0.032118 0.033522
0.028407 0.031237
0.024958 0.028970
0.021726 0.026721
0.018725 0.024496
0.015980 0.022310
0.013510 0.020174
0.011272 0.018098
0.009222 0.016085
0.007415 0.014152
0.005879 0.012316
0.004620 0.010595
0.003471 0.008984
0.002407 0.007499
0.001556 0.006173
0.000958 0.005029
0.000591 0.004081
0.000403 0.003339
0.000329 0.002807
0.000311 0.002487
0.000310 0.002380
0.000310 0.002273
0.000315 0.001943
0.000335 0.001373
0.000387 0.000545
0.000491 -0.000541
0.000665 -0.001837
0.000924 -0.003221
0.001374 -0.004508
0.002582 -0.005790
0.004526 -0.007055
0.006861 -0.008252
0.009150 -0.009351
0.011707 -0.010406
0.014564 -0.011407
0.017676 -0.012343
0.020982 -0.013211
0.024514 -0.014041
0.028288 -0.014830
0.032291 -0.015563
0.036505 -0.016225
0.040924 -0.016830
0.045562 -0.017407
0.050411 -0.017939
0.055465 -0.018406
0.060716 -0.018789
0.066165 -0.019145
0.071813 -0.019477
0.077653 -0.019756
0.083682 -0.019946
0.089893 -0.020031
0.096288 -0.020095
0.102863 -0.020147
0.109615 -0.020183
0.116538 -0.020199
0.123629 -0.020166
0.130887 -0.020037
0.138307 -0.019836
0.145886 -0.019590
0.153619 -0.019333
0.161505 -0.019049
0.169538 -0.018701
0.177716 -0.018301
0.186034 -0.017863
0.194489 -0.017404
0.203077 -0.016914
0.211794 -0.016377
0.220636 -0.015801
0.229600 -0.015194
0.238681 -0.014564
0.247876 -0.013905
0.257179 -0.013210
0.266587 -0.012484
0.276097 -0.011734
0.285704 -0.010967
0.295403 -0.010180
0.305191 -0.009367
0.315063 -0.008534
0.325015 -0.007683
0.335043 -0.006822
0.345142 -0.005948
0.355308 -0.005057
0.365536 -0.004153
0.375822 -0.003240
0.386162 -0.002323
0.396551 -0.001402
0.406984 -0.000471
0.417457 0.000464
0.427965 0.001399
0.438505 0.002330
0.449071 0.003254
0.459659 0.004177
0.470264 0.005096
0.480882 0.006007
0.491507 0.006907
0.502136 0.007793
0.512764 0.008670
0.523385 0.009538
0.533996 0.010393
0.544591 0.011227
0.555166 0.012037
0.565718 0.012825
0.576240 0.013597
0.586728 0.014349
0.597177 0.015076
0.607583 0.015773
0.617942 0.016438
0.628248 0.017086
0.638498 0.017712
0.648685 0.018308
0.658807 0.018867
0.668858 0.019382
0.678834 0.019868
0.688731 0.020337
0.698543 0.020775
0.708267 0.021172
0.717898 0.021515
0.727432 0.021807
0.736864 0.022099
0.746191 0.022375
0.755407 0.022607
0.764509 0.022769
0.773492 0.022839
0.782352 0.022838
0.791085 0.022832
0.799689 0.022821
0.808157 0.022806
0.816486 0.022788
0.824671 0.022764
0.832710 0.022661
0.840600 0.022461
0.848336 0.022195
0.855913 0.021889
0.863328 0.021567
0.870577 0.021244
0.877660 0.020867
0.884571 0.020432
0.891308 0.019953
0.897864 0.019440
0.904236 0.018905
0.910422 0.018349
0.916423 0.017743
0.922234 0.017089
0.927851 0.016397
0.933268 0.015678
0.938482 0.014940
0.943489 0.014183
0.948294 0.013379
0.952894 0.012538
0.957283 0.011676
0.961460 0.010808
0.965423 0.009945
0.969168 0.009094
0.972697 0.008226
0.976010 0.007356
0.979108 0.006502
0.981992 0.005682
0.984661 0.004906
0.987116 0.004181
0.989353 0.003490
0.991375 0.002844
0.993183 0.002255
0.994779 0.001731
0.996164 0.001276
0.997336 0.000891
0.998295 0.000572
0.999041 0.000323
0.999574 0.000143
0.999893 0.000036
1.000000 0.000000