e221
1.000000 0.000000
0.999887 0.000003
0.999546 0.000011
0.998979 0.000025
0.998186 0.000048
0.997167 0.000080
0.995923 0.000125
0.994454 0.000188
0.992761 0.000272
0.990846 0.000377
0.988708 0.000505
0.986350 0.000652
0.983772 0.000825
0.980976 0.001031
0.977963 0.001269
0.974735 0.001536
0.971292 0.001827
0.967636 0.002139
0.963770 0.002483
0.959695 0.002857
0.955413 0.003259
0.950925 0.003684
0.946232 0.004126
0.941338 0.004591
0.936245 0.005079
0.930954 0.005591
0.925469 0.006125
0.919791 0.006681
0.913923 0.007257
0.907868 0.007855
0.901628 0.008475
0.895207 0.009121
0.888608 0.009794
0.881833 0.010495
0.874887 0.011223
0.867770 0.011977
0.860488 0.012759
0.853044 0.013569
0.845440 0.014407
0.837681 0.015275
0.829769 0.016171
0.821709 0.017093
0.813503 0.018041
0.805156 0.019012
0.796671 0.020011
0.788052 0.021035
0.779302 0.022082
0.770426 0.023151
0.761427 0.024241
0.752310 0.025354
0.743079 0.026489
0.733737 0.027643
0.724288 0.028811
0.714736 0.029993
0.705086 0.031194
0.695343 0.032409
0.685509 0.033634
0.675589 0.034865
0.665587 0.036100
0.655509 0.037345
0.645357 0.038596
0.635137 0.039845
0.624852 0.041087
0.614506 0.042322
0.604105 0.043557
0.593654 0.044783
0.583155 0.045995
0.572612 0.047183
0.562032 0.048351
0.551419 0.049505
0.540776 0.050638
0.530109 0.051740
0.519423 0.052805
0.508721 0.053844
0.498008 0.054857
0.487291 0.055835
0.476572 0.056770
0.465857 0.057655
0.455151 0.058512
0.444458 0.059332
0.433783 0.060105
0.423132 0.060818
0.412508 0.061479
0.401917 0.062113
0.391363 0.062699
0.380852 0.063218
0.370389 0.063654
0.359978 0.064071
0.349623 0.064460
0.339330 0.064773
0.329105 0.064963
0.318951 0.065030
0.308873 0.065078
0.298876 0.065114
0.288966 0.065135
0.279148 0.065136
0.269425 0.065010
0.259802 0.064752
0.250285 0.064416
0.240879 0.064052
0.231589 0.063658
0.222416 0.063159
0.213367 0.062579
0.204448 0.061946
0.195664 0.061279
0.187017 0.060533
0.178510 0.059708
0.170150 0.058825
0.161944 0.057899
0.153892 0.056917
0.145998 0.055860
0.138267 0.054744
0.130707 0.053582
0.123320 0.052375
0.116105 0.051102
0.109069 0.049772
0.102220 0.048395
0.095563 0.046979
0.089094 0.045505
0.082818 0.043977
0.076744 0.042407
0.070881 0.040803
0.065219 0.039157
0.059762 0.037465
0.054524 0.035737
0.049512 0.033982
0.044719 0.032199
0.040140 0.030381
0.035793 0.028538
0.031693 0.026676
0.027831 0.024800
0.024186 0.022905
0.020788 0.020999
0.017659 0.019094
0.014788 0.017198
0.012119 0.015309
0.009711 0.013438
0.007606 0.011598
0.005767 0.009803
0.003948 0.008053
0.002429 0.006368
0.001417 0.004774
0.000967 0.003294
0.000774 0.001839
0.000641 0.000509
0.000561 -0.000565
0.000520 -0.001352
0.000504 -0.001870
0.000500 -0.002158
0.000500 -0.002250
0.000502 -0.002341
0.000538 -0.002610
0.000687 -0.003049
0.001057 -0.003644
0.001756 -0.004375
0.002840 -0.005210
0.004260 -0.006112
0.005785 -0.007029
0.007373 -0.007950
0.009249 -0.008885
0.011407 -0.009821
0.013823 -0.010746
0.016444 -0.011661
0.019258 -0.012570
0.022315 -0.013468
0.025609 -0.014348
0.029128 -0.015204
0.032855 -0.016033
0.036793 -0.016843
0.040952 -0.017635
0.045325 -0.018401
0.049908 -0.019137
0.054691 -0.019837
0.059677 -0.020512
0.064867 -0.021164
0.070256 -0.021789
0.075839 -0.022380
0.081611 -0.022937
0.087573 -0.023472
0.093722 -0.023984
0.100054 -0.024468
0.106565 -0.024919
0.113251 -0.025335
0.120111 -0.025732
0.127142 -0.026108
0.134340 -0.026456
0.141700 -0.026772
0.149220 -0.027054
0.156896 -0.027321
0.164726 -0.027569
0.172705 -0.027791
0.180829 -0.027980
0.189095 -0.028141
0.197499 -0.028295
0.206037 -0.028435
0.214706 -0.028547
0.223501 -0.028620
0.232418 -0.028654
0.241454 -0.028683
0.250605 -0.028706
0.259865 -0.028722
0.269232 -0.028730
0.278701 -0.028718
0.288267 -0.028672
0.297927 -0.028600
0.307676 -0.028513
0.317509 -0.028420
0.327423 -0.028322
0.337413 -0.028201
0.347475 -0.028062
0.357603 -0.027909
0.367794 -0.027747
0.378043 -0.027577
0.388345 -0.027390
0.398696 -0.027188
0.409092 -0.026975
0.419526 -0.026755
0.429996 -0.026529
0.440496 -0.026292
0.451022 -0.026044
0.461569 -0.025788
0.472132 -0.025525
0.482706 -0.025254
0.493288 -0.024974
0.503871 -0.024685
0.514452 -0.024389
0.525026 -0.024088
0.535588 -0.023781
0.546133 -0.023467
0.556657 -0.023148
0.567155 -0.022822
0.577622 -0.022492
0.588054 -0.022157
0.598445 -0.021816
0.608793 -0.021471
0.619091 -0.021121
0.629335 -0.020768
0.639521 -0.020413
0.649644 -0.020055
0.659700 -0.019695
0.669684 -0.019331
0.679592 -0.018964
0.689419 -0.018595
0.699161 -0.018223
0.708814 -0.017848
0.718373 -0.017470
0.727834 -0.017092
0.737193 -0.016711
0.746445 -0.016329
0.755588 -0.015946
0.764616 -0.015561
0.773525 -0.015176
0.782312 -0.014791
0.790972 -0.014406
0.799503 -0.014021
0.807899 -0.013636
0.816158 -0.013249
0.824275 -0.012862
0.832247 -0.012474
0.840071 -0.012087
0.847742 -0.011699
0.855258 -0.011310
0.862614 -0.010921
0.869809 -0.010534
0.876839 -0.010148
0.883700 -0.009760
0.890389 -0.009370
0.896903 -0.008976
0.903240 -0.008582
0.909396 -0.008187
0.915369 -0.007788
0.921155 -0.007383
0.926752 -0.006968
0.932157 -0.006543
0.937369 -0.006109
0.942384 -0.005673
0.947201 -0.005237
0.951817 -0.004805
0.956230 -0.004368
0.960439 -0.003930
0.964443 -0.003503
0.968239 -0.003096
0.971829 -0.002713
0.975208 -0.002346
0.978375 -0.001996
0.981331 -0.001672
0.984073 -0.001381
0.986603 -0.001126
0.988917 -0.000904
0.991014 -0.000707
0.992894 -0.000538
0.994555 -0.000396
0.995997 -0.000280
0.997218 -0.000187
0.998219 -0.000117
0.998998 -0.000064
0.999554 -0.000028
0.999889 -0.000007
1.000000 0.000000