e228
1.000000 0.000000
0.999887 0.000001
0.999549 0.000004
0.998986 0.000009
0.998198 0.000018
0.997186 0.000031
0.995950 0.000050
0.994490 0.000079
0.992808 0.000120
0.990903 0.000173
0.988778 0.000241
0.986433 0.000321
0.983869 0.000420
0.981088 0.000546
0.978091 0.000698
0.974879 0.000875
0.971454 0.001073
0.967817 0.001291
0.963971 0.001539
0.959917 0.001820
0.955657 0.002131
0.951193 0.002469
0.946527 0.002832
0.941662 0.003226
0.936599 0.003655
0.931341 0.004118
0.925890 0.004609
0.920248 0.005126
0.914419 0.005669
0.908404 0.006245
0.902207 0.006852
0.895830 0.007487
0.889276 0.008146
0.882547 0.008827
0.875647 0.009538
0.868580 0.010275
0.861347 0.011036
0.853952 0.011818
0.846398 0.012618
0.838689 0.013441
0.830828 0.014284
0.822818 0.015147
0.814662 0.016027
0.806365 0.016921
0.797931 0.017833
0.789362 0.018761
0.780662 0.019703
0.771836 0.020655
0.762886 0.021614
0.753817 0.022582
0.744632 0.023559
0.735337 0.024543
0.725934 0.025530
0.716428 0.026518
0.706823 0.027509
0.697123 0.028502
0.687333 0.029495
0.677456 0.030484
0.667497 0.031466
0.657461 0.032445
0.647351 0.033419
0.637172 0.034386
0.626929 0.035341
0.616626 0.036282
0.606267 0.037213
0.595857 0.038134
0.585402 0.039039
0.574904 0.039924
0.564369 0.040788
0.553802 0.041638
0.543207 0.042470
0.532589 0.043279
0.521953 0.044061
0.511303 0.044816
0.500644 0.045552
0.489980 0.046265
0.479318 0.046947
0.468660 0.047593
0.458013 0.048208
0.447381 0.048802
0.436768 0.049365
0.426180 0.049890
0.415621 0.050367
0.405095 0.050817
0.394609 0.051243
0.384165 0.051632
0.373770 0.051969
0.363428 0.052248
0.353144 0.052522
0.342921 0.052775
0.332766 0.052970
0.322683 0.053072
0.312676 0.053080
0.302750 0.053077
0.292909 0.053073
0.283158 0.053068
0.273503 0.053060
0.263946 0.052982
0.254493 0.052791
0.245148 0.052527
0.235916 0.052231
0.226801 0.051929
0.217807 0.051566
0.208939 0.051136
0.200200 0.050657
0.191596 0.050146
0.183132 0.049600
0.174808 0.048988
0.166630 0.048322
0.158604 0.047613
0.150735 0.046873
0.143023 0.046080
0.135472 0.045229
0.128088 0.044333
0.120876 0.043399
0.113839 0.042430
0.106977 0.041406
0.100295 0.040335
0.093801 0.039225
0.087499 0.038085
0.081385 0.036904
0.075463 0.035678
0.069742 0.034415
0.064229 0.033120
0.058924 0.031796
0.053819 0.030431
0.048927 0.029032
0.044257 0.027604
0.039817 0.026155
0.035587 0.024676
0.031577 0.023169
0.027804 0.021642
0.024280 0.020106
0.020982 0.018564
0.017895 0.017012
0.015059 0.015456
0.012498 0.013905
0.010205 0.012370
0.008070 0.010850
0.006180 0.009358
0.004607 0.007911
0.003375 0.006530
0.002374 0.005206
0.001471 0.003934
0.000787 0.002802
0.000348 0.001861
0.000117 0.001132
0.000024 0.000616
0.000002 0.000311
0.000000 0.000210
0.000001 0.000109
0.000023 -0.000199
0.000111 -0.000722
0.000331 -0.001469
0.000747 -0.002438
0.001391 -0.003596
0.002234 -0.004869
0.003191 -0.006135
0.004481 -0.007439
0.006159 -0.008782
0.008177 -0.010149
0.010416 -0.011535
0.012783 -0.012944
0.015417 -0.014365
0.018317 -0.015786
0.021460 -0.017200
0.024809 -0.018605
0.028386 -0.020005
0.032204 -0.021395
0.036253 -0.022765
0.040520 -0.024106
0.044996 -0.025417
0.049696 -0.026708
0.054615 -0.027971
0.059745 -0.029199
0.065074 -0.030388
0.070607 -0.031548
0.076345 -0.032679
0.082281 -0.033773
0.088409 -0.034822
0.094724 -0.035823
0.101228 -0.036793
0.107918 -0.037726
0.114788 -0.038616
0.121831 -0.039453
0.129045 -0.040253
0.136431 -0.041019
0.143981 -0.041746
0.151692 -0.042423
0.159559 -0.043048
0.167579 -0.043645
0.175750 -0.044207
0.184066 -0.044725
0.192523 -0.045185
0.201116 -0.045599
0.209843 -0.045992
0.218700 -0.046349
0.227682 -0.046653
0.236783 -0.046889
0.246000 -0.047102
0.255331 -0.047301
0.264768 -0.047460
0.274309 -0.047555
0.283949 -0.047569
0.293682 -0.047558
0.303506 -0.047538
0.313416 -0.047508
0.323406 -0.047472
0.333473 -0.047408
0.343611 -0.047267
0.353817 -0.047067
0.364085 -0.046833
0.374411 -0.046590
0.384790 -0.046330
0.395218 -0.046026
0.405690 -0.045687
0.416201 -0.045322
0.426746 -0.044943
0.437321 -0.044539
0.447922 -0.044103
0.458543 -0.043640
0.469179 -0.043156
0.479826 -0.042656
0.490479 -0.042131
0.501133 -0.041580
0.511784 -0.041008
0.522427 -0.040419
0.533057 -0.039818
0.543669 -0.039197
0.554259 -0.038557
0.564822 -0.037901
0.575354 -0.037233
0.585849 -0.036554
0.596303 -0.035861
0.606711 -0.035154
0.617069 -0.034437
0.627372 -0.033711
0.637616 -0.032978
0.647796 -0.032235
0.657908 -0.031483
0.667946 -0.030725
0.677908 -0.029962
0.687787 -0.029196
0.697581 -0.028424
0.707284 -0.027647
0.716892 -0.026869
0.726401 -0.026091
0.735807 -0.025315
0.745107 -0.024538
0.754294 -0.023762
0.763367 -0.022989
0.772319 -0.022220
0.781149 -0.021454
0.789851 -0.020692
0.798422 -0.019934
0.806858 -0.019182
0.815156 -0.018439
0.823312 -0.017704
0.831321 -0.016978
0.839182 -0.016260
0.846889 -0.015552
0.854440 -0.014854
0.861832 -0.014167
0.869060 -0.013489
0.876123 -0.012823
0.883017 -0.012170
0.889738 -0.011531
0.896284 -0.010909
0.902653 -0.010304
0.908841 -0.009714
0.914846 -0.009138
0.920663 -0.008574
0.926292 -0.008020
0.931729 -0.007482
0.936972 -0.006958
0.942018 -0.006446
0.946866 -0.005944
0.951512 -0.005451
0.955954 -0.004965
0.960192 -0.004491
0.964222 -0.004033
0.968045 -0.003593
0.971658 -0.003174
0.975059 -0.002768
0.978246 -0.002380
0.981220 -0.002018
0.983980 -0.001688
0.986524 -0.001392
0.988852 -0.001129
0.990961 -0.000892
0.992852 -0.000685
0.994523 -0.000509
0.995973 -0.000363
0.997201 -0.000245
0.998208 -0.000154
0.998992 -0.000086
0.999552 -0.000038
0.999888 -0.000009
1.000000 0.000000