e336
1.000000 0.000000
0.999885 0.000008
0.999541 0.000033
0.998968 0.000075
0.998166 0.000136
0.997136 0.000219
0.995879 0.000330
0.994397 0.000474
0.992689 0.000655
0.990756 0.000874
0.988601 0.001131
0.986224 0.001423
0.983626 0.001749
0.980809 0.002124
0.977775 0.002546
0.974525 0.003008
0.971057 0.003496
0.967373 0.003995
0.963473 0.004513
0.959361 0.005053
0.955038 0.005615
0.950506 0.006193
0.945766 0.006784
0.940820 0.007382
0.935670 0.007990
0.930318 0.008610
0.924769 0.009250
0.919026 0.009917
0.913091 0.010612
0.906965 0.011326
0.900653 0.012063
0.894157 0.012827
0.887481 0.013621
0.880629 0.014450
0.873602 0.015309
0.866404 0.016199
0.859039 0.017119
0.851509 0.018072
0.843819 0.019058
0.835972 0.020079
0.827972 0.021132
0.819821 0.022219
0.811525 0.023336
0.803085 0.024485
0.794507 0.025665
0.785794 0.026877
0.776950 0.028121
0.767979 0.029395
0.758885 0.030696
0.749672 0.032028
0.740345 0.033391
0.730907 0.034782
0.721362 0.036199
0.711714 0.037637
0.701967 0.039098
0.692127 0.040584
0.682198 0.042093
0.672183 0.043619
0.662086 0.045161
0.651912 0.046718
0.641666 0.048293
0.631353 0.049882
0.620975 0.051480
0.610538 0.053082
0.600045 0.054690
0.589503 0.056307
0.578915 0.057927
0.568285 0.059543
0.557617 0.061150
0.546916 0.062750
0.536187 0.064347
0.525435 0.065933
0.514663 0.067500
0.503876 0.069040
0.493078 0.070563
0.482275 0.072069
0.471470 0.073546
0.460669 0.074985
0.449874 0.076380
0.439091 0.077748
0.428326 0.079081
0.417582 0.080365
0.406864 0.081585
0.396176 0.082762
0.385524 0.083921
0.374911 0.085011
0.364342 0.085981
0.353819 0.086791
0.343345 0.087496
0.332928 0.088131
0.322576 0.088708
0.312295 0.089240
0.302093 0.089739
0.291973 0.090283
0.281939 0.090798
0.271994 0.091086
0.262142 0.091064
0.252385 0.090921
0.242734 0.090697
0.233199 0.090420
0.223787 0.090062
0.214495 0.089456
0.205333 0.088668
0.196312 0.087784
0.187437 0.086851
0.178707 0.085750
0.170129 0.084507
0.161715 0.083167
0.153471 0.081760
0.145392 0.080215
0.137487 0.078553
0.129766 0.076808
0.122234 0.075001
0.114886 0.073089
0.107730 0.071085
0.100778 0.069012
0.094036 0.066883
0.087493 0.064669
0.081161 0.062383
0.075049 0.060045
0.069166 0.057669
0.063493 0.055236
0.058045 0.052755
0.052837 0.050238
0.047876 0.047697
0.043137 0.045119
0.038636 0.042514
0.034394 0.039898
0.030415 0.037283
0.026658 0.034661
0.023149 0.032043
0.019915 0.029443
0.016964 0.026875
0.014221 0.024336
0.011724 0.021838
0.009516 0.019401
0.007619 0.017040
0.005936 0.014748
0.004460 0.012547
0.003224 0.010471
0.002237 0.008545
0.001475 0.006779
0.000880 0.005154
0.000479 0.003716
0.000220 0.002482
0.000072 0.001456
0.000031 0.000654
0.000015 0.000077
0.000010 -0.000266
0.000010 -0.000380
0.000011 -0.000493
0.000028 -0.000831
0.000088 -0.001388
0.000215 -0.002161
0.000511 -0.003124
0.001155 -0.004168
0.002208 -0.005169
0.003560 -0.006159
0.005195 -0.007122
0.007086 -0.008080
0.009221 -0.009026
0.011596 -0.009983
0.014208 -0.010905
0.017053 -0.011795
0.020133 -0.012685
0.023443 -0.013566
0.026975 -0.014427
0.030719 -0.015260
0.034678 -0.016069
0.038859 -0.016858
0.043256 -0.017626
0.047862 -0.018373
0.052668 -0.019103
0.057676 -0.019816
0.062887 -0.020511
0.068297 -0.021189
0.073902 -0.021853
0.079697 -0.022505
0.085679 -0.023145
0.091849 -0.023769
0.098203 -0.024381
0.104736 -0.024987
0.111445 -0.025592
0.118326 -0.026197
0.125378 -0.026795
0.132597 -0.027389
0.139979 -0.027981
0.147522 -0.028574
0.155220 -0.029168
0.163072 -0.029761
0.171074 -0.030352
0.179222 -0.030940
0.187513 -0.031524
0.195943 -0.032105
0.204507 -0.032684
0.213203 -0.033259
0.222027 -0.033827
0.230974 -0.034387
0.240041 -0.034939
0.249223 -0.035487
0.258517 -0.036027
0.267919 -0.036555
0.277423 -0.037069
0.287027 -0.037566
0.296726 -0.038054
0.306515 -0.038529
0.316391 -0.038988
0.326348 -0.039427
0.336382 -0.039845
0.346490 -0.040251
0.356665 -0.040642
0.366905 -0.041012
0.377203 -0.041359
0.387556 -0.041682
0.397959 -0.041993
0.408408 -0.042286
0.418897 -0.042556
0.429422 -0.042795
0.439977 -0.043006
0.450560 -0.043210
0.461164 -0.043394
0.471785 -0.043550
0.482418 -0.043664
0.493059 -0.043745
0.503702 -0.043819
0.514343 -0.043880
0.524977 -0.043923
0.535599 -0.043940
0.546204 -0.043922
0.556788 -0.043869
0.567346 -0.043789
0.577874 -0.043691
0.588365 -0.043586
0.598816 -0.043452
0.609222 -0.043271
0.619579 -0.043055
0.629881 -0.042816
0.640123 -0.042565
0.650302 -0.042284
0.660413 -0.041964
0.670451 -0.041613
0.680411 -0.041237
0.690288 -0.040840
0.700079 -0.040407
0.709779 -0.039937
0.719384 -0.039435
0.728888 -0.038906
0.738287 -0.038353
0.747578 -0.037765
0.756757 -0.037141
0.765817 -0.036479
0.774754 -0.035780
0.783564 -0.035041
0.792245 -0.034252
0.800791 -0.033413
0.809194 -0.032524
0.817449 -0.031585
0.825553 -0.030572
0.833504 -0.029482
0.841298 -0.028337
0.848931 -0.027158
0.856397 -0.025958
0.863694 -0.024697
0.870819 -0.023392
0.877775 -0.022076
0.884561 -0.020775
0.891175 -0.019504
0.897611 -0.018233
0.903869 -0.016976
0.909947 -0.015747
0.915847 -0.014559
0.921566 -0.013420
0.927099 -0.012314
0.932444 -0.011246
0.937600 -0.010224
0.942566 -0.009250
0.947340 -0.008328
0.951917 -0.007446
0.956296 -0.006608
0.960477 -0.005822
0.964458 -0.005093
0.968237 -0.004423
0.971812 -0.003800
0.975180 -0.003220
0.978341 -0.002693
0.981293 -0.002224
0.984035 -0.001816
0.986565 -0.001464
0.988881 -0.001154
0.990983 -0.000886
0.992867 -0.000661
0.994533 -0.000477
0.995980 -0.000331
0.997206 -0.000219
0.998210 -0.000135
0.998993 -0.000074
0.999552 -0.000032
0.999888 -0.000008
1.000000 0.000000