e360
1.000000 0.000000
0.999886 0.000011
0.999545 0.000045
0.998978 0.000102
0.998183 0.000184
0.997163 0.000295
0.995919 0.000439
0.994450 0.000621
0.992759 0.000844
0.990847 0.001110
0.988713 0.001417
0.986360 0.001762
0.983788 0.002146
0.981000 0.002580
0.977997 0.003062
0.974779 0.003584
0.971346 0.004134
0.967697 0.004700
0.963836 0.005292
0.959764 0.005910
0.955483 0.006552
0.950994 0.007214
0.946299 0.007890
0.941400 0.008577
0.936298 0.009277
0.930997 0.009994
0.925499 0.010733
0.919809 0.011501
0.913928 0.012293
0.907859 0.013106
0.901603 0.013942
0.895166 0.014803
0.888549 0.015692
0.881756 0.016609
0.874790 0.017552
0.867653 0.018520
0.860350 0.019514
0.852883 0.020536
0.845256 0.021584
0.837472 0.022660
0.829535 0.023762
0.821447 0.024887
0.813214 0.026035
0.804837 0.027203
0.796321 0.028393
0.787670 0.029605
0.778888 0.030837
0.769978 0.032091
0.760944 0.033367
0.751792 0.034667
0.742525 0.035986
0.733146 0.037320
0.723658 0.038663
0.714066 0.040013
0.704375 0.041375
0.694588 0.042746
0.684710 0.044122
0.674745 0.045500
0.664697 0.046881
0.654571 0.048267
0.644371 0.049653
0.634101 0.051036
0.623765 0.052409
0.613368 0.053774
0.602915 0.055136
0.592410 0.056487
0.581858 0.057820
0.571261 0.059127
0.560626 0.060417
0.549957 0.061692
0.539258 0.062939
0.528533 0.064147
0.517787 0.065307
0.507025 0.066442
0.496251 0.067545
0.485471 0.068595
0.474687 0.069574
0.463905 0.070482
0.453130 0.071355
0.442366 0.072171
0.431620 0.072907
0.420896 0.073537
0.410199 0.074116
0.399532 0.074657
0.388904 0.075117
0.378319 0.075458
0.367782 0.075672
0.357298 0.075855
0.346871 0.076003
0.336508 0.076100
0.326214 0.076129
0.315994 0.076055
0.305852 0.075886
0.295793 0.075656
0.285823 0.075396
0.275947 0.075108
0.266168 0.074717
0.256491 0.074246
0.246922 0.073725
0.237465 0.073180
0.228124 0.072582
0.218902 0.071916
0.209806 0.071197
0.200841 0.070439
0.192010 0.069642
0.183315 0.068783
0.174763 0.067869
0.166359 0.066912
0.158107 0.065920
0.150009 0.064878
0.142068 0.063783
0.134292 0.062642
0.126685 0.061461
0.119250 0.060237
0.111987 0.058961
0.104904 0.057634
0.098011 0.056260
0.091310 0.054840
0.084793 0.053364
0.078474 0.051830
0.072368 0.050234
0.066484 0.048576
0.060802 0.046839
0.055339 0.045027
0.050117 0.043149
0.045149 0.041212
0.040403 0.039190
0.035899 0.037094
0.031664 0.034945
0.027713 0.032763
0.023991 0.030520
0.020530 0.028234
0.017372 0.025929
0.014529 0.023625
0.011905 0.021301
0.009552 0.018985
0.007524 0.016714
0.005837 0.014514
0.004361 0.012363
0.003104 0.010300
0.002093 0.008371
0.001327 0.006610
0.000774 0.005008
0.000411 0.003567
0.000179 0.002334
0.000053 0.001314
0.000024 0.000517
0.000013 -0.000055
0.000010 -0.000397
0.000010 -0.000510
0.000011 -0.000623
0.000030 -0.000960
0.000095 -0.001518
0.000217 -0.002293
0.000476 -0.003269
0.001028 -0.004369
0.001943 -0.005499
0.003170 -0.006644
0.004676 -0.007802
0.006446 -0.008971
0.008474 -0.010129
0.010749 -0.011310
0.013268 -0.012498
0.016019 -0.013653
0.019009 -0.014788
0.022241 -0.015921
0.025709 -0.017040
0.029400 -0.018139
0.033300 -0.019210
0.037423 -0.020260
0.041770 -0.021287
0.046334 -0.022292
0.051104 -0.023279
0.056072 -0.024252
0.061246 -0.025209
0.066624 -0.026148
0.072200 -0.027068
0.077969 -0.027970
0.083925 -0.028855
0.090073 -0.029724
0.096407 -0.030576
0.102923 -0.031409
0.109617 -0.032222
0.116486 -0.033016
0.123528 -0.033795
0.130741 -0.034556
0.138119 -0.035296
0.145658 -0.036014
0.153356 -0.036712
0.161210 -0.037394
0.169216 -0.038056
0.177370 -0.038695
0.185668 -0.039310
0.194106 -0.039904
0.202680 -0.040481
0.211388 -0.041037
0.220224 -0.041567
0.229184 -0.042069
0.238265 -0.042551
0.247463 -0.043015
0.256773 -0.043455
0.266191 -0.043868
0.275712 -0.044250
0.285332 -0.044616
0.295048 -0.044964
0.304855 -0.045286
0.314748 -0.045575
0.324722 -0.045829
0.334774 -0.046071
0.344899 -0.046295
0.355092 -0.046489
0.365348 -0.046638
0.375663 -0.046741
0.386033 -0.046834
0.396452 -0.046914
0.406916 -0.046972
0.417420 -0.046999
0.427959 -0.046987
0.438529 -0.046935
0.449125 -0.046854
0.459743 -0.046751
0.470375 -0.046638
0.481020 -0.046492
0.491671 -0.046288
0.502324 -0.046037
0.512974 -0.045755
0.523615 -0.045455
0.534243 -0.045112
0.544853 -0.044713
0.555441 -0.044270
0.566000 -0.043794
0.576527 -0.043294
0.587017 -0.042749
0.597464 -0.042155
0.607865 -0.041522
0.618214 -0.040858
0.628506 -0.040167
0.638737 -0.039431
0.648903 -0.038655
0.658998 -0.037845
0.669018 -0.037011
0.678958 -0.036154
0.688815 -0.035260
0.698583 -0.034336
0.708259 -0.033389
0.717839 -0.032424
0.727316 -0.031441
0.736689 -0.030430
0.745952 -0.029400
0.755102 -0.028359
0.764136 -0.027316
0.773049 -0.026269
0.781837 -0.025210
0.790497 -0.024148
0.799026 -0.023092
0.807421 -0.022051
0.815678 -0.021024
0.823792 -0.020004
0.831762 -0.018997
0.839583 -0.018010
0.847253 -0.017046
0.854768 -0.016107
0.862126 -0.015188
0.869321 -0.014292
0.876353 -0.013421
0.883217 -0.012578
0.889911 -0.011763
0.896431 -0.010973
0.902775 -0.010210
0.908940 -0.009475
0.914922 -0.008768
0.920721 -0.008090
0.926332 -0.007442
0.931753 -0.006821
0.936982 -0.006227
0.942016 -0.005659
0.946853 -0.005116
0.951491 -0.004595
0.955926 -0.004099
0.960159 -0.003630
0.964187 -0.003190
0.968008 -0.002780
0.971620 -0.002397
0.975022 -0.002035
0.978212 -0.001701
0.981189 -0.001403
0.983952 -0.001142
0.986501 -0.000919
0.988832 -0.000722
0.990946 -0.000552
0.992840 -0.000409
0.994514 -0.000292
0.995967 -0.000201
0.997197 -0.000132
0.998205 -0.000081
0.998990 -0.000044
0.999551 -0.000019
0.999888 -0.000005
1.000000 0.000000