e377m
1.000000 0.000000
0.999886 0.000016
0.999545 0.000063
0.998977 0.000141
0.998182 0.000251
0.997160 0.000392
0.995912 0.000563
0.994438 0.000764
0.992739 0.000995
0.990815 0.001258
0.988669 0.001554
0.986301 0.001884
0.983712 0.002247
0.980904 0.002644
0.977877 0.003077
0.974633 0.003547
0.971176 0.004059
0.967505 0.004610
0.963622 0.005202
0.959530 0.005833
0.955230 0.006501
0.950724 0.007207
0.946014 0.007952
0.941102 0.008737
0.935991 0.009560
0.930682 0.010420
0.925178 0.011315
0.919482 0.012248
0.913596 0.013218
0.907522 0.014224
0.901264 0.015264
0.894824 0.016340
0.888205 0.017450
0.881410 0.018596
0.874441 0.019774
0.867303 0.020984
0.859998 0.022225
0.852529 0.023499
0.844900 0.024803
0.837113 0.026136
0.829173 0.027496
0.821083 0.028882
0.812846 0.030295
0.804465 0.031734
0.795946 0.033197
0.787290 0.034682
0.778503 0.036190
0.769588 0.037721
0.760549 0.039272
0.751389 0.040841
0.742113 0.042424
0.732724 0.044024
0.723228 0.045639
0.713627 0.047267
0.703926 0.048905
0.694129 0.050552
0.684240 0.052210
0.674265 0.053877
0.664206 0.055547
0.654068 0.057218
0.643855 0.058890
0.633573 0.060563
0.623225 0.062235
0.612816 0.063900
0.602349 0.065555
0.591830 0.067204
0.581263 0.068845
0.570653 0.070472
0.560003 0.072077
0.549318 0.073657
0.538604 0.075224
0.527864 0.076767
0.517102 0.078275
0.506322 0.079735
0.495530 0.081165
0.484731 0.082566
0.473927 0.083913
0.463123 0.085180
0.452323 0.086366
0.441532 0.087510
0.430754 0.088584
0.419997 0.089557
0.409264 0.090410
0.398558 0.091220
0.387887 0.091958
0.377255 0.092568
0.366671 0.093002
0.356136 0.093367
0.345656 0.093682
0.335239 0.093899
0.324892 0.093969
0.314617 0.093891
0.304419 0.093706
0.294307 0.093450
0.284288 0.093155
0.274366 0.092725
0.264543 0.092102
0.254828 0.091357
0.245230 0.090557
0.235751 0.089668
0.226394 0.088635
0.217166 0.087500
0.208074 0.086306
0.199121 0.085037
0.190308 0.083660
0.181644 0.082203
0.173135 0.080689
0.164782 0.079111
0.156588 0.077450
0.148560 0.075721
0.140705 0.073941
0.133024 0.072106
0.125518 0.070202
0.118195 0.068242
0.111064 0.066238
0.104123 0.064186
0.097372 0.062078
0.090821 0.059926
0.084479 0.057740
0.078341 0.055519
0.072407 0.053257
0.066689 0.050963
0.061197 0.048648
0.055921 0.046309
0.050861 0.043945
0.046033 0.041565
0.041449 0.039177
0.037088 0.036781
0.032955 0.034379
0.029071 0.031978
0.025449 0.029588
0.022052 0.027210
0.018893 0.024848
0.016002 0.022513
0.013390 0.020219
0.010986 0.017965
0.008827 0.015763
0.006958 0.013631
0.005373 0.011584
0.003930 0.009620
0.002725 0.007766
0.001831 0.006048
0.001254 0.004485
0.000816 0.003000
0.000483 0.001692
0.000270 0.000645
0.000157 -0.000125
0.000112 -0.000638
0.000101 -0.000927
0.000100 -0.001020
0.000104 -0.001113
0.000160 -0.001402
0.000387 -0.001904
0.000920 -0.002606
0.001833 -0.003401
0.003011 -0.004007
0.004294 -0.004215
0.005940 -0.004392
0.007938 -0.004534
0.010200 -0.004618
0.012580 -0.004594
0.015145 -0.004297
0.017918 -0.003726
0.020893 -0.002958
0.024063 -0.002127
0.027423 -0.001278
0.030975 -0.000275
0.034712 0.000878
0.038629 0.002166
0.042719 0.003567
0.046984 0.005089
0.051423 0.006768
0.056022 0.008610
0.060765 0.010617
0.065636 0.012791
0.070623 0.015185
0.075730 0.017810
0.080958 0.020630
0.086313 0.023601
0.091784 0.026724
0.097346 0.030066
0.103030 0.033565
0.108876 0.037140
0.114918 0.040723
0.121108 0.044419
0.127461 0.048173
0.134017 0.051876
0.140824 0.055408
0.147887 0.058831
0.155187 0.062181
0.162714 0.065385
0.170457 0.068356
0.178420 0.071107
0.186618 0.073744
0.195027 0.076197
0.203620 0.078388
0.212378 0.080279
0.221329 0.082037
0.230456 0.083615
0.239729 0.084921
0.249125 0.085898
0.258659 0.086762
0.268323 0.087498
0.278098 0.088019
0.287963 0.088257
0.297925 0.088402
0.307979 0.088513
0.318117 0.088582
0.328328 0.088595
0.338611 0.088425
0.348961 0.088070
0.359373 0.087607
0.369838 0.087117
0.380353 0.086555
0.390914 0.085857
0.401515 0.085068
0.412152 0.084231
0.422818 0.083351
0.433511 0.082387
0.444225 0.081352
0.454955 0.080267
0.465695 0.079143
0.476442 0.077956
0.487191 0.076708
0.497936 0.075413
0.508673 0.074081
0.519397 0.072704
0.530103 0.071276
0.540787 0.069807
0.551444 0.068307
0.562070 0.066781
0.572659 0.065217
0.583208 0.063622
0.593713 0.062006
0.604170 0.060378
0.614573 0.058736
0.624918 0.057074
0.635201 0.055400
0.645418 0.053723
0.655567 0.052052
0.665641 0.050378
0.675636 0.048704
0.685548 0.047035
0.695375 0.045378
0.705112 0.043738
0.714754 0.042111
0.724297 0.040498
0.733737 0.038899
0.743069 0.037315
0.752290 0.035746
0.761395 0.034194
0.770380 0.032659
0.779241 0.031140
0.787975 0.029639
0.796576 0.028153
0.805041 0.026685
0.813367 0.025237
0.821550 0.023813
0.829588 0.022415
0.837475 0.021035
0.845207 0.019674
0.852785 0.018346
0.860205 0.017064
0.867467 0.015839
0.874566 0.014657
0.881497 0.013515
0.888259 0.012425
0.894850 0.011396
0.901267 0.010437
0.907508 0.009533
0.913568 0.008681
0.919444 0.007885
0.925134 0.007149
0.930634 0.006477
0.935943 0.005862
0.941058 0.005296
0.945974 0.004774
0.950690 0.004291
0.955201 0.003843
0.959506 0.003433
0.963604 0.003056
0.967492 0.002709
0.971167 0.002386
0.974628 0.002085
0.977874 0.001808
0.980902 0.001555
0.983712 0.001323
0.986302 0.001110
0.988670 0.000915
0.990816 0.000739
0.992739 0.000583
0.994437 0.000445
0.995911 0.000326
0.997159 0.000226
0.998181 0.000144
0.998977 0.000081
0.999545 0.000036
0.999886 0.000009
1.000000 0.000000