e392
1.000000 0.000000
0.999887 0.000019
0.999549 0.000077
0.998985 0.000173
0.998196 0.000308
0.997183 0.000485
0.995947 0.000706
0.994488 0.000970
0.992807 0.001280
0.990906 0.001637
0.988784 0.002040
0.986444 0.002490
0.983886 0.002991
0.981113 0.003544
0.978126 0.004147
0.974924 0.004796
0.971508 0.005485
0.967882 0.006218
0.964045 0.006998
0.960001 0.007820
0.955749 0.008679
0.951290 0.009569
0.946627 0.010490
0.941761 0.011443
0.936696 0.012427
0.931432 0.013441
0.925972 0.014483
0.920318 0.015551
0.914473 0.016643
0.908439 0.017762
0.902220 0.018908
0.895818 0.020083
0.889237 0.021286
0.882479 0.022515
0.875547 0.023768
0.868444 0.025047
0.861173 0.026352
0.853739 0.027681
0.846143 0.029034
0.838390 0.030409
0.830482 0.031805
0.822424 0.033223
0.814218 0.034662
0.805869 0.036120
0.797380 0.037596
0.788754 0.039088
0.779996 0.040595
0.771108 0.042117
0.762096 0.043654
0.752963 0.045202
0.743713 0.046759
0.734349 0.048322
0.724876 0.049894
0.715299 0.051472
0.705620 0.053054
0.695844 0.054634
0.685975 0.056212
0.676018 0.057792
0.665977 0.059369
0.655856 0.060937
0.645659 0.062493
0.635390 0.064040
0.625056 0.065581
0.614658 0.067105
0.604202 0.068603
0.593691 0.070069
0.583130 0.071518
0.572525 0.072944
0.561879 0.074329
0.551195 0.075656
0.540477 0.076929
0.529732 0.078169
0.518964 0.079357
0.508177 0.080473
0.497377 0.081501
0.486567 0.082481
0.475753 0.083408
0.464940 0.084253
0.454135 0.084991
0.443341 0.085651
0.432563 0.086279
0.421807 0.086823
0.411079 0.087231
0.400385 0.087483
0.389729 0.087694
0.379115 0.087864
0.368551 0.087972
0.358044 0.087996
0.347596 0.087878
0.337212 0.087635
0.326900 0.087315
0.316665 0.086964
0.306513 0.086534
0.296446 0.085958
0.286471 0.085281
0.276594 0.084551
0.266821 0.083780
0.257152 0.082908
0.247594 0.081952
0.238154 0.080936
0.228836 0.079879
0.219642 0.078748
0.210576 0.077545
0.201646 0.076284
0.192858 0.074979
0.184211 0.073616
0.175711 0.072189
0.167363 0.070707
0.159174 0.069181
0.151147 0.067611
0.143281 0.065983
0.135584 0.064306
0.128062 0.062588
0.120720 0.060835
0.113554 0.059034
0.106572 0.057191
0.099781 0.055312
0.093188 0.053404
0.086785 0.051460
0.080578 0.049480
0.074579 0.047471
0.068794 0.045440
0.063215 0.043382
0.057845 0.041297
0.052695 0.039193
0.047775 0.037075
0.043077 0.034948
0.038592 0.032808
0.034343 0.030659
0.030344 0.028508
0.026586 0.026357
0.023045 0.024206
0.019753 0.022063
0.016729 0.019940
0.013961 0.017845
0.011392 0.015779
0.009081 0.013752
0.007070 0.011775
0.005318 0.009860
0.003545 0.008010
0.002070 0.006245
0.001131 0.004588
0.000796 0.003063
0.000733 0.001572
0.000692 0.000211
0.000668 -0.000878
0.000656 -0.001664
0.000651 -0.002173
0.000650 -0.002452
0.000650 -0.002540
0.000653 -0.002626
0.000691 -0.002883
0.000847 -0.003299
0.001239 -0.003858
0.001978 -0.004538
0.003127 -0.005305
0.004632 -0.006120
0.006253 -0.006931
0.007903 -0.007726
0.009834 -0.008527
0.012045 -0.009315
0.014511 -0.010078
0.017188 -0.010805
0.020056 -0.011505
0.023162 -0.012186
0.026501 -0.012840
0.030064 -0.013457
0.033836 -0.014029
0.037813 -0.014564
0.042006 -0.015079
0.046412 -0.015564
0.051024 -0.016010
0.055836 -0.016407
0.060846 -0.016769
0.066056 -0.017112
0.071462 -0.017428
0.077061 -0.017706
0.082847 -0.017936
0.088819 -0.018139
0.094975 -0.018334
0.101313 -0.018505
0.107828 -0.018634
0.114517 -0.018701
0.121376 -0.018730
0.128405 -0.018755
0.135599 -0.018774
0.142954 -0.018786
0.150468 -0.018790
0.158136 -0.018761
0.165956 -0.018683
0.173924 -0.018568
0.182037 -0.018434
0.190290 -0.018295
0.198680 -0.018145
0.207203 -0.017965
0.215856 -0.017761
0.224634 -0.017538
0.233534 -0.017305
0.242552 -0.017060
0.251684 -0.016793
0.260925 -0.016507
0.270272 -0.016206
0.279720 -0.015892
0.289265 -0.015565
0.298903 -0.015220
0.308630 -0.014859
0.318441 -0.014484
0.328332 -0.014095
0.338298 -0.013693
0.348335 -0.013275
0.358439 -0.012841
0.368605 -0.012395
0.378828 -0.011937
0.389105 -0.011470
0.399430 -0.010987
0.409798 -0.010493
0.420206 -0.009988
0.430649 -0.009478
0.441122 -0.008963
0.451621 -0.008440
0.462140 -0.007908
0.472676 -0.007373
0.483223 -0.006838
0.493777 -0.006305
0.504334 -0.005770
0.514888 -0.005234
0.525436 -0.004700
0.535972 -0.004173
0.546491 -0.003656
0.556991 -0.003146
0.567464 -0.002641
0.577908 -0.002145
0.588317 -0.001661
0.598687 -0.001191
0.609013 -0.000735
0.619290 -0.000289
0.629515 0.000144
0.639682 0.000563
0.649787 0.000965
0.659825 0.001348
0.669793 0.001719
0.679685 0.002077
0.689497 0.002418
0.699225 0.002739
0.708865 0.003040
0.718411 0.003328
0.727861 0.003603
0.737209 0.003861
0.746451 0.004098
0.755584 0.004309
0.764603 0.004503
0.773505 0.004687
0.782285 0.004856
0.790939 0.005002
0.799463 0.005121
0.807854 0.005214
0.816107 0.005302
0.824220 0.005380
0.832189 0.005442
0.840009 0.005480
0.847678 0.005490
0.855191 0.005479
0.862546 0.005455
0.869740 0.005422
0.876768 0.005382
0.883629 0.005338
0.890318 0.005281
0.896833 0.005192
0.903171 0.005081
0.909329 0.004955
0.915303 0.004822
0.921093 0.004687
0.926694 0.004532
0.932105 0.004360
0.937323 0.004175
0.942345 0.003982
0.947169 0.003785
0.951793 0.003580
0.956216 0.003361
0.960435 0.003133
0.964448 0.002901
0.968253 0.002670
0.971849 0.002440
0.975234 0.002205
0.978407 0.001969
0.981366 0.001737
0.984111 0.001513
0.986640 0.001301
0.988952 0.001098
0.991046 0.000905
0.992922 0.000725
0.994579 0.000561
0.996016 0.000418
0.997232 0.000295
0.998228 0.000191
0.999003 0.000108
0.999557 0.000048
0.999889 0.000012
1.000000 0.000000