e396
1.000000 0.000000
0.999889 0.000034
0.999557 0.000138
0.999003 0.000311
0.998229 0.000555
0.997236 0.000872
0.996026 0.001269
0.994601 0.001748
0.992961 0.002309
0.991108 0.002953
0.989041 0.003677
0.986760 0.004476
0.984268 0.005356
0.981568 0.006322
0.978659 0.007366
0.975537 0.008475
0.972199 0.009632
0.968645 0.010834
0.964879 0.012091
0.960902 0.013396
0.956714 0.014743
0.952316 0.016124
0.947708 0.017535
0.942891 0.018975
0.937869 0.020448
0.932647 0.021961
0.927230 0.023521
0.921619 0.025120
0.915814 0.026754
0.909820 0.028425
0.903640 0.030136
0.897277 0.031891
0.890734 0.033684
0.884013 0.035515
0.877118 0.037381
0.870050 0.039281
0.862814 0.041216
0.855413 0.043185
0.847850 0.045186
0.840126 0.047214
0.832246 0.049266
0.824213 0.051342
0.816030 0.053442
0.807701 0.055563
0.799229 0.057700
0.790616 0.059849
0.781867 0.062010
0.772986 0.064185
0.763975 0.066367
0.754839 0.068549
0.745579 0.070725
0.736202 0.072903
0.726710 0.075079
0.717107 0.077243
0.707396 0.079386
0.697581 0.081508
0.687668 0.083618
0.677659 0.085704
0.667557 0.087753
0.657367 0.089751
0.647092 0.091717
0.636739 0.093649
0.626309 0.095523
0.615807 0.097318
0.605236 0.099037
0.594601 0.100705
0.583908 0.102301
0.573163 0.103806
0.562370 0.105209
0.551533 0.106551
0.540658 0.107818
0.529752 0.108986
0.518820 0.110031
0.507867 0.111005
0.496897 0.111911
0.485918 0.112714
0.474936 0.113379
0.463956 0.113968
0.452982 0.114532
0.442020 0.114982
0.431079 0.115229
0.420164 0.115271
0.409276 0.115295
0.398424 0.115311
0.387615 0.115319
0.376856 0.115280
0.366147 0.115009
0.355497 0.114559
0.344911 0.114021
0.334399 0.113471
0.323960 0.112801
0.313602 0.111998
0.303330 0.111106
0.293153 0.110162
0.283073 0.109126
0.273093 0.107977
0.263222 0.106743
0.253466 0.105447
0.243828 0.104078
0.234310 0.102610
0.224921 0.101063
0.215667 0.099455
0.206551 0.097788
0.197573 0.096038
0.188743 0.094217
0.180067 0.092337
0.171550 0.090404
0.163191 0.088398
0.154996 0.086328
0.146973 0.084206
0.139128 0.082040
0.131458 0.079816
0.123967 0.077538
0.116667 0.075214
0.109565 0.072854
0.102653 0.070446
0.095937 0.067993
0.089426 0.065506
0.083130 0.062993
0.077040 0.060452
0.071157 0.057881
0.065494 0.055287
0.060063 0.052678
0.054856 0.050055
0.049865 0.047416
0.045106 0.044771
0.040594 0.042127
0.036321 0.039493
0.032265 0.036866
0.028451 0.034253
0.024898 0.031663
0.021605 0.029104
0.018521 0.026579
0.015678 0.024096
0.013109 0.021665
0.010829 0.019298
0.008774 0.016991
0.006936 0.014762
0.005334 0.012639
0.003973 0.010646
0.002844 0.008786
0.001939 0.007035
0.001249 0.005447
0.000737 0.004031
0.000384 0.002807
0.000175 0.001786
0.000058 0.000982
0.000015 0.000403
0.000001 0.000055
0.000000 -0.000060
0.000002 -0.000173
0.000020 -0.000510
0.000086 -0.001066
0.000290 -0.001823
0.000723 -0.002733
0.001396 -0.003764
0.002307 -0.004897
0.003477 -0.006099
0.004893 -0.007368
0.006571 -0.008652
0.008509 -0.009986
0.010700 -0.011303
0.013141 -0.012571
0.015849 -0.013849
0.018816 -0.015113
0.022026 -0.016336
0.025451 -0.017490
0.029116 -0.018602
0.033028 -0.019678
0.037175 -0.020701
0.041537 -0.021651
0.046105 -0.022528
0.050895 -0.023371
0.055903 -0.024165
0.061119 -0.024887
0.066530 -0.025517
0.072140 -0.026095
0.077951 -0.026640
0.083956 -0.027126
0.090148 -0.027526
0.096521 -0.027822
0.103076 -0.028097
0.109812 -0.028343
0.116721 -0.028531
0.123800 -0.028625
0.131044 -0.028619
0.138452 -0.028572
0.146019 -0.028493
0.153743 -0.028389
0.161617 -0.028269
0.169639 -0.028090
0.177806 -0.027810
0.186113 -0.027453
0.194556 -0.027049
0.203132 -0.026631
0.211836 -0.026177
0.220665 -0.025660
0.229614 -0.025093
0.238681 -0.024491
0.247860 -0.023869
0.257149 -0.023215
0.266541 -0.022519
0.276034 -0.021789
0.285624 -0.021033
0.295306 -0.020262
0.305077 -0.019467
0.314931 -0.018645
0.324864 -0.017801
0.334873 -0.016941
0.344953 -0.016073
0.355101 -0.015195
0.365310 -0.014303
0.375577 -0.013399
0.385898 -0.012489
0.396268 -0.011579
0.406683 -0.010668
0.417137 -0.009751
0.427627 -0.008832
0.438148 -0.007915
0.448695 -0.007005
0.459265 -0.006103
0.469851 -0.005205
0.480450 -0.004312
0.491056 -0.003427
0.501666 -0.002556
0.512275 -0.001701
0.522878 -0.000858
0.533470 -0.000025
0.544046 0.000793
0.554603 0.001592
0.565135 0.002367
0.575637 0.003119
0.586106 0.003856
0.596537 0.004574
0.606924 0.005267
0.617263 0.005933
0.627549 0.006568
0.637779 0.007185
0.647947 0.007781
0.658050 0.008351
0.668081 0.008888
0.678037 0.009387
0.687914 0.009856
0.697707 0.010307
0.707411 0.010732
0.717023 0.011122
0.726537 0.011470
0.735950 0.011775
0.745257 0.012068
0.754454 0.012345
0.763537 0.012588
0.772502 0.012783
0.781344 0.012914
0.790060 0.012994
0.798646 0.013065
0.807098 0.013123
0.815411 0.013167
0.823582 0.013193
0.831607 0.013199
0.839483 0.013150
0.847207 0.013048
0.854773 0.012907
0.862180 0.012744
0.869422 0.012571
0.876498 0.012391
0.883404 0.012162
0.890137 0.011892
0.896693 0.011591
0.903069 0.011271
0.909263 0.010942
0.915271 0.010597
0.921092 0.010219
0.926722 0.009813
0.932159 0.009388
0.937399 0.008949
0.942439 0.008503
0.947278 0.008037
0.951916 0.007546
0.956348 0.007041
0.960573 0.006530
0.964589 0.006020
0.968394 0.005518
0.971987 0.005011
0.975367 0.004502
0.978533 0.004000
0.981484 0.003515
0.984218 0.003052
0.986736 0.002615
0.989036 0.002196
0.991117 0.001803
0.992980 0.001440
0.994625 0.001114
0.996051 0.000828
0.997258 0.000583
0.998245 0.000376
0.999013 0.000212
0.999561 0.000095
0.999890 0.000024
1.000000 -0.000000