e398
1.000000 0.000000
0.999889 0.000033
0.999554 0.000134
0.998998 0.000302
0.998220 0.000538
0.997222 0.000847
0.996005 0.001234
0.994573 0.001700
0.992924 0.002248
0.991061 0.002877
0.988984 0.003586
0.986691 0.004368
0.984187 0.005231
0.981474 0.006179
0.978551 0.007205
0.975415 0.008295
0.972062 0.009433
0.968492 0.010613
0.964708 0.011845
0.960713 0.013124
0.956507 0.014445
0.952090 0.015802
0.947463 0.017186
0.942626 0.018600
0.937584 0.020045
0.932341 0.021530
0.926903 0.023060
0.921271 0.024631
0.915445 0.026237
0.909428 0.027880
0.903225 0.029563
0.896840 0.031290
0.890275 0.033059
0.883531 0.034866
0.876613 0.036709
0.869523 0.038587
0.862263 0.040498
0.854838 0.042441
0.847250 0.044416
0.839502 0.046421
0.831598 0.048452
0.823541 0.050510
0.815335 0.052596
0.806983 0.054706
0.798489 0.056835
0.789854 0.058979
0.781084 0.061136
0.772181 0.063309
0.763150 0.065493
0.753994 0.067683
0.744716 0.069873
0.735320 0.072066
0.725811 0.074263
0.716192 0.076456
0.706467 0.078637
0.696638 0.080798
0.686711 0.082950
0.676689 0.085087
0.666578 0.087201
0.656379 0.089281
0.646098 0.091329
0.635739 0.093354
0.625307 0.095344
0.614805 0.097285
0.604238 0.099167
0.593610 0.101012
0.582925 0.102812
0.572189 0.104547
0.561406 0.106198
0.550579 0.107782
0.539714 0.109316
0.528816 0.110769
0.517890 0.112107
0.506941 0.113331
0.495971 0.114497
0.484988 0.115571
0.474000 0.116509
0.463011 0.117291
0.452024 0.118037
0.441047 0.118698
0.430087 0.119188
0.419151 0.119431
0.408243 0.119575
0.397367 0.119687
0.386532 0.119758
0.375747 0.119778
0.365014 0.119616
0.354337 0.119249
0.343725 0.118762
0.333186 0.118237
0.322724 0.117626
0.312341 0.116846
0.302045 0.115949
0.291845 0.114984
0.281744 0.113947
0.271745 0.112777
0.261855 0.111503
0.252082 0.110156
0.242430 0.108742
0.232901 0.107219
0.223500 0.105604
0.214237 0.103918
0.205116 0.102172
0.196137 0.100334
0.187306 0.098415
0.178631 0.096432
0.170119 0.094396
0.161766 0.092287
0.153579 0.090108
0.145567 0.087872
0.137737 0.085589
0.130085 0.083244
0.122616 0.080839
0.115339 0.078388
0.108261 0.075901
0.101377 0.073370
0.094689 0.070796
0.088210 0.068186
0.081948 0.065549
0.075897 0.062884
0.070054 0.060187
0.064433 0.057469
0.059047 0.054737
0.053888 0.051996
0.048944 0.049242
0.044235 0.046483
0.039775 0.043728
0.035561 0.040984
0.031565 0.038249
0.027810 0.035532
0.024317 0.032842
0.021088 0.030191
0.018067 0.027580
0.015282 0.025016
0.012769 0.022512
0.010546 0.020078
0.008560 0.017713
0.006781 0.015431
0.005230 0.013259
0.003914 0.011222
0.002825 0.009335
0.001953 0.007567
0.001290 0.005962
0.000787 0.004537
0.000444 0.003309
0.000221 0.002287
0.000100 0.001480
0.000031 0.000900
0.000011 0.000554
0.000010 0.000440
0.000010 0.000327
0.000010 -0.000011
0.000018 -0.000572
0.000107 -0.001353
0.000396 -0.002320
0.000946 -0.003425
0.001754 -0.004637
0.002824 -0.005932
0.004155 -0.007290
0.005750 -0.008687
0.007608 -0.010119
0.009725 -0.011586
0.012094 -0.013012
0.014723 -0.014416
0.017622 -0.015824
0.020778 -0.017211
0.024169 -0.018547
0.027779 -0.019814
0.031640 -0.021049
0.035747 -0.022240
0.040085 -0.023372
0.044631 -0.024427
0.049391 -0.025430
0.054375 -0.026393
0.059574 -0.027298
0.064977 -0.028125
0.070575 -0.028868
0.076376 -0.029575
0.082375 -0.030234
0.088567 -0.030822
0.094942 -0.031315
0.101499 -0.031748
0.108238 -0.032164
0.115156 -0.032526
0.122245 -0.032789
0.129499 -0.032912
0.136919 -0.032984
0.144501 -0.033042
0.152240 -0.033085
0.160131 -0.033107
0.168171 -0.033090
0.176356 -0.032959
0.184683 -0.032731
0.193147 -0.032441
0.201744 -0.032128
0.210469 -0.031798
0.219319 -0.031388
0.228291 -0.030911
0.237380 -0.030384
0.246581 -0.029831
0.255891 -0.029249
0.265305 -0.028610
0.274820 -0.027923
0.284430 -0.027201
0.294133 -0.026456
0.303924 -0.025687
0.313797 -0.024879
0.323750 -0.024038
0.333777 -0.023174
0.343876 -0.022296
0.354041 -0.021404
0.364267 -0.020489
0.374551 -0.019556
0.384888 -0.018610
0.395274 -0.017657
0.405704 -0.016699
0.416173 -0.015729
0.426677 -0.014751
0.437212 -0.013770
0.447773 -0.012791
0.458356 -0.011818
0.468956 -0.010845
0.479567 -0.009873
0.490187 -0.008906
0.500809 -0.007949
0.511430 -0.007005
0.522045 -0.006069
0.532649 -0.005141
0.543237 -0.004225
0.553805 -0.003325
0.564349 -0.002446
0.574863 -0.001585
0.585343 -0.000737
0.595784 0.000094
0.606182 0.000902
0.616533 0.001683
0.626831 0.002434
0.637073 0.003166
0.647252 0.003876
0.657366 0.004560
0.667410 0.005211
0.677378 0.005826
0.687267 0.006414
0.697072 0.006980
0.706789 0.007519
0.716413 0.008023
0.725940 0.008486
0.735366 0.008909
0.744686 0.009315
0.753897 0.009697
0.762993 0.010045
0.771972 0.010348
0.780828 0.010596
0.789558 0.010815
0.798158 0.011029
0.806624 0.011218
0.814952 0.011364
0.823138 0.011452
0.831177 0.011469
0.839068 0.011456
0.846807 0.011429
0.854388 0.011392
0.861810 0.011345
0.869067 0.011291
0.876158 0.011215
0.883079 0.011068
0.889827 0.010866
0.896398 0.010629
0.902790 0.010373
0.908998 0.010113
0.915020 0.009835
0.920856 0.009514
0.926501 0.009161
0.931951 0.008787
0.937205 0.008398
0.942258 0.008003
0.947112 0.007585
0.951762 0.007139
0.956208 0.006676
0.960446 0.006205
0.964474 0.005733
0.968290 0.005266
0.971894 0.004789
0.975285 0.004306
0.978460 0.003829
0.981420 0.003365
0.984163 0.002924
0.986689 0.002506
0.988996 0.002105
0.991085 0.001727
0.992954 0.001379
0.994605 0.001066
0.996036 0.000792
0.997247 0.000557
0.998238 0.000359
0.999009 0.000203
0.999559 0.000090
0.999890 0.000023
1.000000 0.000000