e399
1.000000 0.000000
0.999889 0.000034
0.999555 0.000138
0.998999 0.000311
0.998222 0.000555
0.997225 0.000873
0.996011 0.001271
0.994580 0.001751
0.992935 0.002314
0.991074 0.002960
0.989000 0.003688
0.986712 0.004492
0.984212 0.005378
0.981504 0.006353
0.978586 0.007407
0.975456 0.008527
0.972109 0.009696
0.968543 0.010906
0.964764 0.012169
0.960773 0.013480
0.956570 0.014832
0.952157 0.016220
0.947532 0.017635
0.942697 0.019079
0.937656 0.020555
0.932413 0.022069
0.926975 0.023627
0.921342 0.025226
0.915515 0.026858
0.909496 0.028526
0.903291 0.030234
0.896902 0.031985
0.890333 0.033777
0.883586 0.035605
0.876663 0.037469
0.869568 0.039368
0.862303 0.041302
0.854873 0.043270
0.847280 0.045270
0.839528 0.047299
0.831618 0.049354
0.823555 0.051434
0.815342 0.053539
0.806982 0.055666
0.798480 0.057813
0.789837 0.059974
0.781058 0.062150
0.772147 0.064342
0.763107 0.066545
0.753942 0.068754
0.744654 0.070961
0.735249 0.073170
0.725729 0.075381
0.716099 0.077587
0.706362 0.079781
0.696522 0.081954
0.686583 0.084117
0.676549 0.086264
0.666424 0.088387
0.656213 0.090475
0.645919 0.092532
0.635547 0.094566
0.625101 0.096563
0.614586 0.098511
0.604004 0.100398
0.593361 0.102247
0.582662 0.104050
0.571911 0.105786
0.561112 0.107437
0.550270 0.109023
0.539390 0.110557
0.528477 0.112008
0.517535 0.113345
0.506570 0.114568
0.495585 0.115736
0.484587 0.116810
0.473583 0.117745
0.462578 0.118519
0.451576 0.119257
0.440582 0.119908
0.429606 0.120384
0.418655 0.120610
0.407732 0.120739
0.396840 0.120839
0.385991 0.120901
0.375191 0.120918
0.364443 0.120743
0.353752 0.120358
0.343126 0.119850
0.332573 0.119306
0.322097 0.118674
0.311701 0.117874
0.301393 0.116958
0.291180 0.115974
0.281068 0.114915
0.271057 0.113723
0.261156 0.112427
0.251373 0.111058
0.241711 0.109618
0.232172 0.108068
0.222763 0.106425
0.213491 0.104712
0.204363 0.102937
0.195376 0.101070
0.186539 0.099122
0.177859 0.097110
0.169341 0.095043
0.160984 0.092901
0.152794 0.090690
0.144779 0.088421
0.136947 0.086105
0.129293 0.083728
0.121822 0.081292
0.114545 0.078809
0.107469 0.076288
0.100587 0.073722
0.093903 0.071109
0.087428 0.068461
0.081172 0.065787
0.075127 0.063084
0.069292 0.060350
0.063680 0.057594
0.058304 0.054826
0.053155 0.052047
0.048222 0.049257
0.043526 0.046461
0.039081 0.043671
0.034882 0.040890
0.030900 0.038119
0.027163 0.035366
0.023691 0.032641
0.020486 0.029953
0.017487 0.027305
0.014729 0.024704
0.012248 0.022163
0.010060 0.019696
0.008107 0.017296
0.006364 0.014981
0.004849 0.012780
0.003565 0.010719
0.002508 0.008809
0.001685 0.007013
0.001063 0.005389
0.000609 0.003950
0.000294 0.002709
0.000122 0.001678
0.000031 0.000867
0.000014 0.000285
0.000010 -0.000065
0.000010 -0.000180
0.000011 -0.000294
0.000027 -0.000631
0.000082 -0.001189
0.000257 -0.001957
0.000630 -0.002897
0.001221 -0.003980
0.002040 -0.005187
0.003108 -0.006487
0.004418 -0.007872
0.005985 -0.009295
0.007810 -0.010775
0.009891 -0.012301
0.012218 -0.013815
0.014796 -0.015299
0.017646 -0.016796
0.020759 -0.018283
0.024115 -0.019734
0.027687 -0.021126
0.031504 -0.022484
0.035572 -0.023806
0.039876 -0.025078
0.044396 -0.026284
0.049124 -0.027429
0.054080 -0.028538
0.059256 -0.029595
0.064640 -0.030583
0.070220 -0.031485
0.076003 -0.032341
0.081989 -0.033151
0.088170 -0.033897
0.094538 -0.034558
0.101088 -0.035137
0.107823 -0.035690
0.114737 -0.036192
0.121826 -0.036614
0.129082 -0.036924
0.136504 -0.037175
0.144090 -0.037407
0.151834 -0.037595
0.159733 -0.037709
0.167779 -0.037725
0.175973 -0.037671
0.184309 -0.037566
0.192784 -0.037422
0.201392 -0.037254
0.210128 -0.037050
0.218991 -0.036740
0.227975 -0.036340
0.237076 -0.035880
0.246290 -0.035390
0.255611 -0.034868
0.265036 -0.034268
0.274561 -0.033605
0.284182 -0.032897
0.293894 -0.032162
0.303693 -0.031396
0.313575 -0.030577
0.323535 -0.029717
0.333569 -0.028826
0.343674 -0.027916
0.353845 -0.026984
0.364076 -0.026019
0.374363 -0.025028
0.384704 -0.024019
0.395093 -0.023000
0.405525 -0.021970
0.415996 -0.020922
0.426502 -0.019861
0.437038 -0.018792
0.447600 -0.017721
0.458183 -0.016651
0.468782 -0.015573
0.479392 -0.014492
0.490010 -0.013413
0.500632 -0.012343
0.511252 -0.011283
0.521865 -0.010227
0.532467 -0.009178
0.543053 -0.008140
0.553620 -0.007117
0.564162 -0.006114
0.574674 -0.005124
0.585152 -0.004146
0.595592 -0.003187
0.605989 -0.002251
0.616338 -0.001344
0.626636 -0.000463
0.636876 0.000400
0.647055 0.001239
0.657169 0.002049
0.667212 0.002826
0.677181 0.003565
0.687070 0.004282
0.696876 0.004974
0.706595 0.005634
0.716220 0.006255
0.725749 0.006832
0.735178 0.007370
0.744501 0.007888
0.753715 0.008375
0.762816 0.008822
0.771798 0.009221
0.780659 0.009566
0.789394 0.009899
0.797999 0.010216
0.806470 0.010496
0.814804 0.010719
0.822995 0.010867
0.831041 0.010941
0.838939 0.011001
0.846684 0.011050
0.854273 0.011087
0.861701 0.011111
0.868965 0.011120
0.876063 0.011083
0.882992 0.010972
0.889747 0.010808
0.896325 0.010613
0.902724 0.010402
0.908938 0.010191
0.914968 0.009943
0.920811 0.009645
0.926462 0.009309
0.931919 0.008950
0.937178 0.008576
0.942236 0.008195
0.947094 0.007779
0.951749 0.007329
0.956198 0.006858
0.960439 0.006379
0.964470 0.005900
0.968289 0.005425
0.971895 0.004938
0.975287 0.004444
0.978464 0.003955
0.981425 0.003481
0.984169 0.003028
0.986695 0.002599
0.989002 0.002185
0.991090 0.001795
0.992959 0.001434
0.994609 0.001110
0.996039 0.000826
0.997250 0.000581
0.998240 0.000375
0.999010 0.000212
0.999560 0.000094
0.999890 0.000024
1.000000 0.000000