e520
1.000000 0.000000
0.999886 0.000004
0.999546 0.000015
0.998978 0.000036
0.998184 0.000065
0.997164 0.000107
0.995918 0.000163
0.994447 0.000237
0.992752 0.000332
0.990834 0.000448
0.988694 0.000587
0.986332 0.000746
0.983751 0.000928
0.980950 0.001139
0.977933 0.001381
0.974700 0.001652
0.971252 0.001949
0.967591 0.002268
0.963719 0.002615
0.959638 0.002993
0.955349 0.003401
0.950855 0.003840
0.946157 0.004309
0.941259 0.004808
0.936161 0.005341
0.930868 0.005909
0.925380 0.006512
0.919702 0.007151
0.913835 0.007828
0.907783 0.008544
0.901548 0.009301
0.895133 0.010100
0.888542 0.010940
0.881778 0.011822
0.874844 0.012750
0.867743 0.013726
0.860478 0.014748
0.853054 0.015817
0.845473 0.016930
0.837739 0.018088
0.829857 0.019298
0.821829 0.020557
0.813658 0.021864
0.805350 0.023215
0.796907 0.024609
0.788334 0.026053
0.779635 0.027545
0.770813 0.029082
0.761872 0.030661
0.752815 0.032278
0.743650 0.033946
0.734379 0.035663
0.725005 0.037414
0.715529 0.039186
0.705953 0.040964
0.696285 0.042776
0.686531 0.044615
0.676688 0.046455
0.666758 0.048264
0.656740 0.050017
0.646642 0.051746
0.636468 0.053448
0.626223 0.055102
0.615908 0.056685
0.605529 0.058188
0.595088 0.059640
0.584592 0.061034
0.574047 0.062359
0.563459 0.063603
0.552832 0.064778
0.542170 0.065900
0.531479 0.066958
0.520765 0.067938
0.510035 0.068831
0.499291 0.069669
0.488539 0.070452
0.477784 0.071170
0.467034 0.071811
0.456293 0.072389
0.445565 0.072935
0.434855 0.073429
0.424170 0.073846
0.413514 0.074167
0.402892 0.074456
0.392308 0.074719
0.381768 0.074922
0.371278 0.075031
0.360843 0.075033
0.350466 0.074995
0.340152 0.074930
0.329907 0.074844
0.319738 0.074742
0.309646 0.074555
0.299637 0.074253
0.289716 0.073876
0.279890 0.073461
0.270161 0.073027
0.260535 0.072513
0.251014 0.071926
0.241606 0.071285
0.232316 0.070611
0.223146 0.069885
0.214099 0.069091
0.205183 0.068239
0.196403 0.067340
0.187763 0.066400
0.179264 0.065394
0.170911 0.064325
0.162712 0.063206
0.154671 0.062046
0.146790 0.060836
0.139071 0.059564
0.131520 0.058241
0.124145 0.056874
0.116950 0.055467
0.109931 0.054004
0.103095 0.052490
0.096451 0.050934
0.090005 0.049342
0.083752 0.047707
0.077694 0.046025
0.071842 0.044303
0.066206 0.042549
0.060784 0.040765
0.055566 0.038942
0.050566 0.037085
0.045797 0.035204
0.041266 0.033306
0.036948 0.031385
0.032854 0.029443
0.029005 0.027490
0.025415 0.025534
0.022061 0.023581
0.018918 0.021629
0.016026 0.019687
0.013415 0.017766
0.011092 0.015879
0.008991 0.014014
0.007113 0.012193
0.005479 0.010452
0.004092 0.008817
0.002944 0.007300
0.002037 0.005857
0.001335 0.004562
0.000824 0.003425
0.000470 0.002465
0.000245 0.001703
0.000114 0.001149
0.000055 0.000813
0.000050 0.000700
0.000050 0.000587
0.000050 0.000246
0.000050 -0.000325
0.000106 -0.001115
0.000358 -0.002108
0.000769 -0.003288
0.001371 -0.004634
0.002194 -0.006124
0.003252 -0.007732
0.004572 -0.009402
0.006148 -0.011185
0.007982 -0.013056
0.010058 -0.014981
0.012350 -0.016925
0.014913 -0.018891
0.017771 -0.020878
0.020896 -0.022874
0.024250 -0.024868
0.027819 -0.026859
0.031651 -0.028847
0.035735 -0.030823
0.040051 -0.032777
0.044578 -0.034704
0.049340 -0.036613
0.054337 -0.038496
0.059555 -0.040346
0.064980 -0.042155
0.070616 -0.043930
0.076469 -0.045673
0.082531 -0.047376
0.088790 -0.049032
0.095240 -0.050641
0.101889 -0.052214
0.108730 -0.053745
0.115757 -0.055225
0.122960 -0.056647
0.130342 -0.058027
0.137900 -0.059364
0.145628 -0.060650
0.153519 -0.061875
0.161569 -0.063044
0.169778 -0.064174
0.178141 -0.065253
0.186650 -0.066272
0.195301 -0.067225
0.204092 -0.068136
0.213020 -0.069002
0.222077 -0.069810
0.231259 -0.070547
0.240562 -0.071224
0.249982 -0.071867
0.259516 -0.072458
0.269156 -0.072979
0.278897 -0.073418
0.288737 -0.073836
0.298671 -0.074219
0.308694 -0.074530
0.318799 -0.074731
0.328982 -0.074835
0.339241 -0.074923
0.349569 -0.074990
0.359960 -0.075031
0.370410 -0.075034
0.380914 -0.074935
0.391469 -0.074738
0.402067 -0.074478
0.412704 -0.074189
0.423374 -0.073873
0.434075 -0.073462
0.444799 -0.072973
0.455542 -0.072428
0.466298 -0.071852
0.477063 -0.071215
0.487833 -0.070501
0.498600 -0.069721
0.509359 -0.068885
0.520105 -0.067995
0.530833 -0.067019
0.541539 -0.065965
0.552217 -0.064844
0.562858 -0.063671
0.573461 -0.062431
0.584021 -0.061108
0.594532 -0.059715
0.604988 -0.058264
0.615382 -0.056764
0.625711 -0.055182
0.635971 -0.053530
0.646159 -0.051828
0.656272 -0.050098
0.666304 -0.048345
0.676248 -0.046536
0.686104 -0.044696
0.695872 -0.042853
0.705553 -0.041038
0.715142 -0.039258
0.724631 -0.037484
0.734018 -0.035730
0.743302 -0.034010
0.752479 -0.032338
0.761548 -0.030719
0.770501 -0.029137
0.779335 -0.027597
0.788046 -0.026102
0.796631 -0.024655
0.805085 -0.023259
0.813405 -0.021905
0.821586 -0.020596
0.829625 -0.019334
0.837518 -0.018122
0.845262 -0.016961
0.852853 -0.015846
0.860288 -0.014776
0.867563 -0.013752
0.874673 -0.012774
0.881617 -0.011844
0.888390 -0.010958
0.894990 -0.010114
0.901413 -0.009311
0.907656 -0.008550
0.913716 -0.007832
0.919591 -0.007154
0.925277 -0.006516
0.930772 -0.005914
0.936074 -0.005348
0.941178 -0.004815
0.946084 -0.004316
0.950787 -0.003847
0.955288 -0.003407
0.959582 -0.002998
0.963669 -0.002620
0.967547 -0.002272
0.971213 -0.001952
0.974665 -0.001654
0.977903 -0.001383
0.980924 -0.001141
0.983728 -0.000930
0.986313 -0.000748
0.988678 -0.000588
0.990821 -0.000449
0.992742 -0.000332
0.994439 -0.000238
0.995912 -0.000163
0.997160 -0.000107
0.998181 -0.000065
0.998977 -0.000036
0.999545 -0.000016
0.999886 -0.000004
1.000000 -0.000000