e543
1.000000 0.000000
0.999888 0.000028
0.999553 0.000113
0.998994 0.000254
0.998213 0.000454
0.997210 0.000713
0.995987 0.001037
0.994546 0.001430
0.992888 0.001895
0.991013 0.002429
0.988921 0.003027
0.986610 0.003680
0.984078 0.004376
0.981330 0.005128
0.978366 0.005933
0.975186 0.006783
0.971789 0.007665
0.968173 0.008566
0.964338 0.009484
0.960287 0.010424
0.956025 0.011392
0.951554 0.012394
0.946881 0.013443
0.942005 0.014527
0.936927 0.015642
0.931650 0.016792
0.926177 0.017982
0.920514 0.019220
0.914662 0.020502
0.908622 0.021824
0.902398 0.023186
0.895992 0.024589
0.889408 0.026032
0.882649 0.027517
0.875717 0.029040
0.868615 0.030602
0.861347 0.032201
0.853916 0.033837
0.846325 0.035508
0.838577 0.037216
0.830676 0.038958
0.822626 0.040730
0.814427 0.042528
0.806085 0.044353
0.797604 0.046206
0.788987 0.048084
0.780236 0.049981
0.771355 0.051894
0.762349 0.053824
0.753222 0.055772
0.743976 0.057733
0.734616 0.059699
0.725143 0.061664
0.715564 0.063631
0.705881 0.065602
0.696099 0.067569
0.686222 0.069525
0.676252 0.071462
0.666195 0.073391
0.656054 0.075307
0.645835 0.077201
0.635540 0.079060
0.625172 0.080881
0.614738 0.082679
0.604242 0.084444
0.593687 0.086162
0.583078 0.087818
0.572419 0.089430
0.561716 0.091005
0.550973 0.092518
0.540193 0.093947
0.529381 0.095283
0.518542 0.096575
0.507682 0.097797
0.496804 0.098911
0.485916 0.099879
0.475020 0.100773
0.464121 0.101607
0.453228 0.102321
0.442347 0.102858
0.431483 0.103240
0.420640 0.103587
0.409824 0.103860
0.399043 0.104018
0.388306 0.104026
0.377612 0.103917
0.366969 0.103726
0.356384 0.103481
0.345864 0.103209
0.335411 0.102809
0.325029 0.102262
0.314727 0.101622
0.304510 0.100937
0.294382 0.100201
0.284346 0.099355
0.274409 0.098423
0.264578 0.097429
0.254857 0.096384
0.245249 0.095247
0.235759 0.094028
0.226394 0.092744
0.217160 0.091410
0.208058 0.090002
0.199092 0.088516
0.190271 0.086966
0.181600 0.085365
0.173081 0.083706
0.164715 0.081976
0.156511 0.080185
0.148476 0.078345
0.140613 0.076459
0.132919 0.074512
0.125403 0.072510
0.118073 0.070463
0.110935 0.068378
0.103982 0.066243
0.097222 0.064061
0.090664 0.061839
0.084317 0.059586
0.078175 0.057295
0.072236 0.054965
0.066515 0.052606
0.061021 0.050225
0.055749 0.047827
0.050689 0.045405
0.045859 0.042967
0.041273 0.040520
0.036933 0.038071
0.032808 0.035616
0.028921 0.033163
0.025294 0.030719
0.021938 0.028296
0.018795 0.025895
0.015885 0.023520
0.013247 0.021184
0.010907 0.018900
0.008830 0.016667
0.006963 0.014490
0.005330 0.012403
0.003941 0.010435
0.002791 0.008608
0.001886 0.006876
0.001199 0.005297
0.000689 0.003891
0.000346 0.002673
0.000148 0.001657
0.000038 0.000856
0.000015 0.000281
0.000010 -0.000066
0.000010 -0.000180
0.000012 -0.000294
0.000030 -0.000633
0.000104 -0.001192
0.000343 -0.001945
0.000808 -0.002848
0.001526 -0.003860
0.002485 -0.004968
0.003692 -0.006149
0.005145 -0.007399
0.006847 -0.008675
0.008793 -0.010008
0.010983 -0.011386
0.013406 -0.012776
0.016060 -0.014167
0.018963 -0.015579
0.022110 -0.017005
0.025490 -0.018434
0.029086 -0.019861
0.032898 -0.021283
0.036945 -0.022699
0.041220 -0.024107
0.045712 -0.025505
0.050409 -0.026895
0.055314 -0.028278
0.060432 -0.029650
0.065759 -0.031009
0.071288 -0.032352
0.077010 -0.033680
0.082929 -0.034994
0.089044 -0.036291
0.095350 -0.037571
0.101841 -0.038835
0.108512 -0.040084
0.115363 -0.041317
0.122392 -0.042533
0.129594 -0.043732
0.136964 -0.044914
0.144498 -0.046079
0.152194 -0.047229
0.160049 -0.048362
0.168059 -0.049476
0.176220 -0.050567
0.184526 -0.051636
0.192977 -0.052687
0.201567 -0.053717
0.210293 -0.054723
0.219149 -0.055702
0.228132 -0.056658
0.237239 -0.057594
0.246465 -0.058505
0.255806 -0.059385
0.265257 -0.060228
0.274815 -0.061044
0.284475 -0.061835
0.294233 -0.062595
0.304084 -0.063316
0.314022 -0.063996
0.324046 -0.064652
0.334149 -0.065279
0.344326 -0.065867
0.354574 -0.066404
0.364888 -0.066893
0.375262 -0.067362
0.385693 -0.067797
0.396176 -0.068176
0.406704 -0.068479
0.417274 -0.068743
0.427882 -0.068995
0.438521 -0.069203
0.449187 -0.069333
0.459874 -0.069358
0.470579 -0.069329
0.481297 -0.069270
0.492021 -0.069188
0.502746 -0.069087
0.513467 -0.068933
0.524181 -0.068646
0.534882 -0.068256
0.545561 -0.067799
0.556213 -0.067307
0.566837 -0.066713
0.577427 -0.065990
0.587973 -0.065161
0.598465 -0.064247
0.608896 -0.063227
0.619269 -0.062027
0.629574 -0.060682
0.639802 -0.059231
0.649943 -0.057709
0.659996 -0.056040
0.669958 -0.054228
0.679826 -0.052322
0.689598 -0.050370
0.699270 -0.048384
0.708831 -0.046304
0.718286 -0.044168
0.727638 -0.042020
0.736889 -0.039902
0.746035 -0.037810
0.755065 -0.035712
0.763981 -0.033633
0.772783 -0.031597
0.781472 -0.029625
0.790045 -0.027718
0.798493 -0.025852
0.806814 -0.024039
0.815006 -0.022289
0.823065 -0.020611
0.830989 -0.019008
0.838773 -0.017458
0.846412 -0.015969
0.853905 -0.014549
0.861246 -0.013205
0.868434 -0.011945
0.875465 -0.010749
0.882335 -0.009612
0.889040 -0.008540
0.895577 -0.007541
0.901942 -0.006621
0.908132 -0.005776
0.914145 -0.004982
0.919977 -0.004243
0.925625 -0.003565
0.931084 -0.002955
0.936353 -0.002417
0.941429 -0.001936
0.946309 -0.001485
0.950991 -0.001079
0.955473 -0.000728
0.959750 -0.000440
0.963820 -0.000218
0.967683 -0.000034
0.971337 0.000135
0.974779 0.000275
0.978007 0.000379
0.981019 0.000441
0.983812 0.000460
0.986387 0.000447
0.988743 0.000415
0.990877 0.000373
0.992789 0.000327
0.994477 0.000281
0.995941 0.000238
0.997181 0.000184
0.998195 0.000123
0.998985 0.000070
0.999549 0.000031
0.999887 0.000008
1.000000 -0.000000