e546
1.000000 0.000000
0.999888 0.000028
0.999554 0.000110
0.998996 0.000249
0.998216 0.000444
0.997214 0.000697
0.995993 0.001013
0.994553 0.001395
0.992895 0.001846
0.991021 0.002363
0.988929 0.002940
0.986617 0.003564
0.984085 0.004229
0.981336 0.004948
0.978370 0.005713
0.975186 0.006516
0.971785 0.007344
0.968165 0.008184
0.964326 0.009039
0.960272 0.009911
0.956005 0.010807
0.951531 0.011735
0.946854 0.012700
0.941972 0.013691
0.936887 0.014706
0.931603 0.015752
0.926123 0.016834
0.920452 0.017958
0.914591 0.019119
0.908542 0.020314
0.902308 0.021543
0.895891 0.022808
0.889296 0.024107
0.882524 0.025441
0.875579 0.026807
0.868464 0.028207
0.861181 0.029637
0.853735 0.031099
0.846128 0.032593
0.838364 0.034117
0.830446 0.035669
0.822377 0.037247
0.814161 0.038847
0.805802 0.040473
0.797302 0.042122
0.788666 0.043791
0.779897 0.045478
0.770998 0.047178
0.761974 0.048893
0.752829 0.050624
0.743566 0.052366
0.734188 0.054113
0.724699 0.055861
0.715105 0.057616
0.705409 0.059375
0.695615 0.061132
0.685726 0.062879
0.675746 0.064613
0.665681 0.066342
0.655534 0.068060
0.645309 0.069760
0.635011 0.071436
0.624643 0.073087
0.614211 0.074722
0.603720 0.076332
0.593172 0.077907
0.582573 0.079436
0.571926 0.080930
0.561238 0.082392
0.550511 0.083811
0.539752 0.085174
0.528965 0.086475
0.518154 0.087738
0.507324 0.088954
0.496480 0.090104
0.485628 0.091170
0.474772 0.092173
0.463916 0.093133
0.453066 0.094021
0.442228 0.094808
0.431407 0.095488
0.420606 0.096148
0.409831 0.096743
0.399089 0.097206
0.388385 0.097471
0.377724 0.097632
0.367110 0.097765
0.356550 0.097857
0.346051 0.097899
0.335619 0.097827
0.325256 0.097563
0.314968 0.097171
0.304765 0.096717
0.294651 0.096236
0.284628 0.095608
0.274702 0.094852
0.264880 0.094014
0.255169 0.093136
0.245571 0.092168
0.236089 0.091094
0.226731 0.089942
0.217503 0.088737
0.208407 0.087469
0.199447 0.086113
0.190628 0.084684
0.181959 0.083197
0.173444 0.081655
0.165081 0.080036
0.156877 0.078348
0.148841 0.076604
0.140978 0.074815
0.133285 0.072963
0.125768 0.071049
0.118434 0.069085
0.111293 0.067082
0.104338 0.065030
0.097573 0.062927
0.091009 0.060780
0.084654 0.058598
0.078506 0.056381
0.072560 0.054121
0.066829 0.051827
0.061323 0.049507
0.056045 0.047169
0.050977 0.044804
0.046136 0.042419
0.041536 0.040022
0.037185 0.037622
0.033050 0.035217
0.029148 0.032809
0.025502 0.030409
0.022129 0.028026
0.018979 0.025663
0.016053 0.023324
0.013394 0.021021
0.011030 0.018766
0.008941 0.016564
0.007062 0.014412
0.005414 0.012345
0.004008 0.010392
0.002843 0.008579
0.001925 0.006865
0.001230 0.005293
0.000710 0.003895
0.000357 0.002683
0.000153 0.001671
0.000039 0.000873
0.000015 0.000300
0.000010 -0.000046
0.000010 -0.000160
0.000012 -0.000274
0.000031 -0.000612
0.000107 -0.001170
0.000346 -0.001923
0.000823 -0.002817
0.001541 -0.003827
0.002505 -0.004928
0.003725 -0.006093
0.005183 -0.007333
0.006891 -0.008594
0.008846 -0.009910
0.011044 -0.011267
0.013475 -0.012637
0.016135 -0.014008
0.019043 -0.015402
0.022194 -0.016808
0.025576 -0.018217
0.029174 -0.019621
0.032989 -0.021020
0.037039 -0.022412
0.041315 -0.023795
0.045809 -0.025167
0.050506 -0.026531
0.055412 -0.027885
0.060531 -0.029227
0.065858 -0.030555
0.071386 -0.031867
0.077107 -0.033165
0.083024 -0.034448
0.089137 -0.035715
0.095440 -0.036965
0.101928 -0.038197
0.108595 -0.039411
0.115444 -0.040608
0.122469 -0.041787
0.129668 -0.042947
0.137034 -0.044089
0.144563 -0.045213
0.152255 -0.046322
0.160106 -0.047412
0.168111 -0.048481
0.176265 -0.049526
0.184566 -0.050549
0.193011 -0.051554
0.201595 -0.052536
0.210314 -0.053492
0.219164 -0.054415
0.228141 -0.055314
0.237241 -0.056190
0.246461 -0.057038
0.255795 -0.057853
0.265239 -0.058631
0.274789 -0.059385
0.284441 -0.060114
0.294190 -0.060806
0.304032 -0.061454
0.313962 -0.062056
0.323977 -0.062636
0.334071 -0.063182
0.344240 -0.063681
0.354478 -0.064117
0.364781 -0.064517
0.375146 -0.064903
0.385567 -0.065242
0.396038 -0.065503
0.406555 -0.065658
0.417113 -0.065774
0.427709 -0.065872
0.438335 -0.065943
0.448987 -0.065978
0.459660 -0.065949
0.470351 -0.065807
0.481052 -0.065580
0.491759 -0.065297
0.502463 -0.064989
0.513164 -0.064577
0.523856 -0.064024
0.534530 -0.063363
0.545177 -0.062623
0.555790 -0.061801
0.566370 -0.060799
0.576909 -0.059647
0.587398 -0.058390
0.597830 -0.057068
0.608199 -0.055619
0.618503 -0.054025
0.628740 -0.052332
0.638906 -0.050589
0.648999 -0.048824
0.659009 -0.046976
0.668936 -0.045067
0.678780 -0.043134
0.688544 -0.041211
0.698222 -0.039310
0.707806 -0.037396
0.717294 -0.035486
0.726687 -0.033600
0.735982 -0.031757
0.745177 -0.029960
0.754265 -0.028191
0.763241 -0.026457
0.772104 -0.024769
0.780851 -0.023136
0.789479 -0.021560
0.797981 -0.020026
0.806355 -0.018538
0.814597 -0.017106
0.822703 -0.015736
0.830672 -0.014436
0.838498 -0.013190
0.846178 -0.011994
0.853707 -0.010856
0.861083 -0.009781
0.868303 -0.008774
0.875361 -0.007831
0.882256 -0.006934
0.888984 -0.006089
0.895541 -0.005303
0.901923 -0.004581
0.908128 -0.003926
0.914154 -0.003320
0.919996 -0.002754
0.925652 -0.002236
0.931119 -0.001773
0.936394 -0.001367
0.941473 -0.001016
0.946356 -0.000687
0.951039 -0.000388
0.955520 -0.000131
0.959797 0.000075
0.963866 0.000224
0.967727 0.000326
0.971377 0.000415
0.974816 0.000488
0.978040 0.000543
0.981048 0.000577
0.983838 0.000590
0.986410 0.000574
0.988762 0.000526
0.990893 0.000462
0.992801 0.000392
0.994487 0.000324
0.995949 0.000263
0.997186 0.000200
0.998199 0.000133
0.998987 0.000076
0.999550 0.000034
0.999887 0.000008
1.000000 0.000000