e556
1.000000 0.000000
0.999892 0.000042
0.999570 0.000167
0.999032 0.000376
0.998280 0.000669
0.997314 0.001047
0.996136 0.001512
0.994748 0.002070
0.993151 0.002720
0.991344 0.003457
0.989322 0.004269
0.987080 0.005134
0.984620 0.006058
0.981943 0.007047
0.979047 0.008086
0.975931 0.009158
0.972592 0.010241
0.969025 0.011332
0.965234 0.012438
0.961223 0.013562
0.956999 0.014711
0.952569 0.015894
0.947929 0.017097
0.943079 0.018318
0.938024 0.019563
0.932769 0.020840
0.927319 0.022154
0.921674 0.023497
0.915834 0.024865
0.909803 0.026261
0.903585 0.027684
0.897183 0.029136
0.890599 0.030612
0.883835 0.032112
0.876895 0.033636
0.869781 0.035182
0.862498 0.036751
0.855049 0.038342
0.847435 0.039952
0.839661 0.041579
0.831730 0.043222
0.823645 0.044879
0.815411 0.046550
0.807029 0.048233
0.798504 0.049927
0.789841 0.051629
0.781042 0.053339
0.772111 0.055059
0.763053 0.056783
0.753869 0.058506
0.744565 0.060223
0.735145 0.061938
0.725612 0.063649
0.715970 0.065353
0.706224 0.067046
0.696378 0.068723
0.686436 0.070392
0.676403 0.072048
0.666283 0.073684
0.656079 0.075294
0.645796 0.076875
0.635438 0.078437
0.625011 0.079972
0.614519 0.081473
0.603965 0.082930
0.593355 0.084352
0.582694 0.085744
0.571986 0.087094
0.561236 0.088393
0.550448 0.089637
0.539628 0.090846
0.528781 0.092012
0.517911 0.093118
0.507023 0.094152
0.496122 0.095129
0.485213 0.096064
0.474302 0.096937
0.463393 0.097728
0.452492 0.098432
0.441603 0.099103
0.430731 0.099719
0.419883 0.100241
0.409063 0.100636
0.398277 0.100969
0.387529 0.101272
0.376825 0.101504
0.366171 0.101622
0.355573 0.101610
0.345033 0.101523
0.334559 0.101380
0.324156 0.101199
0.313831 0.100985
0.303586 0.100622
0.293426 0.100120
0.283360 0.099528
0.273393 0.098897
0.263530 0.098178
0.253772 0.097331
0.244129 0.096388
0.234607 0.095382
0.225211 0.094308
0.215941 0.093119
0.206805 0.091838
0.197810 0.090489
0.188962 0.089084
0.180258 0.087586
0.171707 0.086004
0.163317 0.084357
0.155092 0.082658
0.147032 0.080884
0.139140 0.079036
0.131428 0.077126
0.123902 0.075166
0.116559 0.073143
0.109401 0.071054
0.102440 0.068909
0.095683 0.066721
0.089129 0.064486
0.082774 0.062197
0.076631 0.059862
0.070712 0.057491
0.065016 0.055086
0.059531 0.052639
0.054273 0.050159
0.049257 0.047656
0.044486 0.045137
0.039931 0.042596
0.035616 0.040039
0.031561 0.037478
0.027773 0.034923
0.024205 0.032371
0.020878 0.029830
0.017826 0.027313
0.015069 0.024835
0.012535 0.022393
0.010222 0.019999
0.008178 0.017674
0.006428 0.015439
0.004954 0.013301
0.003674 0.011249
0.002608 0.009322
0.001766 0.007556
0.001133 0.005968
0.000675 0.004538
0.000373 0.003308
0.000183 0.002287
0.000082 0.001485
0.000027 0.000908
0.000011 0.000564
0.000010 0.000450
0.000010 0.000336
0.000014 -0.000003
0.000031 -0.000568
0.000132 -0.001353
0.000417 -0.002328
0.000945 -0.003451
0.001738 -0.004686
0.002775 -0.006020
0.004074 -0.007424
0.005619 -0.008902
0.007404 -0.010443
0.009474 -0.011961
0.011790 -0.013541
0.014349 -0.015163
0.017146 -0.016802
0.020166 -0.018432
0.023431 -0.020053
0.026955 -0.021671
0.030724 -0.023278
0.034718 -0.024873
0.038917 -0.026455
0.043345 -0.028025
0.048003 -0.029579
0.052880 -0.031111
0.057964 -0.032617
0.063251 -0.034100
0.068752 -0.035561
0.074460 -0.036996
0.080368 -0.038403
0.086466 -0.039778
0.092758 -0.041128
0.099243 -0.042452
0.105916 -0.043745
0.112770 -0.044999
0.119800 -0.046216
0.127008 -0.047406
0.134390 -0.048563
0.141940 -0.049677
0.149653 -0.050740
0.157527 -0.051766
0.165559 -0.052762
0.173746 -0.053710
0.182081 -0.054594
0.190561 -0.055411
0.199184 -0.056204
0.207945 -0.056951
0.216839 -0.057617
0.225861 -0.058163
0.235008 -0.058660
0.244276 -0.059141
0.253661 -0.059532
0.263154 -0.059756
0.272751 -0.059771
0.282451 -0.059717
0.292248 -0.059620
0.302132 -0.059488
0.312096 -0.059326
0.322138 -0.058977
0.332254 -0.058400
0.342437 -0.057671
0.352679 -0.056873
0.362973 -0.056039
0.373318 -0.055050
0.383708 -0.053929
0.394139 -0.052717
0.404604 -0.051457
0.415098 -0.050117
0.425616 -0.048667
0.436156 -0.047141
0.446717 -0.045571
0.457295 -0.043990
0.467883 -0.042364
0.478477 -0.040692
0.489073 -0.038993
0.499671 -0.037287
0.510268 -0.035588
0.520855 -0.033878
0.531429 -0.032159
0.541986 -0.030442
0.552524 -0.028737
0.563038 -0.027055
0.573523 -0.025381
0.583973 -0.023718
0.594386 -0.022075
0.604757 -0.020461
0.615084 -0.018884
0.625360 -0.017336
0.635581 -0.015812
0.645743 -0.014321
0.655841 -0.012870
0.665872 -0.011467
0.675831 -0.010110
0.685713 -0.008785
0.695515 -0.007499
0.705231 -0.006260
0.714857 -0.005078
0.724390 -0.003957
0.733825 -0.002878
0.743157 -0.001841
0.752383 -0.000853
0.761497 0.000077
0.770496 0.000943
0.779375 0.001749
0.788132 0.002522
0.796760 0.003251
0.805257 0.003923
0.813617 0.004529
0.821837 0.005059
0.829914 0.005547
0.837843 0.006012
0.845622 0.006433
0.853245 0.006789
0.860709 0.007063
0.868009 0.007246
0.875144 0.007397
0.882110 0.007529
0.888904 0.007637
0.895521 0.007714
0.901958 0.007754
0.908211 0.007750
0.914280 0.007675
0.920161 0.007543
0.925851 0.007374
0.931346 0.007185
0.936642 0.006987
0.941739 0.006778
0.946635 0.006508
0.951328 0.006192
0.955813 0.005848
0.960090 0.005490
0.964155 0.005131
0.968007 0.004770
0.971645 0.004380
0.975069 0.003975
0.978276 0.003566
0.981264 0.003165
0.984033 0.002779
0.986582 0.002406
0.988910 0.002037
0.991017 0.001684
0.992903 0.001354
0.994567 0.001055
0.996009 0.000791
0.997229 0.000561
0.998227 0.000363
0.999003 0.000206
0.999557 0.000092
0.999889 0.000023
1.000000 -0.000000