e656
1.000000 0.000000
0.999886 0.000028
0.999545 0.000113
0.998977 0.000255
0.998183 0.000457
0.997164 0.000720
0.995922 0.001051
0.994458 0.001452
0.992774 0.001925
0.990870 0.002472
0.988747 0.003091
0.986406 0.003779
0.983849 0.004538
0.981078 0.005375
0.978094 0.006288
0.974896 0.007269
0.971483 0.008305
0.967853 0.009385
0.964009 0.010519
0.959954 0.011706
0.955689 0.012943
0.951215 0.014226
0.946533 0.015551
0.941643 0.016913
0.936549 0.018313
0.931255 0.019758
0.925765 0.021253
0.920083 0.022806
0.914210 0.024408
0.908147 0.026057
0.901900 0.027755
0.895472 0.029508
0.888867 0.031320
0.882088 0.033188
0.875137 0.035109
0.868017 0.037083
0.860732 0.039109
0.853285 0.041188
0.845680 0.043319
0.837920 0.045503
0.830008 0.047735
0.821948 0.050014
0.813743 0.052338
0.805396 0.054710
0.796913 0.057127
0.788295 0.059585
0.779545 0.062079
0.770667 0.064605
0.761667 0.067169
0.752546 0.069767
0.743309 0.072392
0.733956 0.075034
0.724492 0.077692
0.714923 0.080373
0.705252 0.083069
0.695480 0.085767
0.685607 0.088452
0.675642 0.091138
0.665589 0.093828
0.655448 0.096496
0.645218 0.099113
0.634901 0.101667
0.624506 0.104204
0.614034 0.106687
0.603485 0.109064
0.592856 0.111286
0.582152 0.113411
0.571381 0.115440
0.560549 0.117327
0.549665 0.119026
0.538729 0.120585
0.527746 0.122037
0.516728 0.123343
0.505686 0.124465
0.494625 0.125452
0.483546 0.126362
0.472458 0.127136
0.461374 0.127711
0.450297 0.128126
0.439229 0.128499
0.428180 0.128782
0.417158 0.128923
0.406168 0.128899
0.395214 0.128769
0.384302 0.128565
0.373440 0.128315
0.362635 0.128002
0.351888 0.127498
0.341207 0.126849
0.330599 0.126120
0.320071 0.125351
0.309623 0.124454
0.299264 0.123439
0.288999 0.122340
0.278838 0.121182
0.268779 0.119917
0.258829 0.118546
0.248996 0.117092
0.239287 0.115575
0.229703 0.113966
0.220248 0.112260
0.210931 0.110475
0.201761 0.108626
0.192736 0.106693
0.183861 0.104672
0.175144 0.102576
0.166593 0.100420
0.158209 0.098195
0.149992 0.095892
0.141953 0.093522
0.134101 0.091099
0.126434 0.088619
0.118952 0.086071
0.111666 0.083468
0.104586 0.080818
0.097713 0.078122
0.091039 0.075371
0.084579 0.072575
0.078345 0.069745
0.072335 0.066884
0.066537 0.063984
0.060969 0.061055
0.055644 0.058109
0.050561 0.055151
0.045697 0.052176
0.041076 0.049193
0.036718 0.046212
0.032620 0.043240
0.028745 0.040273
0.025120 0.037325
0.021772 0.034408
0.018701 0.031535
0.015839 0.028704
0.013221 0.025927
0.010889 0.023220
0.008864 0.020598
0.007055 0.018056
0.005448 0.015611
0.004080 0.013294
0.002965 0.011128
0.002088 0.009126
0.001377 0.007268
0.000845 0.005590
0.000488 0.004120
0.000237 0.002855
0.000101 0.001810
0.000045 0.000991
0.000018 0.000403
0.000011 0.000055
0.000010 -0.000060
0.000011 -0.000174
0.000019 -0.000514
0.000051 -0.001073
0.000121 -0.001851
0.000325 -0.002840
0.000759 -0.003989
0.001593 -0.005180
0.002755 -0.006389
0.004207 -0.007610
0.005938 -0.008832
0.007930 -0.010055
0.010174 -0.011293
0.012670 -0.012499
0.015416 -0.013652
0.018408 -0.014811
0.021642 -0.015960
0.025106 -0.017080
0.028785 -0.018152
0.032689 -0.019187
0.036827 -0.020195
0.041190 -0.021169
0.045766 -0.022104
0.050543 -0.022997
0.055528 -0.023861
0.060723 -0.024697
0.066122 -0.025497
0.071718 -0.026258
0.077504 -0.026976
0.083483 -0.027666
0.089653 -0.028328
0.096010 -0.028956
0.102548 -0.029544
0.109262 -0.030092
0.116153 -0.030616
0.123217 -0.031114
0.130449 -0.031578
0.137847 -0.032003
0.145404 -0.032401
0.153120 -0.032825
0.160991 -0.033232
0.169012 -0.033561
0.177181 -0.033744
0.185493 -0.033757
0.193945 -0.033741
0.202534 -0.033718
0.211253 -0.033695
0.220099 -0.033681
0.229065 -0.033734
0.238149 -0.033990
0.247347 -0.034357
0.256656 -0.034715
0.266073 -0.034939
0.275593 -0.034954
0.285214 -0.034920
0.294929 -0.034862
0.304734 -0.034788
0.314624 -0.034704
0.324594 -0.034610
0.334641 -0.034480
0.344759 -0.034318
0.354945 -0.034134
0.365193 -0.033937
0.375499 -0.033732
0.385859 -0.033503
0.396268 -0.033250
0.406721 -0.032978
0.417214 -0.032690
0.427741 -0.032388
0.438298 -0.032063
0.448881 -0.031716
0.459485 -0.031348
0.470104 -0.030962
0.480734 -0.030558
0.491371 -0.030130
0.502009 -0.029678
0.512644 -0.029204
0.523271 -0.028713
0.533885 -0.028204
0.544481 -0.027673
0.555055 -0.027119
0.565602 -0.026544
0.576118 -0.025950
0.586596 -0.025337
0.597033 -0.024701
0.607424 -0.024041
0.617764 -0.023360
0.628049 -0.022660
0.638274 -0.021942
0.648434 -0.021205
0.658526 -0.020447
0.668543 -0.019665
0.678481 -0.018860
0.688336 -0.018029
0.698102 -0.017167
0.707777 -0.016277
0.717355 -0.015362
0.726831 -0.014426
0.736202 -0.013469
0.745461 -0.012472
0.754605 -0.011444
0.763633 -0.010404
0.772543 -0.009372
0.781331 -0.008365
0.789992 -0.007365
0.798521 -0.006365
0.806917 -0.005384
0.815178 -0.004438
0.823301 -0.003544
0.831283 -0.002697
0.839118 -0.001873
0.846804 -0.001085
0.854337 -0.000347
0.861715 0.000329
0.868934 0.000935
0.875991 0.001511
0.882882 0.002060
0.889605 0.002557
0.896155 0.002983
0.902529 0.003322
0.908725 0.003576
0.914741 0.003810
0.920572 0.004018
0.926216 0.004186
0.931669 0.004302
0.936927 0.004356
0.941988 0.004345
0.946853 0.004275
0.951517 0.004163
0.955977 0.004025
0.960230 0.003871
0.964273 0.003713
0.968106 0.003534
0.971727 0.003291
0.975136 0.003010
0.978330 0.002712
0.981307 0.002416
0.984066 0.002134
0.986606 0.001862
0.988928 0.001583
0.991029 0.001311
0.992911 0.001055
0.994572 0.000822
0.996012 0.000617
0.997231 0.000438
0.998227 0.000284
0.999003 0.000161
0.999557 0.000072
0.999889 0.000018
1.000000 0.000000