e664ex
1.200000 -0.090000
1.199880 -0.089927
1.199522 -0.089709
1.198924 -0.089346
1.198087 -0.088838
1.197012 -0.088186
1.195699 -0.087390
1.194147 -0.086452
1.192358 -0.085371
1.190332 -0.084147
1.188072 -0.082781
1.185577 -0.081275
1.182846 -0.079631
1.179879 -0.077854
1.176676 -0.075949
1.173234 -0.073920
1.169563 -0.071755
1.165662 -0.069457
1.161530 -0.067034
1.157163 -0.064499
1.152557 -0.061865
1.147706 -0.059152
1.142604 -0.056377
1.137260 -0.053516
1.131677 -0.050564
1.125853 -0.047535
1.119788 -0.044448
1.113478 -0.041322
1.106920 -0.038180
1.100111 -0.035050
1.093035 -0.031948
1.085686 -0.028876
1.078082 -0.025835
1.070239 -0.022827
1.062157 -0.019856
1.053829 -0.016921
1.045271 -0.014015
1.036498 -0.011128
1.027508 -0.008271
1.018301 -0.005447
1.008890 -0.002629
0.999294 0.000208
0.989513 0.003058
0.979546 0.005907
0.969402 0.008762
0.959088 0.011632
0.948608 0.014514
0.937967 0.017408
0.927170 0.020311
0.916222 0.023222
0.905124 0.026126
0.893883 0.029032
0.882509 0.031953
0.871009 0.034901
0.859394 0.037891
0.847671 0.040934
0.835844 0.044018
0.823914 0.047131
0.811884 0.050261
0.799762 0.053415
0.787551 0.056585
0.775254 0.059758
0.762876 0.062932
0.750424 0.066111
0.737899 0.069274
0.725302 0.072401
0.712643 0.075518
0.699924 0.078596
0.687142 0.081592
0.674302 0.084519
0.661414 0.087397
0.648473 0.090130
0.635472 0.092640
0.622420 0.095010
0.609327 0.097215
0.596204 0.099197
0.583057 0.100968
0.569889 0.102591
0.556716 0.104037
0.543554 0.105290
0.530401 0.106428
0.517267 0.107434
0.504164 0.108265
0.491099 0.108955
0.478075 0.109586
0.465101 0.110069
0.452188 0.110314
0.439338 0.110443
0.426559 0.110539
0.413858 0.110592
0.401244 0.110568
0.388720 0.110333
0.376293 0.109946
0.363971 0.109494
0.351761 0.108992
0.339666 0.108331
0.327694 0.107555
0.315854 0.106716
0.304148 0.105789
0.292583 0.104738
0.281165 0.103594
0.269904 0.102383
0.258801 0.101073
0.247862 0.099657
0.237095 0.098159
0.226507 0.096598
0.216099 0.094941
0.205877 0.093196
0.195851 0.091378
0.186027 0.089498
0.176403 0.087529
0.166988 0.085485
0.157791 0.083379
0.148815 0.081216
0.140059 0.078979
0.131533 0.076678
0.123247 0.074327
0.115201 0.071924
0.107393 0.069459
0.099835 0.066946
0.092538 0.064395
0.085496 0.061804
0.078709 0.059169
0.072192 0.056503
0.065957 0.053815
0.059987 0.051102
0.054287 0.048368
0.048875 0.045621
0.043766 0.042873
0.038927 0.040124
0.034369 0.037378
0.030119 0.034646
0.026191 0.031940
0.022531 0.029261
0.019155 0.026621
0.016101 0.024034
0.013386 0.021518
0.010909 0.019079
0.008686 0.016732
0.006784 0.014495
0.005229 0.012390
0.003949 0.010427
0.002735 0.008601
0.001735 0.006961
0.001018 0.005546
0.000574 0.004377
0.000344 0.003464
0.000253 0.002811
0.000231 0.002420
0.000230 0.002290
0.000231 0.002159
0.000239 0.001760
0.000273 0.001076
0.000359 0.000091
0.000530 -0.001193
0.000811 -0.002733
0.001218 -0.004410
0.001844 -0.006048
0.003236 -0.007716
0.005391 -0.009403
0.007988 -0.011071
0.010601 -0.012698
0.013540 -0.014302
0.016841 -0.015874
0.020445 -0.017411
0.024286 -0.018920
0.028420 -0.020404
0.032851 -0.021856
0.037560 -0.023271
0.042520 -0.024651
0.047747 -0.026001
0.053244 -0.027318
0.059000 -0.028601
0.065003 -0.029849
0.071251 -0.031065
0.077749 -0.032250
0.084491 -0.033404
0.091467 -0.034529
0.098673 -0.035627
0.106110 -0.036699
0.113773 -0.037744
0.121658 -0.038761
0.129758 -0.039751
0.138071 -0.040717
0.146595 -0.041658
0.155324 -0.042571
0.164253 -0.043454
0.173379 -0.044308
0.182698 -0.045139
0.192206 -0.045942
0.201896 -0.046713
0.211766 -0.047453
0.221810 -0.048170
0.232025 -0.048860
0.242405 -0.049517
0.252945 -0.050138
0.263641 -0.050735
0.274488 -0.051305
0.285481 -0.051842
0.296614 -0.052336
0.307884 -0.052800
0.319284 -0.053239
0.330810 -0.053644
0.342456 -0.054008
0.354217 -0.054337
0.366087 -0.054649
0.378062 -0.054928
0.390136 -0.055155
0.402303 -0.055328
0.414557 -0.055492
0.426895 -0.055628
0.439308 -0.055709
0.451793 -0.055715
0.464343 -0.055677
0.476953 -0.055608
0.489616 -0.055518
0.502327 -0.055402
0.515081 -0.055187
0.527871 -0.054886
0.540690 -0.054530
0.553532 -0.054142
0.566394 -0.053667
0.579267 -0.053102
0.592144 -0.052460
0.605016 -0.051738
0.617884 -0.050885
0.630734 -0.049906
0.643554 -0.048811
0.656334 -0.047535
0.669071 -0.046032
0.681766 -0.044419
0.694420 -0.042807
0.707020 -0.041130
0.719566 -0.039401
0.732060 -0.037692
0.744504 -0.036070
0.756889 -0.034469
0.769207 -0.032906
0.781460 -0.031460
0.793646 -0.030204
0.805760 -0.029023
0.817795 -0.027928
0.829742 -0.027032
0.841593 -0.026438
0.853348 -0.026001
0.864999 -0.025647
0.876532 -0.025445
0.887939 -0.025453
0.899218 -0.025657
0.910362 -0.025986
0.921359 -0.026371
0.932205 -0.026885
0.942897 -0.027606
0.953427 -0.028445
0.963785 -0.029333
0.973975 -0.030332
0.983989 -0.031447
0.993817 -0.032651
1.003451 -0.033920
1.012890 -0.035278
1.022133 -0.036757
1.031170 -0.038328
1.039994 -0.039966
1.048597 -0.041658
1.056986 -0.043447
1.065151 -0.045318
1.073086 -0.047244
1.080783 -0.049203
1.088243 -0.051214
1.095469 -0.053275
1.102461 -0.055359
1.109219 -0.057442
1.115741 -0.059501
1.122028 -0.061520
1.128074 -0.063508
1.133876 -0.065487
1.139437 -0.067435
1.144758 -0.069333
1.149842 -0.071166
1.154688 -0.072922
1.159295 -0.074598
1.163658 -0.076209
1.167776 -0.077748
1.171651 -0.079206
1.175282 -0.080578
1.178669 -0.081859
1.181811 -0.083047
1.184706 -0.084147
1.187351 -0.085156
1.189748 -0.086072
1.191895 -0.086893
1.193792 -0.087619
1.195437 -0.088249
1.196830 -0.088783
1.197971 -0.089221
1.198858 -0.089561
1.199492 -0.089805
1.199873 -0.089951
1.200000 -0.090000