e668
1.000000 0.000000
0.999888 0.000031
0.999554 0.000122
0.998996 0.000276
0.998217 0.000492
0.997216 0.000775
0.995997 0.001129
0.994560 0.001556
0.992907 0.002059
0.991038 0.002638
0.988954 0.003291
0.986656 0.004015
0.984144 0.004811
0.981423 0.005689
0.978492 0.006641
0.975350 0.007659
0.971993 0.008726
0.968419 0.009832
0.964634 0.010988
0.960638 0.012192
0.956433 0.013439
0.952020 0.014726
0.947400 0.016048
0.942573 0.017400
0.937543 0.018785
0.932313 0.020210
0.926889 0.021682
0.921274 0.023204
0.915468 0.024764
0.909473 0.026365
0.903295 0.028012
0.896937 0.029711
0.890405 0.031467
0.883698 0.033270
0.876820 0.035121
0.869776 0.037024
0.862569 0.038984
0.855204 0.040999
0.847682 0.043063
0.840007 0.045180
0.832185 0.047357
0.824222 0.049598
0.816125 0.051918
0.807899 0.054318
0.799542 0.056780
0.791051 0.059280
0.782423 0.061792
0.773669 0.064342
0.764797 0.066944
0.755797 0.069544
0.746660 0.072080
0.737378 0.074503
0.727960 0.076865
0.718413 0.079165
0.708744 0.081376
0.698958 0.083474
0.689056 0.085472
0.679041 0.087388
0.668924 0.089216
0.658714 0.090949
0.648419 0.092594
0.638037 0.094172
0.627576 0.095671
0.617043 0.097072
0.606445 0.098365
0.595784 0.099585
0.585065 0.100730
0.574297 0.101788
0.563486 0.102748
0.552638 0.103639
0.541755 0.104474
0.530844 0.105230
0.519912 0.105885
0.508964 0.106453
0.498004 0.106990
0.487038 0.107458
0.476072 0.107817
0.465112 0.108040
0.454162 0.108220
0.443227 0.108368
0.432314 0.108467
0.421428 0.108500
0.410574 0.108426
0.399756 0.108249
0.388981 0.108004
0.378254 0.107725
0.367581 0.107401
0.356965 0.106952
0.346412 0.106407
0.335929 0.105804
0.325522 0.105166
0.315192 0.104438
0.304945 0.103623
0.294789 0.102739
0.284729 0.101808
0.274767 0.100805
0.264909 0.099716
0.255161 0.098557
0.245529 0.097344
0.236018 0.096073
0.226628 0.094722
0.217368 0.093302
0.208243 0.091824
0.199259 0.090296
0.190416 0.088695
0.181720 0.087027
0.173178 0.085304
0.164797 0.083535
0.156575 0.081706
0.148517 0.079816
0.140630 0.077874
0.132924 0.075887
0.125396 0.073852
0.118047 0.071760
0.110887 0.069622
0.103923 0.067446
0.097158 0.065233
0.090585 0.062976
0.084216 0.060680
0.078060 0.058353
0.072123 0.056000
0.066390 0.053615
0.060874 0.051201
0.055588 0.048767
0.050539 0.046320
0.045705 0.043858
0.041098 0.041383
0.036737 0.038901
0.032635 0.036421
0.028760 0.033943
0.025115 0.031471
0.021729 0.029014
0.018623 0.026584
0.015754 0.024187
0.013095 0.021827
0.010706 0.019514
0.008620 0.017263
0.006831 0.015081
0.005250 0.012961
0.003887 0.010942
0.002751 0.009059
0.001835 0.007337
0.001158 0.005752
0.000673 0.004331
0.000348 0.003106
0.000147 0.002084
0.000062 0.001279
0.000022 0.000699
0.000011 0.000354
0.000010 0.000240
0.000011 0.000127
0.000020 -0.000209
0.000064 -0.000767
0.000237 -0.001532
0.000646 -0.002449
0.001357 -0.003454
0.002332 -0.004532
0.003579 -0.005650
0.005086 -0.006807
0.006859 -0.007941
0.008892 -0.009090
0.011179 -0.010259
0.013708 -0.011419
0.016461 -0.012538
0.019455 -0.013638
0.022699 -0.014725
0.026182 -0.015787
0.029886 -0.016817
0.033796 -0.017810
0.037931 -0.018780
0.042291 -0.019723
0.046867 -0.020632
0.051649 -0.021502
0.056630 -0.022334
0.061820 -0.023142
0.067214 -0.023919
0.072807 -0.024661
0.078591 -0.025360
0.084563 -0.026024
0.090727 -0.026662
0.097078 -0.027270
0.103609 -0.027842
0.110318 -0.028374
0.117200 -0.028876
0.124256 -0.029356
0.131480 -0.029807
0.138870 -0.030222
0.146419 -0.030593
0.154126 -0.030937
0.161987 -0.031261
0.169999 -0.031557
0.178158 -0.031818
0.186459 -0.032035
0.194899 -0.032237
0.203474 -0.032427
0.212181 -0.032589
0.221014 -0.032709
0.229971 -0.032772
0.239047 -0.032812
0.248238 -0.032846
0.257539 -0.032872
0.266948 -0.032887
0.276458 -0.032887
0.286067 -0.032845
0.295769 -0.032760
0.305561 -0.032647
0.315438 -0.032519
0.325396 -0.032389
0.335429 -0.032234
0.345534 -0.032048
0.355707 -0.031838
0.365942 -0.031612
0.376235 -0.031376
0.386581 -0.031118
0.396976 -0.030834
0.407415 -0.030531
0.417894 -0.030212
0.428407 -0.029881
0.438951 -0.029531
0.449520 -0.029161
0.460109 -0.028773
0.470715 -0.028369
0.481331 -0.027951
0.491954 -0.027515
0.502579 -0.027059
0.513200 -0.026585
0.523814 -0.026093
0.534414 -0.025583
0.544997 -0.025053
0.555559 -0.024501
0.566093 -0.023929
0.576595 -0.023336
0.587060 -0.022724
0.597484 -0.022087
0.607862 -0.021426
0.618189 -0.020743
0.628461 -0.020041
0.638673 -0.019322
0.648821 -0.018587
0.658900 -0.017832
0.668905 -0.017055
0.678831 -0.016252
0.688673 -0.015421
0.698427 -0.014556
0.708088 -0.013659
0.717653 -0.012735
0.727117 -0.011789
0.736475 -0.010823
0.745721 -0.009815
0.754852 -0.008770
0.763867 -0.007713
0.772763 -0.006669
0.781540 -0.005662
0.790192 -0.004675
0.798713 -0.003689
0.807102 -0.002729
0.815356 -0.001816
0.823473 -0.000969
0.831451 -0.000192
0.839284 0.000555
0.846969 0.001261
0.854502 0.001910
0.861879 0.002488
0.869097 0.002981
0.876153 0.003435
0.883044 0.003875
0.889766 0.004268
0.896315 0.004583
0.902688 0.004799
0.908880 0.004899
0.914892 0.004960
0.920718 0.005011
0.926357 0.005049
0.931804 0.005075
0.937056 0.005088
0.942110 0.005077
0.946967 0.004970
0.951623 0.004786
0.956074 0.004558
0.960319 0.004310
0.964355 0.004063
0.968180 0.003819
0.971793 0.003533
0.975194 0.003218
0.978380 0.002893
0.981350 0.002570
0.984103 0.002260
0.986638 0.001963
0.988954 0.001666
0.991051 0.001378
0.992928 0.001109
0.994585 0.000864
0.996022 0.000648
0.997238 0.000459
0.998232 0.000298
0.999005 0.000169
0.999558 0.000075
0.999889 0.000019
1.000000 -0.000000