e818
1.000000 0.000000
0.999890 0.000027
0.999562 0.000109
0.999015 0.000245
0.998250 0.000437
0.997267 0.000688
0.996070 0.001003
0.994658 0.001382
0.993033 0.001828
0.991195 0.002339
0.989145 0.002913
0.986881 0.003545
0.984408 0.004242
0.981727 0.005006
0.978836 0.005829
0.975735 0.006699
0.972421 0.007601
0.968896 0.008540
0.965162 0.009519
0.961221 0.010533
0.957073 0.011576
0.952720 0.012643
0.948162 0.013732
0.943401 0.014842
0.938440 0.015977
0.933284 0.017139
0.927936 0.018333
0.922395 0.019551
0.916665 0.020792
0.910748 0.022058
0.904648 0.023351
0.898369 0.024673
0.891912 0.026021
0.885279 0.027393
0.878474 0.028783
0.871499 0.030188
0.864356 0.031609
0.857050 0.033045
0.849582 0.034494
0.841956 0.035950
0.834174 0.037408
0.826242 0.038877
0.818161 0.040354
0.809935 0.041827
0.801565 0.043281
0.793054 0.044709
0.784407 0.046133
0.775627 0.047539
0.766717 0.048906
0.757679 0.050212
0.748517 0.051462
0.739234 0.052678
0.729837 0.053844
0.720328 0.054940
0.710715 0.055952
0.700999 0.056906
0.691184 0.057806
0.681278 0.058650
0.671288 0.059433
0.661218 0.060165
0.651070 0.060858
0.640851 0.061506
0.630566 0.062100
0.620220 0.062635
0.609817 0.063135
0.599363 0.063601
0.588861 0.064022
0.578318 0.064384
0.567738 0.064695
0.557126 0.064996
0.546487 0.065262
0.535825 0.065465
0.525146 0.065576
0.514455 0.065638
0.503756 0.065689
0.493055 0.065727
0.482356 0.065747
0.471664 0.065739
0.460985 0.065653
0.450322 0.065503
0.439681 0.065314
0.429067 0.065111
0.418486 0.064882
0.407940 0.064586
0.397436 0.064240
0.386978 0.063861
0.376571 0.063464
0.366220 0.063027
0.355929 0.062542
0.345704 0.062019
0.335548 0.061466
0.325467 0.060887
0.315465 0.060264
0.305547 0.059600
0.295717 0.058903
0.285980 0.058181
0.276341 0.057431
0.266802 0.056643
0.257370 0.055821
0.248048 0.054972
0.238841 0.054099
0.229753 0.053193
0.220788 0.052254
0.211950 0.051288
0.203244 0.050298
0.194673 0.049287
0.186241 0.048247
0.177952 0.047181
0.169810 0.046092
0.161820 0.044984
0.153984 0.043854
0.146306 0.042700
0.138789 0.041526
0.131438 0.040334
0.124257 0.039130
0.117247 0.037909
0.110411 0.036672
0.103754 0.035420
0.097280 0.034157
0.090993 0.032882
0.084890 0.031596
0.078978 0.030299
0.073261 0.028994
0.067743 0.027686
0.062422 0.026376
0.057299 0.025065
0.052381 0.023751
0.047672 0.022436
0.043178 0.021123
0.038888 0.019815
0.034809 0.018511
0.030949 0.017213
0.027314 0.015923
0.023904 0.014644
0.020707 0.013376
0.017731 0.012127
0.014982 0.010905
0.012463 0.009721
0.010165 0.008571
0.008103 0.007433
0.006300 0.006313
0.004724 0.005224
0.003387 0.004193
0.002283 0.003242
0.001395 0.002367
0.000745 0.001592
0.000289 0.000933
0.000090 0.000416
0.000016 0.000080
0.000010 -0.000030
0.000018 -0.000140
0.000106 -0.000470
0.000330 -0.000973
0.000810 -0.001607
0.001488 -0.002350
0.002402 -0.003183
0.003536 -0.004082
0.004906 -0.005050
0.006516 -0.006065
0.008353 -0.007100
0.010446 -0.008143
0.012775 -0.009187
0.015325 -0.010255
0.018105 -0.011351
0.021111 -0.012465
0.024338 -0.013585
0.027778 -0.014701
0.031443 -0.015817
0.035332 -0.016932
0.039439 -0.018039
0.043756 -0.019134
0.048278 -0.020219
0.053013 -0.021296
0.057957 -0.022359
0.063105 -0.023402
0.068450 -0.024418
0.073994 -0.025418
0.079736 -0.026401
0.085671 -0.027357
0.091797 -0.028272
0.098108 -0.029143
0.104605 -0.029994
0.111284 -0.030814
0.118142 -0.031581
0.125173 -0.032275
0.132376 -0.032917
0.139748 -0.033532
0.147286 -0.034092
0.154983 -0.034569
0.162834 -0.034944
0.170839 -0.035301
0.178994 -0.035626
0.187292 -0.035872
0.195729 -0.035987
0.204300 -0.035990
0.213003 -0.035990
0.221833 -0.035990
0.230786 -0.035990
0.239856 -0.035987
0.249040 -0.035882
0.258335 -0.035653
0.267735 -0.035345
0.277236 -0.035005
0.286832 -0.034667
0.296521 -0.034269
0.306298 -0.033810
0.316159 -0.033304
0.326098 -0.032769
0.336111 -0.032208
0.346193 -0.031594
0.356342 -0.030936
0.366551 -0.030244
0.376816 -0.029528
0.387133 -0.028786
0.397497 -0.028006
0.407903 -0.027194
0.418348 -0.026357
0.428826 -0.025503
0.439333 -0.024626
0.449864 -0.023721
0.460414 -0.022795
0.470980 -0.021854
0.481557 -0.020907
0.492139 -0.019950
0.502724 -0.018978
0.513304 -0.017997
0.523878 -0.017012
0.534439 -0.016027
0.544984 -0.015038
0.555507 -0.014044
0.566003 -0.013050
0.576470 -0.012062
0.586902 -0.011085
0.597295 -0.010118
0.607644 -0.009157
0.617944 -0.008206
0.628191 -0.007270
0.638382 -0.006354
0.648511 -0.005457
0.658574 -0.004574
0.668566 -0.003708
0.678484 -0.002865
0.688322 -0.002050
0.698077 -0.001265
0.707745 -0.000498
0.717320 0.000246
0.726799 0.000961
0.736177 0.001641
0.745451 0.002282
0.754616 0.002897
0.763669 0.003488
0.772604 0.004047
0.781419 0.004567
0.790108 0.005041
0.798669 0.005477
0.807097 0.005895
0.815389 0.006284
0.823540 0.006632
0.831547 0.006927
0.839406 0.007165
0.847113 0.007389
0.854666 0.007600
0.862061 0.007776
0.869294 0.007900
0.876360 0.007958
0.883258 0.007954
0.889985 0.007931
0.896537 0.007893
0.902911 0.007843
0.909104 0.007784
0.915111 0.007718
0.920932 0.007595
0.926565 0.007406
0.932005 0.007172
0.937250 0.006914
0.942296 0.006645
0.947141 0.006372
0.951784 0.006054
0.956224 0.005700
0.960458 0.005325
0.964482 0.004942
0.968296 0.004561
0.971897 0.004178
0.975285 0.003776
0.978460 0.003369
0.981419 0.002969
0.984161 0.002584
0.986687 0.002221
0.988994 0.001872
0.991082 0.001538
0.992952 0.001228
0.994602 0.000949
0.996034 0.000704
0.997245 0.000495
0.998237 0.000320
0.999008 0.000181
0.999559 0.000080
0.999890 0.000020
1.000000 -0.000000