ea61009
1.000000 0.000000
0.999888 0.000004
0.999551 0.000015
0.998989 0.000035
0.998203 0.000062
0.997193 0.000097
0.995960 0.000140
0.994503 0.000192
0.992825 0.000253
0.990925 0.000324
0.988804 0.000403
0.986463 0.000493
0.983904 0.000593
0.981128 0.000704
0.978135 0.000827
0.974928 0.000961
0.971507 0.001108
0.967875 0.001267
0.964032 0.001439
0.959981 0.001625
0.955723 0.001825
0.951261 0.002039
0.946596 0.002267
0.941729 0.002512
0.936664 0.002775
0.931403 0.003058
0.925949 0.003362
0.920303 0.003690
0.914470 0.004044
0.908453 0.004428
0.902254 0.004843
0.895877 0.005296
0.889324 0.005795
0.882598 0.006341
0.875702 0.006931
0.868639 0.007565
0.861411 0.008240
0.854023 0.008954
0.846477 0.009704
0.838777 0.010486
0.830925 0.011295
0.822926 0.012126
0.814782 0.012975
0.806497 0.013833
0.798074 0.014697
0.789519 0.015597
0.780837 0.016542
0.772031 0.017525
0.763105 0.018540
0.754061 0.019578
0.744902 0.020630
0.735632 0.021686
0.726255 0.022737
0.716773 0.023771
0.707189 0.024777
0.697508 0.025745
0.687734 0.026700
0.677873 0.027651
0.667929 0.028595
0.657906 0.029528
0.647810 0.030446
0.637644 0.031346
0.627414 0.032221
0.617122 0.033070
0.606776 0.033887
0.596378 0.034670
0.585933 0.035448
0.575446 0.036223
0.564921 0.036985
0.554364 0.037724
0.543779 0.038431
0.533170 0.039097
0.522543 0.039711
0.511903 0.040265
0.501254 0.040748
0.490601 0.041176
0.479947 0.041582
0.469298 0.041965
0.458658 0.042324
0.448034 0.042656
0.437430 0.042961
0.426852 0.043236
0.416304 0.043482
0.405792 0.043696
0.395320 0.043881
0.384893 0.044061
0.374513 0.044237
0.364188 0.044404
0.353920 0.044559
0.343716 0.044697
0.333579 0.044813
0.323515 0.044905
0.313528 0.044967
0.303623 0.044998
0.293804 0.044982
0.284074 0.044886
0.274438 0.044718
0.264900 0.044489
0.255466 0.044211
0.246139 0.043894
0.236924 0.043547
0.227826 0.043182
0.218850 0.042806
0.209998 0.042427
0.201277 0.042054
0.192685 0.041676
0.184225 0.041266
0.175900 0.040823
0.167717 0.040350
0.159682 0.039847
0.151798 0.039316
0.144071 0.038757
0.136506 0.038173
0.129107 0.037564
0.121878 0.036934
0.114822 0.036284
0.107944 0.035616
0.101247 0.034931
0.094727 0.034204
0.088379 0.033388
0.082212 0.032496
0.076236 0.031542
0.070459 0.030540
0.064888 0.029502
0.059529 0.028439
0.054387 0.027362
0.049462 0.026280
0.044616 0.025211
0.039837 0.024145
0.035219 0.023062
0.030834 0.021948
0.026737 0.020796
0.022967 0.019602
0.019549 0.018371
0.016493 0.017107
0.013800 0.015820
0.011461 0.014523
0.009440 0.013210
0.007464 0.011628
0.005599 0.009858
0.003972 0.008067
0.002647 0.006368
0.001639 0.004833
0.000925 0.003502
0.000463 0.002392
0.000195 0.001506
0.000063 0.000834
0.000013 0.000366
0.000001 0.000091
0.000000 0.000000
0.000001 -0.000091
0.000013 -0.000366
0.000063 -0.000834
0.000195 -0.001506
0.000463 -0.002392
0.000925 -0.003502
0.001639 -0.004833
0.002647 -0.006368
0.003972 -0.008067
0.005599 -0.009858
0.007464 -0.011628
0.009440 -0.013210
0.011461 -0.014523
0.013800 -0.015820
0.016493 -0.017107
0.019549 -0.018371
0.022967 -0.019602
0.026737 -0.020796
0.030834 -0.021948
0.035219 -0.023062
0.039837 -0.024145
0.044616 -0.025211
0.049462 -0.026280
0.054387 -0.027362
0.059529 -0.028439
0.064888 -0.029502
0.070459 -0.030540
0.076236 -0.031542
0.082212 -0.032496
0.088379 -0.033388
0.094727 -0.034204
0.101247 -0.034931
0.107944 -0.035616
0.114822 -0.036284
0.121878 -0.036934
0.129107 -0.037564
0.136506 -0.038173
0.144071 -0.038757
0.151798 -0.039316
0.159682 -0.039847
0.167717 -0.040350
0.175900 -0.040823
0.184225 -0.041266
0.192685 -0.041676
0.201277 -0.042054
0.209998 -0.042427
0.218850 -0.042806
0.227826 -0.043182
0.236924 -0.043547
0.246139 -0.043894
0.255466 -0.044211
0.264900 -0.044489
0.274438 -0.044718
0.284074 -0.044886
0.293804 -0.044982
0.303623 -0.044998
0.313528 -0.044967
0.323515 -0.044905
0.333579 -0.044813
0.343716 -0.044697
0.353920 -0.044559
0.364188 -0.044404
0.374513 -0.044237
0.384893 -0.044061
0.395320 -0.043881
0.405792 -0.043696
0.416304 -0.043482
0.426852 -0.043236
0.437430 -0.042961
0.448034 -0.042656
0.458658 -0.042324
0.469298 -0.041965
0.479947 -0.041582
0.490601 -0.041176
0.501254 -0.040748
0.511903 -0.040265
0.522543 -0.039711
0.533170 -0.039097
0.543779 -0.038431
0.554364 -0.037724
0.564921 -0.036985
0.575446 -0.036223
0.585933 -0.035448
0.596378 -0.034670
0.606776 -0.033887
0.617122 -0.033070
0.627414 -0.032221
0.637644 -0.031346
0.647810 -0.030446
0.657906 -0.029528
0.667929 -0.028595
0.677873 -0.027651
0.687734 -0.026700
0.697508 -0.025745
0.707189 -0.024777
0.716773 -0.023771
0.726255 -0.022737
0.735632 -0.021686
0.744902 -0.020630
0.754061 -0.019578
0.763105 -0.018540
0.772031 -0.017525
0.780837 -0.016542
0.789519 -0.015597
0.798074 -0.014697
0.806497 -0.013833
0.814782 -0.012975
0.822926 -0.012126
0.830925 -0.011295
0.838777 -0.010486
0.846477 -0.009704
0.854023 -0.008954
0.861411 -0.008240
0.868639 -0.007565
0.875702 -0.006931
0.882598 -0.006341
0.889324 -0.005795
0.895877 -0.005296
0.902254 -0.004843
0.908453 -0.004428
0.914470 -0.004044
0.920303 -0.003690
0.925949 -0.003362
0.931403 -0.003058
0.936664 -0.002775
0.941729 -0.002512
0.946596 -0.002267
0.951261 -0.002039
0.955723 -0.001825
0.959981 -0.001625
0.964032 -0.001439
0.967875 -0.001267
0.971507 -0.001108
0.974928 -0.000961
0.978135 -0.000827
0.981128 -0.000704
0.983904 -0.000593
0.986463 -0.000493
0.988804 -0.000403
0.990925 -0.000324
0.992825 -0.000253
0.994503 -0.000192
0.995960 -0.000140
0.997193 -0.000097
0.998203 -0.000062
0.998989 -0.000035
0.999551 -0.000015
0.999888 -0.000004
1.000000 -0.000000