l188root
1.000000 0.001400
0.999888 0.001423
0.999551 0.001493
0.998990 0.001610
0.998204 0.001773
0.997195 0.001984
0.995963 0.002243
0.994509 0.002549
0.992832 0.002904
0.990935 0.003307
0.988818 0.003760
0.986482 0.004261
0.983929 0.004812
0.981158 0.005412
0.978173 0.006063
0.974974 0.006765
0.971563 0.007517
0.967942 0.008319
0.964112 0.009172
0.960074 0.010076
0.955832 0.011029
0.951386 0.012033
0.946739 0.013087
0.941892 0.014190
0.936849 0.015342
0.931611 0.016543
0.926181 0.017792
0.920560 0.019086
0.914752 0.020428
0.908759 0.021814
0.902582 0.023243
0.896226 0.024714
0.889692 0.026226
0.882982 0.027775
0.876101 0.029361
0.869050 0.030982
0.861832 0.032634
0.854450 0.034313
0.846907 0.036021
0.839205 0.037751
0.831346 0.039494
0.823336 0.041258
0.815175 0.043031
0.806863 0.044793
0.798405 0.046543
0.789803 0.048284
0.781063 0.050012
0.772189 0.051725
0.763183 0.053423
0.754051 0.055107
0.744797 0.056779
0.735426 0.058437
0.725941 0.060079
0.716346 0.061698
0.706646 0.063299
0.696845 0.064878
0.686947 0.066427
0.676956 0.067949
0.666877 0.069444
0.656714 0.070902
0.646471 0.072322
0.636154 0.073709
0.625766 0.075053
0.615312 0.076347
0.604797 0.077602
0.594226 0.078807
0.583603 0.079951
0.572933 0.081049
0.562221 0.082092
0.551472 0.083064
0.540690 0.083978
0.529882 0.084835
0.519051 0.085614
0.508204 0.086320
0.497344 0.086973
0.486478 0.087540
0.475612 0.088015
0.464748 0.088450
0.453894 0.088791
0.443056 0.088993
0.432237 0.089147
0.421443 0.089251
0.410682 0.089275
0.399956 0.089178
0.389272 0.088994
0.378635 0.088779
0.368050 0.088503
0.357521 0.088142
0.347055 0.087734
0.336655 0.087286
0.326326 0.086770
0.316074 0.086206
0.305904 0.085602
0.295819 0.084938
0.285825 0.084226
0.275927 0.083475
0.266129 0.082670
0.256435 0.081819
0.246850 0.080930
0.237380 0.079994
0.228027 0.079014
0.218797 0.077995
0.209694 0.076933
0.200723 0.075828
0.191888 0.074686
0.183192 0.073504
0.174641 0.072281
0.166239 0.071020
0.157989 0.069721
0.149896 0.068381
0.141965 0.067003
0.134200 0.065588
0.126603 0.064133
0.119180 0.062640
0.111936 0.061110
0.104872 0.059540
0.097996 0.057930
0.091312 0.056282
0.084819 0.054593
0.078527 0.052863
0.072441 0.051095
0.066559 0.049283
0.060892 0.047430
0.055447 0.045537
0.050217 0.043600
0.045219 0.041620
0.040462 0.039600
0.035932 0.037535
0.031655 0.035428
0.027640 0.033284
0.023865 0.031099
0.020372 0.028881
0.017164 0.026634
0.014207 0.024358
0.011567 0.022073
0.009234 0.019789
0.007149 0.017509
0.005404 0.015274
0.003984 0.013108
0.002748 0.011009
0.001803 0.009034
0.001201 0.007227
0.000793 0.005581
0.000470 0.004111
0.000244 0.002850
0.000106 0.001817
0.000035 0.001018
0.000007 0.000450
0.000000 0.000112
0.000000 0.000000
0.000000 -0.000112
0.000008 -0.000450
0.000038 -0.001016
0.000115 -0.001811
0.000266 -0.002834
0.000511 -0.004073
0.000861 -0.005504
0.001307 -0.007082
0.002060 -0.008813
0.003216 -0.010673
0.004657 -0.012575
0.006347 -0.014461
0.008455 -0.016351
0.010865 -0.018185
0.013548 -0.019944
0.016569 -0.021644
0.019849 -0.023261
0.023390 -0.024804
0.027206 -0.026277
0.031254 -0.027676
0.035542 -0.029011
0.040069 -0.030284
0.044813 -0.031493
0.049779 -0.032648
0.054963 -0.033749
0.060352 -0.034797
0.065947 -0.035799
0.071746 -0.036755
0.077738 -0.037666
0.083925 -0.038538
0.090302 -0.039370
0.096863 -0.040164
0.103606 -0.040924
0.110528 -0.041650
0.117624 -0.042342
0.124891 -0.043003
0.132326 -0.043635
0.139924 -0.044236
0.147681 -0.044810
0.155596 -0.045358
0.163662 -0.045879
0.171877 -0.046373
0.180237 -0.046844
0.188738 -0.047289
0.197376 -0.047708
0.206147 -0.048106
0.215046 -0.048481
0.224071 -0.048827
0.233216 -0.049154
0.242478 -0.049458
0.251853 -0.049734
0.261336 -0.049989
0.270922 -0.050223
0.280609 -0.050426
0.290390 -0.050606
0.300262 -0.050767
0.310221 -0.050894
0.320261 -0.050987
0.330379 -0.051069
0.340570 -0.051120
0.350828 -0.051124
0.361151 -0.051103
0.371532 -0.051067
0.381967 -0.051019
0.392451 -0.050914
0.402981 -0.050756
0.413549 -0.050566
0.424151 -0.050315
0.434784 -0.049985
0.445440 -0.049609
0.456116 -0.049193
0.466806 -0.048708
0.477506 -0.048174
0.488211 -0.047604
0.498915 -0.046977
0.509614 -0.046302
0.520303 -0.045595
0.530978 -0.044843
0.541633 -0.044049
0.552264 -0.043225
0.562866 -0.042368
0.573434 -0.041475
0.583965 -0.040556
0.594452 -0.039615
0.604892 -0.038645
0.615281 -0.037655
0.625613 -0.036652
0.635884 -0.035630
0.646091 -0.034594
0.656228 -0.033551
0.666291 -0.032500
0.676276 -0.031441
0.686179 -0.030382
0.695996 -0.029325
0.705722 -0.028267
0.715353 -0.027217
0.724886 -0.026177
0.734316 -0.025144
0.743639 -0.024125
0.752852 -0.023126
0.761950 -0.022141
0.770929 -0.021177
0.779788 -0.020246
0.788522 -0.019347
0.797126 -0.018479
0.805598 -0.017649
0.813934 -0.016863
0.822130 -0.016118
0.830181 -0.015401
0.838084 -0.014705
0.845834 -0.014034
0.853428 -0.013385
0.860862 -0.012755
0.868134 -0.012146
0.875239 -0.011556
0.882175 -0.010984
0.888938 -0.010429
0.895526 -0.009893
0.901934 -0.009373
0.908162 -0.008870
0.914204 -0.008383
0.920060 -0.007912
0.925726 -0.007457
0.931200 -0.007019
0.936479 -0.006597
0.941560 -0.006190
0.946443 -0.005799
0.951124 -0.005423
0.955601 -0.005063
0.959872 -0.004719
0.963936 -0.004392
0.967791 -0.004080
0.971434 -0.003784
0.974865 -0.003504
0.978082 -0.003241
0.981083 -0.002994
0.983866 -0.002764
0.986432 -0.002551
0.988778 -0.002356
0.990904 -0.002177
0.992809 -0.002017
0.994491 -0.001874
0.995951 -0.001749
0.997187 -0.001643
0.998199 -0.001555
0.998987 -0.001487
0.999550 -0.001439
0.999887 -0.001410
1.000000 -0.001400