l7769
1.000000 0.000000
0.999885 0.000009
0.999541 0.000037
0.998966 0.000083
0.998163 0.000147
0.997131 0.000230
0.995870 0.000331
0.994381 0.000451
0.992666 0.000589
0.990723 0.000746
0.988555 0.000921
0.986163 0.001115
0.983547 0.001327
0.980708 0.001558
0.977649 0.001808
0.974370 0.002077
0.970872 0.002364
0.967158 0.002671
0.963229 0.002996
0.959087 0.003340
0.954733 0.003703
0.950170 0.004086
0.945400 0.004486
0.940424 0.004904
0.935245 0.005340
0.929865 0.005795
0.924287 0.006270
0.918513 0.006766
0.912547 0.007284
0.906390 0.007827
0.900047 0.008396
0.893518 0.008986
0.886807 0.009592
0.879916 0.010215
0.872848 0.010856
0.865608 0.011518
0.858199 0.012202
0.850624 0.012912
0.842888 0.013650
0.834994 0.014419
0.826947 0.015223
0.818750 0.016066
0.810409 0.016951
0.801928 0.017883
0.793309 0.018868
0.784557 0.019910
0.775674 0.021007
0.766665 0.022158
0.757534 0.023361
0.748286 0.024614
0.738926 0.025915
0.729457 0.027260
0.719884 0.028647
0.710213 0.030073
0.700447 0.031533
0.690590 0.033035
0.680646 0.034591
0.670619 0.036200
0.660516 0.037862
0.650341 0.039574
0.640099 0.041338
0.629796 0.043150
0.619438 0.045010
0.609029 0.046917
0.598576 0.048869
0.588087 0.050903
0.577568 0.053030
0.567020 0.055231
0.556445 0.057488
0.545844 0.059782
0.535219 0.062094
0.524571 0.064404
0.513902 0.066691
0.503213 0.068937
0.492511 0.071171
0.481816 0.073505
0.471129 0.075897
0.460448 0.078299
0.449775 0.080660
0.439108 0.082929
0.428448 0.085059
0.417794 0.087001
0.407147 0.088709
0.396506 0.090155
0.385876 0.091562
0.375265 0.092968
0.364684 0.094328
0.354142 0.095599
0.343648 0.096737
0.333212 0.097703
0.322843 0.098459
0.312549 0.098966
0.302340 0.099192
0.292215 0.099142
0.282163 0.098906
0.272193 0.098511
0.262315 0.097981
0.252538 0.097338
0.242870 0.096603
0.233320 0.095798
0.223897 0.094941
0.214606 0.094052
0.205457 0.093147
0.196454 0.092218
0.187590 0.091055
0.178873 0.089665
0.170312 0.088116
0.161916 0.086466
0.153696 0.084774
0.145654 0.083062
0.137779 0.081235
0.130078 0.079302
0.122558 0.077286
0.115225 0.075210
0.108087 0.073095
0.101147 0.070960
0.094405 0.068778
0.087866 0.066490
0.081546 0.064121
0.075464 0.061692
0.069606 0.059207
0.063957 0.056659
0.058543 0.054060
0.053382 0.051423
0.048487 0.048759
0.043817 0.046057
0.039369 0.043334
0.035156 0.040610
0.031186 0.037907
0.027465 0.035242
0.023986 0.032631
0.020633 0.030072
0.017516 0.027537
0.014771 0.025009
0.012485 0.022481
0.010422 0.019912
0.008408 0.017328
0.006551 0.014812
0.004916 0.012427
0.003541 0.010217
0.002432 0.008210
0.001579 0.006424
0.000957 0.004866
0.000532 0.003536
0.000262 0.002430
0.000110 0.001540
0.000035 0.000859
0.000007 0.000380
0.000000 0.000095
0.000000 0.000000
0.000001 -0.000095
0.000010 -0.000381
0.000051 -0.000864
0.000160 -0.001552
0.000381 -0.002455
0.000768 -0.003577
0.001374 -0.004921
0.002250 -0.006474
0.003432 -0.008211
0.004939 -0.010083
0.006762 -0.012016
0.008852 -0.013897
0.011113 -0.015572
0.013453 -0.016873
0.016320 -0.017994
0.019720 -0.018982
0.023428 -0.019808
0.027202 -0.020486
0.031185 -0.021162
0.035404 -0.021812
0.039850 -0.022384
0.044508 -0.022806
0.049364 -0.022997
0.054411 -0.023000
0.059666 -0.023000
0.065120 -0.023000
0.070766 -0.023000
0.076594 -0.022990
0.082604 -0.022799
0.088795 -0.022423
0.095164 -0.021950
0.101706 -0.021481
0.108416 -0.020947
0.115293 -0.020318
0.122335 -0.019620
0.129541 -0.018884
0.136910 -0.018148
0.144442 -0.017452
0.152135 -0.016839
0.159985 -0.016256
0.167988 -0.015682
0.176138 -0.015130
0.184432 -0.014613
0.192866 -0.014143
0.201435 -0.013737
0.210137 -0.013364
0.218968 -0.013006
0.227923 -0.012663
0.236999 -0.012335
0.246191 -0.012024
0.255494 -0.011730
0.264905 -0.011454
0.274419 -0.011195
0.284031 -0.010954
0.293737 -0.010732
0.303532 -0.010529
0.313412 -0.010345
0.323374 -0.010177
0.333414 -0.010022
0.343525 -0.009877
0.353704 -0.009738
0.363947 -0.009603
0.374248 -0.009466
0.384603 -0.009325
0.395006 -0.009176
0.405454 -0.009015
0.415942 -0.008850
0.426465 -0.008681
0.437019 -0.008511
0.447599 -0.008339
0.458200 -0.008167
0.468817 -0.007995
0.479447 -0.007824
0.490083 -0.007655
0.500722 -0.007489
0.511359 -0.007325
0.521988 -0.007164
0.532606 -0.007004
0.543207 -0.006845
0.553787 -0.006688
0.564341 -0.006531
0.574864 -0.006375
0.585352 -0.006219
0.595800 -0.006063
0.606204 -0.005907
0.616558 -0.005752
0.626858 -0.005597
0.637100 -0.005443
0.647279 -0.005291
0.657390 -0.005139
0.667430 -0.004989
0.677392 -0.004839
0.687274 -0.004691
0.697071 -0.004544
0.706778 -0.004398
0.716391 -0.004253
0.725906 -0.004109
0.735318 -0.003966
0.744624 -0.003825
0.753819 -0.003686
0.762899 -0.003549
0.771860 -0.003415
0.780698 -0.003283
0.789409 -0.003154
0.797990 -0.003029
0.806436 -0.002908
0.814744 -0.002790
0.822910 -0.002677
0.830931 -0.002567
0.838802 -0.002459
0.846521 -0.002354
0.854084 -0.002251
0.861487 -0.002150
0.868727 -0.002050
0.875802 -0.001951
0.882707 -0.001853
0.889440 -0.001756
0.895998 -0.001660
0.902378 -0.001564
0.908576 -0.001468
0.914592 -0.001374
0.920420 -0.001280
0.926060 -0.001189
0.931509 -0.001100
0.936763 -0.001014
0.941821 -0.000932
0.946681 -0.000853
0.951341 -0.000779
0.955797 -0.000707
0.960049 -0.000639
0.964094 -0.000574
0.967931 -0.000513
0.971558 -0.000455
0.974974 -0.000400
0.978176 -0.000349
0.981163 -0.000301
0.983935 -0.000257
0.986489 -0.000216
0.988826 -0.000179
0.990942 -0.000145
0.992839 -0.000115
0.994514 -0.000088
0.995968 -0.000065
0.997199 -0.000045
0.998207 -0.000029
0.998991 -0.000016
0.999551 -0.000007
0.999888 -0.000002
1.000000 -0.000000