lds2
1.000000 0.000000
0.999887 0.000020
0.999550 0.000082
0.998988 0.000183
0.998201 0.000326
0.997190 0.000509
0.995955 0.000732
0.994497 0.000996
0.992816 0.001299
0.990914 0.001643
0.988790 0.002026
0.986446 0.002448
0.983883 0.002909
0.981102 0.003408
0.978105 0.003946
0.974892 0.004521
0.971464 0.005134
0.967824 0.005784
0.963974 0.006470
0.959913 0.007191
0.955645 0.007948
0.951172 0.008740
0.946494 0.009565
0.941615 0.010422
0.936535 0.011310
0.931258 0.012230
0.925786 0.013181
0.920122 0.014165
0.914267 0.015182
0.908226 0.016234
0.902001 0.017321
0.895596 0.018445
0.889012 0.019603
0.882252 0.020794
0.875320 0.022016
0.868218 0.023269
0.860949 0.024550
0.853517 0.025857
0.845924 0.027191
0.838174 0.028553
0.830271 0.029941
0.822218 0.031354
0.814018 0.032787
0.805674 0.034236
0.797189 0.035700
0.788569 0.037182
0.779816 0.038682
0.770934 0.040194
0.761926 0.041713
0.752796 0.043236
0.743548 0.044761
0.734186 0.046293
0.724714 0.047828
0.715136 0.049359
0.705456 0.050880
0.695677 0.052389
0.685804 0.053894
0.675841 0.055389
0.665793 0.056868
0.655663 0.058322
0.645455 0.059749
0.635175 0.061159
0.624826 0.062548
0.614414 0.063904
0.603941 0.065220
0.593414 0.066493
0.582836 0.067741
0.572212 0.068952
0.561547 0.070114
0.550845 0.071216
0.540113 0.072270
0.529353 0.073291
0.518570 0.074259
0.507772 0.075155
0.496961 0.075961
0.486142 0.076730
0.475320 0.077455
0.464502 0.078101
0.453692 0.078634
0.442897 0.079053
0.432118 0.079444
0.421362 0.079785
0.410636 0.080040
0.399946 0.080176
0.389296 0.080226
0.378690 0.080267
0.368134 0.080297
0.357634 0.080315
0.347195 0.080317
0.336822 0.080174
0.326518 0.079865
0.316289 0.079458
0.306140 0.079018
0.296076 0.078596
0.286100 0.078134
0.276216 0.077617
0.266432 0.077052
0.256751 0.076446
0.247180 0.075806
0.237721 0.075100
0.228378 0.074329
0.219156 0.073508
0.210060 0.072651
0.201094 0.071770
0.192263 0.070843
0.183572 0.069845
0.175025 0.068803
0.166625 0.067725
0.158376 0.066603
0.150283 0.065442
0.142349 0.064246
0.134577 0.063011
0.126975 0.061731
0.119547 0.060402
0.112294 0.059024
0.105223 0.057600
0.098340 0.056136
0.091641 0.054634
0.085131 0.053090
0.078825 0.051500
0.072729 0.049861
0.066832 0.048171
0.061141 0.046438
0.055665 0.044669
0.050415 0.042872
0.045389 0.041024
0.040598 0.039099
0.036062 0.037118
0.031750 0.035096
0.027699 0.033019
0.023953 0.030879
0.020442 0.028682
0.017189 0.026450
0.014249 0.024204
0.011642 0.021957
0.009290 0.019674
0.007215 0.017401
0.005449 0.015195
0.003936 0.013074
0.002667 0.011012
0.001863 0.009061
0.001285 0.007219
0.000816 0.005531
0.000470 0.004046
0.000239 0.002789
0.000102 0.001770
0.000033 0.000987
0.000007 0.000436
0.000000 0.000108
0.000000 0.000000
0.000001 -0.000108
0.000019 -0.000435
0.000092 -0.000983
0.000274 -0.001753
0.000618 -0.002735
0.001148 -0.003902
0.001837 -0.005194
0.002738 -0.006553
0.004082 -0.007963
0.005696 -0.009296
0.007630 -0.010601
0.009894 -0.011872
0.012410 -0.013069
0.015153 -0.014185
0.018180 -0.015251
0.021464 -0.016273
0.024964 -0.017272
0.028672 -0.018245
0.032614 -0.019179
0.036773 -0.020094
0.041137 -0.021006
0.045714 -0.021900
0.050499 -0.022768
0.055486 -0.023622
0.060676 -0.024472
0.066064 -0.025311
0.071648 -0.026136
0.077422 -0.026943
0.083389 -0.027731
0.089545 -0.028501
0.095885 -0.029252
0.102405 -0.029986
0.109103 -0.030703
0.115978 -0.031399
0.123024 -0.032077
0.130239 -0.032734
0.137619 -0.033373
0.145161 -0.033990
0.152860 -0.034586
0.160715 -0.035167
0.168721 -0.035722
0.176876 -0.036232
0.185175 -0.036702
0.193616 -0.037139
0.202192 -0.037540
0.210899 -0.037944
0.219735 -0.038349
0.228695 -0.038729
0.237775 -0.039056
0.246970 -0.039302
0.256278 -0.039464
0.265695 -0.039611
0.275215 -0.039738
0.284834 -0.039835
0.294547 -0.039891
0.304349 -0.039894
0.314237 -0.039845
0.324206 -0.039752
0.334251 -0.039629
0.344367 -0.039485
0.354549 -0.039320
0.364794 -0.039074
0.375096 -0.038761
0.385451 -0.038403
0.395854 -0.038023
0.406300 -0.037628
0.416785 -0.037183
0.427304 -0.036696
0.437852 -0.036176
0.448424 -0.035635
0.459016 -0.035066
0.469622 -0.034454
0.480239 -0.033812
0.490862 -0.033155
0.501487 -0.032496
0.512108 -0.031828
0.522722 -0.031145
0.533324 -0.030454
0.543908 -0.029758
0.554472 -0.029063
0.565008 -0.028362
0.575514 -0.027657
0.585985 -0.026953
0.596416 -0.026254
0.606802 -0.025565
0.617140 -0.024881
0.627424 -0.024203
0.637650 -0.023531
0.647813 -0.022865
0.657909 -0.022206
0.667933 -0.021555
0.677881 -0.020911
0.687748 -0.020272
0.697530 -0.019639
0.707222 -0.019009
0.716820 -0.018385
0.726321 -0.017767
0.735719 -0.017157
0.745011 -0.016556
0.754192 -0.015965
0.763259 -0.015385
0.772207 -0.014816
0.781033 -0.014255
0.789731 -0.013701
0.798300 -0.013154
0.806734 -0.012613
0.815029 -0.012080
0.823183 -0.011555
0.831191 -0.011038
0.839051 -0.010530
0.846758 -0.010031
0.854309 -0.009542
0.861701 -0.009063
0.868930 -0.008593
0.875994 -0.008134
0.882888 -0.007685
0.889611 -0.007247
0.896159 -0.006820
0.902529 -0.006403
0.908718 -0.005998
0.914724 -0.005604
0.920544 -0.005222
0.926175 -0.004852
0.931615 -0.004494
0.936861 -0.004149
0.941912 -0.003817
0.946764 -0.003498
0.951416 -0.003192
0.955866 -0.002900
0.960111 -0.002621
0.964150 -0.002356
0.967981 -0.002104
0.971603 -0.001866
0.975013 -0.001642
0.978210 -0.001432
0.981193 -0.001236
0.983960 -0.001054
0.986510 -0.000886
0.988843 -0.000733
0.990956 -0.000594
0.992850 -0.000470
0.994523 -0.000360
0.995974 -0.000265
0.997203 -0.000184
0.998209 -0.000118
0.998992 -0.000066
0.999552 -0.000029
0.999888 -0.000007
1.000000 -0.000000