lg10sc
1.000000 0.001500
0.999888 0.001517
0.999551 0.001567
0.998989 0.001652
0.998203 0.001769
0.997193 0.001921
0.995959 0.002105
0.994503 0.002323
0.992824 0.002573
0.990923 0.002856
0.988801 0.003172
0.986460 0.003519
0.983900 0.003899
0.981121 0.004309
0.978127 0.004750
0.974917 0.005222
0.971493 0.005724
0.967856 0.006256
0.964009 0.006817
0.959952 0.007407
0.955688 0.008023
0.951219 0.008666
0.946545 0.009333
0.941669 0.010024
0.936594 0.010740
0.931322 0.011479
0.925854 0.012241
0.920193 0.013027
0.914343 0.013834
0.908304 0.014662
0.902081 0.015509
0.895674 0.016372
0.889088 0.017252
0.882325 0.018147
0.875388 0.019059
0.868280 0.019988
0.861005 0.020931
0.853565 0.021887
0.845963 0.022850
0.838203 0.023821
0.830288 0.024801
0.822221 0.025789
0.814007 0.026786
0.805649 0.027789
0.797151 0.028796
0.788515 0.029806
0.779747 0.030818
0.770849 0.031831
0.761826 0.032845
0.752681 0.033857
0.743419 0.034864
0.734044 0.035867
0.724559 0.036866
0.714970 0.037860
0.705280 0.038849
0.695493 0.039830
0.685615 0.040805
0.675648 0.041768
0.665598 0.042718
0.655469 0.043654
0.645265 0.044574
0.634991 0.045479
0.624652 0.046370
0.614252 0.047249
0.603797 0.048113
0.593289 0.048956
0.582735 0.049781
0.572138 0.050585
0.561505 0.051369
0.550838 0.052131
0.540143 0.052872
0.529426 0.053591
0.518690 0.054284
0.507940 0.054953
0.497182 0.055596
0.486420 0.056212
0.475658 0.056804
0.464903 0.057378
0.454159 0.057927
0.443430 0.058441
0.432720 0.058926
0.422036 0.059385
0.411383 0.059823
0.400764 0.060232
0.390184 0.060611
0.379649 0.060964
0.369162 0.061286
0.358730 0.061584
0.348356 0.061850
0.338045 0.062097
0.327802 0.062319
0.317631 0.062499
0.307538 0.062667
0.297526 0.062815
0.287600 0.062916
0.277764 0.062950
0.268024 0.062967
0.258383 0.062978
0.248846 0.062976
0.239417 0.062913
0.230101 0.062798
0.220902 0.062662
0.211823 0.062493
0.202870 0.062267
0.194047 0.061998
0.185359 0.061693
0.176808 0.061319
0.168400 0.060882
0.160141 0.060396
0.152034 0.059847
0.144080 0.059213
0.136289 0.058507
0.128669 0.057741
0.121219 0.056881
0.113941 0.055921
0.106844 0.054886
0.099934 0.053797
0.093217 0.052616
0.086699 0.051307
0.080387 0.049920
0.074277 0.048443
0.068386 0.046880
0.062719 0.045225
0.057272 0.043471
0.052067 0.041642
0.047099 0.039729
0.042370 0.037731
0.037897 0.035683
0.033675 0.033570
0.029699 0.031412
0.025976 0.029253
0.022483 0.027096
0.019242 0.024937
0.016275 0.022785
0.013545 0.020640
0.011080 0.018518
0.008902 0.016434
0.006943 0.014392
0.005261 0.012411
0.003888 0.010510
0.002684 0.008691
0.001735 0.006990
0.001106 0.005441
0.000696 0.004044
0.000376 0.002813
0.000168 0.001793
0.000056 0.001002
0.000012 0.000442
0.000001 0.000110
0.000000 0.000000
0.000001 -0.000110
0.000017 -0.000445
0.000084 -0.001012
0.000246 -0.001811
0.000544 -0.002813
0.000981 -0.003933
0.001700 -0.005084
0.002965 -0.006281
0.004527 -0.007425
0.006337 -0.008480
0.008481 -0.009482
0.010837 -0.010467
0.013435 -0.011433
0.016276 -0.012375
0.019335 -0.013302
0.022628 -0.014210
0.026145 -0.015097
0.029878 -0.015965
0.033832 -0.016814
0.038000 -0.017645
0.042378 -0.018463
0.046966 -0.019265
0.051759 -0.020052
0.056754 -0.020827
0.061950 -0.021589
0.067344 -0.022336
0.072932 -0.023068
0.078713 -0.023785
0.084684 -0.024486
0.090841 -0.025172
0.097182 -0.025839
0.103703 -0.026486
0.110402 -0.027129
0.117274 -0.027762
0.124317 -0.028381
0.131527 -0.028982
0.138902 -0.029567
0.146439 -0.030136
0.154133 -0.030688
0.161981 -0.031220
0.169980 -0.031735
0.178126 -0.032232
0.186415 -0.032711
0.194843 -0.033173
0.203407 -0.033619
0.212102 -0.034049
0.220925 -0.034457
0.229872 -0.034846
0.238939 -0.035218
0.248122 -0.035569
0.257415 -0.035898
0.266817 -0.036212
0.276321 -0.036503
0.285925 -0.036766
0.295622 -0.037011
0.305411 -0.037239
0.315284 -0.037443
0.325239 -0.037621
0.335271 -0.037782
0.345375 -0.037919
0.355547 -0.038026
0.365782 -0.038117
0.376076 -0.038174
0.386423 -0.038209
0.396820 -0.038229
0.407262 -0.038218
0.417743 -0.038170
0.428260 -0.038110
0.438807 -0.038026
0.449379 -0.037917
0.459973 -0.037778
0.470583 -0.037606
0.481204 -0.037419
0.491832 -0.037208
0.502462 -0.036973
0.513088 -0.036707
0.523707 -0.036416
0.534314 -0.036108
0.544903 -0.035777
0.555471 -0.035423
0.566011 -0.035042
0.576520 -0.034641
0.586993 -0.034217
0.597425 -0.033772
0.607812 -0.033311
0.618148 -0.032830
0.628430 -0.032332
0.638653 -0.031816
0.648811 -0.031284
0.658901 -0.030733
0.668918 -0.030164
0.678858 -0.029582
0.688715 -0.028985
0.698487 -0.028376
0.708168 -0.027756
0.717754 -0.027126
0.727242 -0.026488
0.736626 -0.025840
0.745903 -0.025185
0.755068 -0.024521
0.764117 -0.023848
0.773047 -0.023170
0.781853 -0.022488
0.790532 -0.021803
0.799080 -0.021115
0.807492 -0.020425
0.815766 -0.019734
0.823898 -0.019044
0.831884 -0.018357
0.839720 -0.017673
0.847404 -0.016992
0.854931 -0.016315
0.862299 -0.015642
0.869504 -0.014974
0.876543 -0.014315
0.883413 -0.013663
0.890111 -0.013021
0.896634 -0.012388
0.902980 -0.011768
0.909145 -0.011160
0.915127 -0.010565
0.920923 -0.009983
0.926531 -0.009414
0.931947 -0.008858
0.937171 -0.008317
0.942198 -0.007792
0.947029 -0.007284
0.951659 -0.006794
0.956088 -0.006323
0.960313 -0.005871
0.964333 -0.005439
0.968146 -0.005026
0.971749 -0.004635
0.975142 -0.004264
0.978323 -0.003916
0.981291 -0.003589
0.984044 -0.003285
0.986582 -0.003003
0.988902 -0.002745
0.991004 -0.002511
0.992888 -0.002300
0.994552 -0.002114
0.995995 -0.001951
0.997218 -0.001814
0.998219 -0.001701
0.998998 -0.001613
0.999555 -0.001550
0.999889 -0.001513
1.000000 -0.001500