lnv109a
1.000000 0.000000
0.999883 0.000011
0.999533 0.000045
0.998950 0.000101
0.998134 0.000178
0.997084 0.000274
0.995803 0.000388
0.994289 0.000515
0.992543 0.000651
0.990566 0.000793
0.988358 0.000946
0.985922 0.001117
0.983259 0.001308
0.980369 0.001515
0.977254 0.001743
0.973917 0.001995
0.970357 0.002271
0.966578 0.002571
0.962580 0.002897
0.958366 0.003250
0.953938 0.003632
0.949298 0.004043
0.944447 0.004486
0.939389 0.004960
0.934126 0.005468
0.928660 0.006010
0.922994 0.006588
0.917131 0.007202
0.911073 0.007854
0.904823 0.008545
0.898385 0.009275
0.891761 0.010047
0.884954 0.010861
0.877969 0.011718
0.870807 0.012619
0.863473 0.013565
0.855970 0.014556
0.848302 0.015595
0.840471 0.016679
0.832483 0.017813
0.824341 0.018994
0.816048 0.020225
0.807608 0.021506
0.799027 0.022837
0.790307 0.024218
0.781452 0.025651
0.772468 0.027134
0.763358 0.028670
0.754126 0.030257
0.744778 0.031896
0.735316 0.033587
0.725746 0.035331
0.716073 0.037125
0.706299 0.038971
0.696432 0.040868
0.686474 0.042816
0.676430 0.044815
0.666305 0.046863
0.656105 0.048960
0.645832 0.051107
0.635493 0.053300
0.625092 0.055540
0.614633 0.057827
0.604121 0.060156
0.593561 0.062529
0.582957 0.064943
0.572315 0.067396
0.561639 0.069888
0.550933 0.072414
0.540201 0.074971
0.529449 0.077559
0.518680 0.080171
0.507898 0.082805
0.497109 0.085461
0.486315 0.088128
0.475523 0.090810
0.464734 0.093500
0.453954 0.096192
0.443189 0.098892
0.432436 0.101571
0.421701 0.104231
0.410987 0.106868
0.400276 0.109365
0.389571 0.111747
0.378875 0.113976
0.368180 0.115900
0.357487 0.117611
0.346816 0.119070
0.336179 0.120243
0.325579 0.121252
0.315035 0.121944
0.304552 0.122401
0.294138 0.122719
0.283810 0.122766
0.273568 0.122578
0.263426 0.122265
0.253393 0.121792
0.243472 0.121013
0.233677 0.120103
0.224010 0.119008
0.214480 0.117724
0.205097 0.116318
0.195862 0.114729
0.186785 0.113006
0.177872 0.111149
0.169125 0.109143
0.160556 0.107030
0.152165 0.104780
0.143961 0.102420
0.135948 0.099962
0.128127 0.097394
0.120507 0.094748
0.113088 0.092015
0.105874 0.089207
0.098873 0.086340
0.092081 0.083405
0.085510 0.080422
0.079158 0.077390
0.073028 0.074315
0.067130 0.071210
0.061456 0.068072
0.056020 0.064912
0.050821 0.061737
0.045857 0.058548
0.041144 0.055357
0.036669 0.052165
0.032446 0.048981
0.028478 0.045811
0.024756 0.042660
0.021308 0.039536
0.018105 0.036444
0.015174 0.033390
0.012534 0.030378
0.010137 0.027419
0.008064 0.024522
0.006270 0.021692
0.004726 0.018952
0.003513 0.016338
0.002533 0.013856
0.001726 0.011525
0.001143 0.009383
0.000784 0.007452
0.000511 0.005717
0.000300 0.004196
0.000155 0.002905
0.000067 0.001852
0.000022 0.001038
0.000004 0.000460
0.000000 0.000115
0.000000 0.000000
0.000000 -0.000115
0.000004 -0.000458
0.000020 -0.001030
0.000061 -0.001829
0.000142 -0.002853
0.000277 -0.004097
0.000477 -0.005556
0.000741 -0.007218
0.001090 -0.009077
0.001695 -0.011140
0.002564 -0.013372
0.003631 -0.015712
0.004994 -0.018168
0.006749 -0.020680
0.008850 -0.023089
0.011451 -0.025449
0.014481 -0.027470
0.017986 -0.029198
0.021902 -0.030434
0.026120 -0.031127
0.030642 -0.031529
0.035347 -0.031492
0.040264 -0.031316
0.045371 -0.031057
0.050666 -0.030603
0.056151 -0.030063
0.061824 -0.029482
0.067682 -0.028833
0.073726 -0.028146
0.079951 -0.027410
0.086355 -0.026639
0.092938 -0.025839
0.099695 -0.025007
0.106625 -0.024155
0.113725 -0.023280
0.120992 -0.022387
0.128422 -0.021481
0.136014 -0.020561
0.143763 -0.019632
0.151667 -0.018695
0.159722 -0.017752
0.167924 -0.016806
0.176271 -0.015858
0.184759 -0.014910
0.193384 -0.013964
0.202142 -0.013019
0.211029 -0.012081
0.220042 -0.011148
0.229177 -0.010221
0.238429 -0.009306
0.247795 -0.008400
0.257271 -0.007506
0.266852 -0.006625
0.276533 -0.005756
0.286311 -0.004903
0.296182 -0.004066
0.306141 -0.003246
0.316183 -0.002446
0.326304 -0.001665
0.336500 -0.000904
0.346766 -0.000167
0.357098 0.000550
0.367490 0.001243
0.377939 0.001908
0.388439 0.002550
0.398986 0.003164
0.409575 0.003747
0.420201 0.004303
0.430861 0.004823
0.441547 0.005313
0.452258 0.005770
0.462986 0.006174
0.473728 0.006543
0.484479 0.006864
0.495233 0.007122
0.505987 0.007343
0.516734 0.007516
0.527469 0.007641
0.538189 0.007746
0.548887 0.007801
0.559558 0.007815
0.570199 0.007824
0.580805 0.007825
0.591369 0.007789
0.601889 0.007720
0.612358 0.007644
0.622773 0.007546
0.633129 0.007429
0.643420 0.007303
0.653644 0.007160
0.663794 0.007006
0.673867 0.006843
0.683858 0.006668
0.693762 0.006485
0.703576 0.006296
0.713294 0.006099
0.722913 0.005898
0.732428 0.005692
0.741836 0.005482
0.751131 0.005270
0.760310 0.005056
0.769368 0.004841
0.778303 0.004626
0.787109 0.004412
0.795783 0.004198
0.804321 0.003987
0.812719 0.003777
0.820973 0.003570
0.829081 0.003367
0.837037 0.003168
0.844840 0.002973
0.852484 0.002783
0.859968 0.002598
0.867286 0.002418
0.874438 0.002243
0.881418 0.002074
0.888224 0.001911
0.894854 0.001754
0.901303 0.001603
0.907569 0.001460
0.913650 0.001322
0.919543 0.001191
0.925244 0.001066
0.930752 0.000948
0.936064 0.000837
0.941178 0.000732
0.946092 0.000634
0.950802 0.000542
0.955308 0.000457
0.959606 0.000377
0.963696 0.000304
0.967576 0.000238
0.971243 0.000177
0.974696 0.000123
0.977934 0.000074
0.980954 0.000028
0.983756 -0.000011
0.986339 -0.000040
0.988701 -0.000064
0.990842 -0.000084
0.992760 -0.000095
0.994454 -0.000096
0.995923 -0.000084
0.997168 -0.000065
0.998187 -0.000044
0.998980 -0.000026
0.999546 -0.000012
0.999887 -0.000003
1.000000 -0.000000