ls413mod
1.000000 -0.004300
0.999888 -0.004273
0.999553 -0.004194
0.998994 -0.004061
0.998213 -0.003875
0.997208 -0.003637
0.995981 -0.003347
0.994532 -0.003006
0.992861 -0.002613
0.990970 -0.002170
0.988858 -0.001678
0.986527 -0.001136
0.983978 -0.000548
0.981211 0.000088
0.978228 0.000768
0.975029 0.001493
0.971616 0.002261
0.967990 0.003069
0.964153 0.003918
0.960105 0.004806
0.955850 0.005733
0.951389 0.006700
0.946724 0.007706
0.941856 0.008748
0.936788 0.009826
0.931522 0.010937
0.926059 0.012080
0.920403 0.013251
0.914554 0.014450
0.908516 0.015678
0.902293 0.016937
0.895888 0.018229
0.889302 0.019552
0.882539 0.020903
0.875602 0.022281
0.868493 0.023685
0.861216 0.025114
0.853774 0.026567
0.846170 0.028042
0.838407 0.029538
0.830489 0.031055
0.822418 0.032590
0.814200 0.034143
0.805836 0.035712
0.797331 0.037296
0.788690 0.038899
0.779914 0.040510
0.771004 0.042115
0.761966 0.043712
0.752804 0.045312
0.743525 0.046926
0.734133 0.048548
0.724628 0.050162
0.715015 0.051762
0.705297 0.053348
0.695479 0.054920
0.685566 0.056476
0.675562 0.058015
0.665471 0.059534
0.655298 0.061033
0.645047 0.062511
0.634724 0.063970
0.624330 0.065389
0.613869 0.066756
0.603347 0.068084
0.592771 0.069391
0.582146 0.070671
0.571474 0.071898
0.560760 0.073075
0.550008 0.074199
0.539225 0.075271
0.528414 0.076291
0.517582 0.077254
0.506732 0.078165
0.495871 0.079017
0.485003 0.079817
0.474133 0.080557
0.463267 0.081241
0.452410 0.081870
0.441566 0.082437
0.430742 0.082953
0.419941 0.083405
0.409170 0.083807
0.398433 0.084145
0.387735 0.084434
0.377081 0.084665
0.366477 0.084840
0.355928 0.084975
0.345438 0.084996
0.335012 0.084959
0.324655 0.084898
0.314373 0.084749
0.304171 0.084508
0.294054 0.084229
0.284025 0.083870
0.274091 0.083461
0.264256 0.082993
0.254524 0.082463
0.244901 0.081890
0.235389 0.081260
0.225996 0.080576
0.216726 0.079830
0.207583 0.079018
0.198571 0.078161
0.189694 0.077257
0.180956 0.076298
0.172367 0.075278
0.163927 0.074187
0.155642 0.073031
0.147518 0.071822
0.139556 0.070549
0.131761 0.069218
0.124140 0.067841
0.116689 0.066423
0.109417 0.064955
0.102334 0.063427
0.095445 0.061837
0.088742 0.060188
0.082241 0.058473
0.075961 0.056686
0.069900 0.054820
0.064045 0.052873
0.058411 0.050863
0.053012 0.048805
0.047853 0.046706
0.042930 0.044504
0.038283 0.042210
0.033921 0.039828
0.029818 0.037364
0.025989 0.034873
0.022416 0.032395
0.019057 0.029927
0.015966 0.027472
0.013179 0.025036
0.010674 0.022618
0.008397 0.020213
0.006419 0.017855
0.004780 0.015572
0.003351 0.013336
0.002277 0.011186
0.001632 0.009165
0.001110 0.007267
0.000698 0.005550
0.000399 0.004051
0.000201 0.002788
0.000086 0.001768
0.000028 0.000985
0.000006 0.000435
0.000000 0.000108
0.000000 0.000000
0.000002 -0.000108
0.000024 -0.000432
0.000116 -0.000970
0.000341 -0.001718
0.000752 -0.002668
0.001352 -0.003805
0.002054 -0.005104
0.002884 -0.006583
0.003971 -0.008190
0.005338 -0.009738
0.007098 -0.011236
0.009260 -0.012711
0.011723 -0.014105
0.014388 -0.015374
0.017367 -0.016554
0.020631 -0.017682
0.024119 -0.018813
0.027781 -0.020000
0.031664 -0.021196
0.035771 -0.022354
0.040106 -0.023427
0.044674 -0.024428
0.049456 -0.025393
0.054437 -0.026356
0.059622 -0.027318
0.065007 -0.028271
0.070588 -0.029204
0.076364 -0.030108
0.082334 -0.030985
0.088496 -0.031838
0.094844 -0.032664
0.101374 -0.033464
0.108084 -0.034238
0.114973 -0.034987
0.122034 -0.035709
0.129263 -0.036407
0.136660 -0.037081
0.144220 -0.037731
0.151939 -0.038352
0.159813 -0.038948
0.167840 -0.039519
0.176014 -0.040066
0.184332 -0.040594
0.192791 -0.041100
0.201387 -0.041574
0.210115 -0.042021
0.218973 -0.042440
0.227955 -0.042820
0.237058 -0.043164
0.246278 -0.043481
0.255609 -0.043773
0.265048 -0.044047
0.274591 -0.044290
0.284233 -0.044508
0.293970 -0.044700
0.303797 -0.044857
0.313711 -0.044993
0.323706 -0.045092
0.333778 -0.045151
0.343922 -0.045192
0.354134 -0.045191
0.364409 -0.045111
0.374743 -0.045002
0.385130 -0.044894
0.395567 -0.044764
0.406048 -0.044600
0.416568 -0.044390
0.427123 -0.044149
0.437708 -0.043870
0.448318 -0.043553
0.458948 -0.043202
0.469593 -0.042811
0.480249 -0.042388
0.490910 -0.041929
0.501572 -0.041422
0.512228 -0.040848
0.522874 -0.040227
0.533507 -0.039582
0.544121 -0.038900
0.554710 -0.038166
0.565269 -0.037375
0.575794 -0.036535
0.586278 -0.035645
0.596718 -0.034705
0.607109 -0.033721
0.617446 -0.032686
0.627723 -0.031609
0.637936 -0.030477
0.648082 -0.029319
0.658161 -0.028164
0.668166 -0.027003
0.678093 -0.025834
0.687936 -0.024654
0.697694 -0.023477
0.707364 -0.022316
0.716939 -0.021167
0.726417 -0.020030
0.735793 -0.018905
0.745063 -0.017792
0.754222 -0.016693
0.763267 -0.015608
0.772193 -0.014537
0.780997 -0.013476
0.789673 -0.012425
0.798221 -0.011407
0.806639 -0.010428
0.814920 -0.009480
0.823065 -0.008598
0.831070 -0.007785
0.838929 -0.006994
0.846638 -0.006238
0.854194 -0.005532
0.861594 -0.004891
0.868835 -0.004324
0.875913 -0.003842
0.882827 -0.003410
0.889574 -0.003030
0.896147 -0.002731
0.902543 -0.002526
0.908760 -0.002352
0.914794 -0.002211
0.920642 -0.002122
0.926299 -0.002103
0.931766 -0.002169
0.937039 -0.002302
0.942113 -0.002476
0.946984 -0.002672
0.951650 -0.002878
0.956111 -0.003160
0.960367 -0.003509
0.964412 -0.003901
0.968243 -0.004312
0.971859 -0.004727
0.975256 -0.005131
0.978436 -0.005541
0.981400 -0.005967
0.984146 -0.006395
0.986674 -0.006816
0.988983 -0.007223
0.991074 -0.007607
0.992946 -0.007964
0.994598 -0.008288
0.996030 -0.008575
0.997243 -0.008823
0.998235 -0.009028
0.999007 -0.009190
0.999559 -0.009306
0.999890 -0.009377
1.000000 -0.009400